kanazawa_266_310_182_131.png,3
kanazawa_266_310_61_73.png,6
kanazawa_266_310_68_100.png,6
kanazawa_266_310_57_221.png,6
kanazawa_266_310_40_262.png,6
kanazawa_266_310_132_278.png,5
kanazawa_266_310_180_238.png,3
kanazawa_266_310_70_50.png,6
kanazawa_266_310_76_260.png,6
kanazawa_266_310_199_119.png,3
kanazawa_266_310_152_136.png,3
kanazawa_266_310_212_48.png,5
kanazawa_266_310_32_110.png,6
kanazawa_266_310_75_127.png,5
kanazawa_266_310_207_37.png,6
kanazawa_266_310_213_52.png,3
kanazawa_266_310_209_169.png,3
kanazawa_266_310_160_241.png,3
kanazawa_266_310_141_52.png,6
kanazawa_266_310_232_224.png,3
kanazawa_266_310_81_108.png,6
kanazawa_266_310_83_127.png,3
kanazawa_266_310_183_107.png,3
kanazawa_266_310_108_286.png,1
kanazawa_266_310_160_97.png,3
kanazawa_266_310_128_160.png,3
kanazawa_266_310_100_248.png,5
kanazawa_266_310_78_260.png,6
kanazawa_266_310_231_91.png,3
kanazawa_266_310_48_203.png,5
kanazawa_266_310_144_191.png,5
kanazawa_266_310_126_188.png,5
kanazawa_266_310_183_176.png,3
kanazawa_266_310_156_201.png,3
kanazawa_266_310_63_259.png,6
kanazawa_266_310_28_75.png,6
kanazawa_266_310_86_243.png,1
kanazawa_266_310_104_275.png,1
kanazawa_266_310_112_84.png,6
kanazawa_266_310_58_110.png,6
kanazawa_266_310_9_63.png,6
kanazawa_266_310_29_93.png,6
kanazawa_266_310_164_124.png,3
kanazawa_266_310_147_206.png,3
kanazawa_266_310_106_42.png,6
kanazawa_266_310_55_90.png,6
kanazawa_266_310_17_128.png,6
kanazawa_266_310_181_169.png,3
kanazawa_266_310_223_104.png,3
kanazawa_266_310_15_135.png,3
kanazawa_266_310_240_195.png,3
kanazawa_266_310_56_123.png,6
kanazawa_266_310_139_27.png,6
kanazawa_266_310_183_170.png,3
kanazawa_266_310_202_164.png,3
kanazawa_266_310_179_79.png,5
kanazawa_266_310_208_194.png,3
kanazawa_266_310_134_164.png,3
kanazawa_266_310_89_53.png,6
kanazawa_266_310_142_33.png,6
kanazawa_266_310_45_101.png,6
kanazawa_266_310_86_257.png,5
kanazawa_266_310_110_37.png,6
kanazawa_266_310_206_72.png,3
kanazawa_266_310_197_47.png,1
kanazawa_266_310_74_260.png,6
kanazawa_266_310_90_192.png,5
kanazawa_266_310_63_109.png,6
kanazawa_266_310_49_294.png,6
kanazawa_266_310_105_289.png,1
kanazawa_266_310_82_247.png,1
kanazawa_266_310_30_77.png,6
kanazawa_266_310_91_150.png,3
kanazawa_266_310_135_47.png,6
kanazawa_266_310_85_136.png,3
kanazawa_266_310_209_253.png,3
kanazawa_266_310_237_152.png,3
kanazawa_266_310_54_215.png,6
kanazawa_266_310_76_286.png,6
kanazawa_266_310_138_101.png,1
kanazawa_266_310_139_102.png,1
kanazawa_266_310_23_89.png,6
kanazawa_266_310_142_68.png,3
kanazawa_266_310_226_219.png,3
kanazawa_266_310_223_113.png,3
kanazawa_266_310_204_109.png,3
kanazawa_266_310_68_230.png,6
kanazawa_266_310_78_97.png,6
kanazawa_266_310_225_129.png,3
kanazawa_266_310_203_7.png,6
kanazawa_266_310_187_183.png,3
kanazawa_266_310_113_259.png,1
kanazawa_266_310_46_302.png,6
kanazawa_266_310_100_194.png,5
kanazawa_266_310_173_265.png,3
kanazawa_266_310_200_29.png,5
kanazawa_266_310_72_128.png,5
kanazawa_266_310_141_70.png,3
kanazawa_266_310_169_173.png,3
kanazawa_266_310_141_182.png,5
kanazawa_266_310_93_227.png,1
kanazawa_266_310_166_193.png,3
kanazawa_266_310_110_148.png,3
kanazawa_266_310_28_102.png,6
kanazawa_266_310_148_202.png,3
kanazawa_266_310_95_127.png,3
kanazawa_266_310_181_20.png,6
kanazawa_266_310_141_144.png,3
kanazawa_266_310_88_179.png,3
kanazawa_266_310_100_63.png,6
kanazawa_266_310_110_71.png,6
kanazawa_266_310_183_252.png,3
kanazawa_266_310_164_25.png,6
kanazawa_266_310_188_20.png,6
kanazawa_266_310_226_205.png,3
kanazawa_266_310_117_268.png,5
kanazawa_266_310_156_219.png,3
kanazawa_266_310_201_83.png,3
kanazawa_266_310_196_129.png,3
kanazawa_266_310_187_262.png,3
kanazawa_266_310_139_116.png,3
kanazawa_266_310_87_82.png,6
kanazawa_266_310_90_215.png,1
kanazawa_266_310_125_64.png,6
kanazawa_266_310_117_244.png,3
kanazawa_266_310_207_187.png,3
kanazawa_266_310_133_101.png,1
kanazawa_266_310_207_210.png,3
kanazawa_266_310_68_300.png,6
kanazawa_266_310_253_184.png,3
kanazawa_266_310_94_73.png,6
kanazawa_266_310_171_236.png,3
kanazawa_266_310_169_45.png,3
kanazawa_266_310_187_91.png,3
kanazawa_266_310_128_133.png,3
kanazawa_266_310_5_73.png,6
kanazawa_266_310_196_249.png,3
kanazawa_266_310_52_297.png,6
kanazawa_266_310_42_200.png,5
kanazawa_266_310_134_44.png,6
kanazawa_266_310_80_241.png,3
kanazawa_266_310_188_28.png,3
kanazawa_266_310_217_178.png,3
kanazawa_266_310_198_260.png,3
kanazawa_266_310_171_41.png,6
kanazawa_266_310_108_287.png,1
kanazawa_266_310_110_103.png,1
kanazawa_266_310_219_181.png,3
kanazawa_266_310_82_131.png,3
kanazawa_266_310_10_91.png,6
kanazawa_266_310_39_158.png,3
kanazawa_266_310_78_51.png,6
kanazawa_266_310_226_168.png,3
kanazawa_266_310_160_186.png,3
kanazawa_266_310_135_92.png,1
kanazawa_266_310_145_233.png,3
kanazawa_266_310_168_201.png,3
kanazawa_266_310_234_223.png,3
kanazawa_266_310_141_180.png,5
kanazawa_266_310_82_296.png,6
kanazawa_266_310_153_236.png,3
kanazawa_266_310_87_60.png,6
kanazawa_266_310_37_122.png,6
kanazawa_266_310_208_251.png,3
kanazawa_266_310_77_82.png,6
kanazawa_266_310_28_85.png,6
kanazawa_266_310_81_195.png,3
kanazawa_266_310_206_207.png,3
kanazawa_266_310_92_146.png,3
kanazawa_266_310_150_69.png,5
kanazawa_266_310_189_196.png,3
kanazawa_266_310_88_63.png,6
kanazawa_266_310_105_287.png,1
kanazawa_266_310_207_245.png,3
kanazawa_266_310_116_176.png,5
kanazawa_266_310_97_200.png,5
kanazawa_266_310_184_163.png,3
kanazawa_266_310_226_74.png,3
kanazawa_266_310_45_243.png,6
kanazawa_266_310_235_239.png,3
kanazawa_266_310_153_183.png,5
kanazawa_266_310_241_168.png,3
kanazawa_266_310_77_102.png,6
kanazawa_266_310_76_268.png,6
kanazawa_266_310_107_88.png,6
kanazawa_266_310_235_183.png,3
kanazawa_266_310_191_246.png,6
kanazawa_266_310_173_258.png,3
kanazawa_266_310_33_115.png,6
kanazawa_266_310_84_81.png,6
kanazawa_266_310_178_178.png,3
kanazawa_266_310_153_141.png,3
kanazawa_266_310_24_109.png,6
kanazawa_266_310_209_245.png,3
kanazawa_266_310_148_60.png,6
kanazawa_266_310_136_67.png,6
kanazawa_266_310_49_281.png,6
kanazawa_266_310_86_75.png,6
kanazawa_266_310_150_266.png,3
kanazawa_266_310_21_135.png,3
kanazawa_266_310_171_166.png,3
kanazawa_266_310_23_102.png,6
kanazawa_266_310_52_303.png,6
kanazawa_266_310_201_98.png,3
kanazawa_266_310_169_38.png,6
kanazawa_266_310_77_267.png,6
kanazawa_266_310_42_94.png,6
kanazawa_266_310_194_241.png,3
kanazawa_266_310_230_113.png,3
kanazawa_266_310_59_221.png,6
kanazawa_266_310_204_240.png,3
kanazawa_266_310_203_256.png,3
kanazawa_266_310_66_127.png,3
kanazawa_266_310_164_102.png,3
kanazawa_266_310_145_89.png,1
kanazawa_266_310_180_261.png,3
kanazawa_266_310_190_34.png,5
kanazawa_266_310_126_264.png,5
kanazawa_266_310_146_51.png,6
kanazawa_266_310_181_208.png,3
kanazawa_266_310_27_129.png,3
kanazawa_266_310_66_270.png,6
kanazawa_266_310_204_177.png,3
kanazawa_266_310_141_39.png,6
kanazawa_266_310_171_216.png,3
kanazawa_266_310_157_178.png,5
kanazawa_266_310_12_84.png,6
kanazawa_266_310_17_102.png,6
kanazawa_266_310_55_114.png,6
kanazawa_266_310_234_127.png,3
kanazawa_266_310_61_156.png,3
kanazawa_266_310_213_221.png,3
kanazawa_266_310_70_55.png,6
kanazawa_266_310_65_118.png,6
kanazawa_266_310_9_74.png,6
kanazawa_266_310_154_157.png,3
kanazawa_266_310_219_255.png,3
kanazawa_266_310_200_78.png,3
kanazawa_266_310_106_151.png,3
kanazawa_266_310_235_144.png,6
kanazawa_266_310_31_98.png,6
kanazawa_266_310_225_213.png,3
kanazawa_266_310_208_56.png,3
kanazawa_266_310_106_250.png,5
kanazawa_266_310_203_131.png,3
kanazawa_266_310_178_219.png,3
kanazawa_266_310_54_201.png,1
kanazawa_266_310_210_157.png,3
kanazawa_266_310_244_192.png,3
kanazawa_266_310_126_249.png,5
kanazawa_266_310_136_147.png,3
kanazawa_266_310_68_99.png,6
kanazawa_266_310_158_53.png,6
kanazawa_266_310_215_150.png,3
kanazawa_266_310_157_121.png,3
kanazawa_266_310_209_166.png,3
kanazawa_266_310_152_88.png,1
kanazawa_266_310_187_253.png,6
kanazawa_266_310_186_86.png,3
kanazawa_266_310_32_194.png,3
kanazawa_266_310_99_229.png,5
kanazawa_266_310_163_259.png,3
kanazawa_266_310_194_234.png,3
kanazawa_266_310_98_172.png,3
kanazawa_266_310_14_99.png,6
kanazawa_266_310_76_80.png,6
kanazawa_266_310_133_166.png,3
kanazawa_266_310_63_59.png,6
kanazawa_266_310_137_109.png,1
kanazawa_266_310_170_37.png,6
kanazawa_266_310_83_141.png,3
kanazawa_266_310_220_178.png,3
kanazawa_266_310_136_69.png,3
kanazawa_266_310_214_243.png,3
kanazawa_266_310_193_131.png,3
kanazawa_266_310_100_246.png,5
kanazawa_266_310_111_257.png,5
kanazawa_266_310_115_44.png,6
kanazawa_266_310_206_34.png,5
kanazawa_266_310_58_69.png,6
kanazawa_266_310_193_16.png,6
kanazawa_266_310_219_115.png,3
kanazawa_266_310_78_265.png,3
kanazawa_266_310_150_94.png,1
kanazawa_266_310_163_171.png,5
kanazawa_266_310_191_155.png,3
kanazawa_266_310_149_25.png,6
kanazawa_266_310_65_114.png,6
kanazawa_266_310_71_52.png,6
kanazawa_266_310_42_222.png,6
kanazawa_266_310_12_75.png,6
kanazawa_266_310_69_52.png,6
kanazawa_266_310_102_90.png,6
kanazawa_266_310_69_197.png,5
kanazawa_266_310_87_79.png,6
kanazawa_266_310_206_231.png,3
kanazawa_266_310_163_96.png,3
kanazawa_266_310_198_182.png,3
kanazawa_266_310_39_100.png,6
kanazawa_266_310_205_114.png,3
kanazawa_266_310_251_229.png,3
kanazawa_266_310_53_71.png,6
kanazawa_266_310_140_190.png,5
kanazawa_266_310_109_188.png,5
kanazawa_266_310_188_180.png,3
kanazawa_266_310_206_203.png,3
kanazawa_266_310_185_236.png,3
kanazawa_266_310_91_105.png,6
kanazawa_266_310_235_231.png,3
kanazawa_266_310_95_270.png,5
kanazawa_266_310_25_83.png,6
kanazawa_266_310_195_93.png,5
kanazawa_266_310_252_211.png,3
kanazawa_266_310_207_34.png,5
kanazawa_266_310_46_52.png,6
kanazawa_266_310_42_122.png,6
kanazawa_266_310_216_29.png,5
kanazawa_266_310_122_267.png,5
kanazawa_266_310_124_47.png,6
kanazawa_266_310_193_34.png,5
kanazawa_266_310_211_85.png,5
kanazawa_266_310_125_80.png,3
kanazawa_266_310_151_94.png,1
kanazawa_266_310_217_105.png,3
kanazawa_266_310_191_168.png,3
kanazawa_266_310_124_42.png,6
kanazawa_266_310_36_171.png,3
kanazawa_266_310_241_165.png,3
kanazawa_266_310_36_101.png,6
kanazawa_266_310_33_202.png,3
kanazawa_266_310_135_63.png,6
kanazawa_266_310_67_126.png,3
kanazawa_266_310_227_92.png,3
kanazawa_266_310_179_30.png,6
kanazawa_266_310_45_112.png,6
kanazawa_266_310_154_186.png,5
kanazawa_266_310_45_128.png,6
kanazawa_266_310_74_130.png,5
kanazawa_266_310_74_155.png,3
kanazawa_266_310_222_219.png,3
kanazawa_266_310_173_206.png,3
kanazawa_266_310_90_175.png,3
kanazawa_266_310_89_134.png,3
kanazawa_266_310_208_249.png,3
kanazawa_266_310_86_43.png,6
kanazawa_266_310_152_120.png,3
kanazawa_266_310_169_26.png,6
kanazawa_266_310_81_275.png,6
kanazawa_266_310_161_256.png,3
kanazawa_266_310_38_202.png,3
kanazawa_266_310_117_35.png,6
kanazawa_266_310_63_248.png,6
kanazawa_266_310_237_194.png,3
kanazawa_266_310_159_45.png,6
kanazawa_266_310_187_131.png,3
kanazawa_266_310_58_246.png,6
kanazawa_266_310_18_85.png,6
kanazawa_266_310_242_134.png,3
kanazawa_266_310_219_104.png,3
kanazawa_266_310_221_168.png,3
kanazawa_266_310_187_142.png,3
kanazawa_266_310_99_106.png,3
kanazawa_266_310_75_84.png,6
kanazawa_266_310_176_162.png,3
kanazawa_266_310_207_181.png,3
kanazawa_266_310_29_112.png,6
kanazawa_266_310_116_164.png,5
kanazawa_266_310_115_66.png,6
kanazawa_266_310_103_92.png,6
kanazawa_266_310_43_130.png,6
kanazawa_266_310_195_49.png,5
kanazawa_266_310_62_129.png,3
kanazawa_266_310_159_32.png,6
kanazawa_266_310_89_124.png,5
kanazawa_266_310_98_259.png,1
kanazawa_266_310_153_95.png,1
kanazawa_266_310_83_52.png,6
kanazawa_266_310_212_136.png,3
kanazawa_266_310_142_215.png,3
kanazawa_266_310_35_200.png,3
kanazawa_266_310_13_95.png,6
kanazawa_266_310_41_103.png,6
kanazawa_266_310_46_258.png,6
kanazawa_266_310_146_186.png,5
kanazawa_266_310_56_290.png,6
kanazawa_266_310_129_225.png,3
kanazawa_266_310_148_159.png,3
kanazawa_266_310_58_267.png,6
kanazawa_266_310_55_216.png,6
kanazawa_266_310_98_134.png,3
kanazawa_266_310_243_224.png,3
kanazawa_266_310_218_219.png,3
kanazawa_266_310_199_229.png,3
kanazawa_266_310_184_117.png,3
kanazawa_266_310_187_154.png,3
kanazawa_266_310_27_157.png,5
kanazawa_266_310_93_210.png,1
kanazawa_266_310_173_157.png,3
kanazawa_266_310_106_133.png,3
kanazawa_266_310_107_220.png,5
kanazawa_266_310_250_176.png,3
kanazawa_266_310_73_259.png,6
kanazawa_266_310_167_61.png,1
kanazawa_266_310_37_66.png,6
kanazawa_266_310_135_163.png,3
kanazawa_266_310_204_201.png,3
kanazawa_266_310_34_236.png,6
kanazawa_266_310_176_133.png,3
kanazawa_266_310_26_79.png,6
kanazawa_266_310_95_262.png,5
kanazawa_266_310_218_238.png,3
kanazawa_266_310_43_221.png,6
kanazawa_266_310_253_233.png,3
kanazawa_266_310_81_287.png,6
kanazawa_266_310_157_46.png,6
kanazawa_266_310_137_102.png,1
kanazawa_266_310_34_153.png,5
kanazawa_266_310_203_138.png,3
kanazawa_266_310_190_185.png,3
kanazawa_266_310_90_134.png,3
kanazawa_266_310_43_263.png,6
kanazawa_266_310_43_140.png,1
kanazawa_266_310_140_186.png,5
kanazawa_266_310_82_290.png,3
kanazawa_266_310_75_243.png,3
kanazawa_266_310_219_160.png,3
kanazawa_266_310_241_161.png,6
kanazawa_266_310_195_248.png,3
kanazawa_266_310_190_33.png,5
kanazawa_266_310_188_168.png,3
kanazawa_266_310_152_152.png,3
kanazawa_266_310_224_125.png,3
kanazawa_266_310_96_50.png,6
kanazawa_266_310_170_171.png,3
kanazawa_266_310_153_208.png,3
kanazawa_266_310_89_80.png,6
kanazawa_266_310_75_279.png,6
kanazawa_266_310_156_39.png,6
kanazawa_266_310_60_100.png,6
kanazawa_266_310_236_175.png,3
kanazawa_266_310_108_154.png,3
kanazawa_266_310_164_65.png,5
kanazawa_266_310_172_43.png,3
kanazawa_266_310_217_152.png,3
kanazawa_266_310_256_222.png,3
kanazawa_266_310_100_135.png,3
kanazawa_266_310_181_264.png,3
kanazawa_266_310_58_92.png,6
kanazawa_266_310_78_91.png,6
kanazawa_266_310_112_238.png,3
kanazawa_266_310_174_160.png,3
kanazawa_266_310_69_124.png,3
kanazawa_266_310_146_136.png,3
kanazawa_266_310_106_40.png,6
kanazawa_266_310_213_223.png,3
kanazawa_266_310_205_259.png,3
kanazawa_266_310_38_154.png,5
kanazawa_266_310_229_219.png,3
kanazawa_266_310_157_42.png,6
kanazawa_266_310_47_58.png,6
kanazawa_266_310_114_37.png,6
kanazawa_266_310_40_169.png,3
kanazawa_266_310_71_72.png,6
kanazawa_266_310_47_92.png,6
kanazawa_266_310_39_104.png,6
kanazawa_266_310_241_218.png,3
kanazawa_266_310_225_166.png,3
kanazawa_266_310_100_47.png,6
kanazawa_266_310_57_291.png,6
kanazawa_266_310_59_282.png,6
kanazawa_266_310_111_213.png,5
kanazawa_266_310_27_58.png,6
kanazawa_266_310_7_72.png,6
kanazawa_266_310_161_101.png,3
kanazawa_266_310_36_109.png,6
kanazawa_266_310_206_110.png,3
kanazawa_266_310_62_110.png,6
kanazawa_266_310_51_75.png,6
kanazawa_266_310_211_156.png,3
kanazawa_266_310_233_198.png,3
kanazawa_266_310_43_222.png,6
kanazawa_266_310_101_52.png,6
kanazawa_266_310_173_135.png,3
kanazawa_266_310_161_126.png,5
kanazawa_266_310_192_182.png,3
kanazawa_266_310_101_74.png,6
kanazawa_266_310_146_109.png,1
kanazawa_266_310_208_119.png,3
kanazawa_266_310_232_94.png,3
kanazawa_266_310_47_99.png,6
kanazawa_266_310_126_31.png,6
kanazawa_266_310_15_69.png,6
kanazawa_266_310_156_51.png,6
kanazawa_266_310_172_95.png,3
kanazawa_266_310_163_55.png,1
kanazawa_266_310_68_231.png,6
kanazawa_266_310_238_113.png,3
kanazawa_266_310_107_82.png,6
kanazawa_266_310_161_80.png,5
kanazawa_266_310_61_74.png,6
kanazawa_266_310_23_110.png,6
kanazawa_266_310_224_202.png,3
kanazawa_266_310_104_46.png,6
kanazawa_266_310_72_218.png,3
kanazawa_266_310_200_202.png,3
kanazawa_266_310_65_79.png,6
kanazawa_266_310_223_127.png,3
kanazawa_266_310_103_279.png,1
kanazawa_266_310_203_146.png,3
kanazawa_266_310_154_171.png,5
kanazawa_266_310_167_141.png,3
kanazawa_266_310_105_88.png,6
kanazawa_266_310_140_152.png,3
kanazawa_266_310_185_168.png,3
kanazawa_266_310_127_142.png,3
kanazawa_266_310_110_53.png,6
kanazawa_266_310_156_48.png,6
kanazawa_266_310_91_238.png,5
kanazawa_266_310_67_230.png,6
kanazawa_266_310_85_212.png,1
kanazawa_266_310_107_258.png,5
kanazawa_266_310_208_186.png,3
kanazawa_266_310_54_63.png,6
kanazawa_266_310_200_225.png,3
kanazawa_266_310_72_297.png,6
kanazawa_266_310_193_226.png,3
kanazawa_266_310_69_86.png,6
kanazawa_266_310_244_204.png,3
kanazawa_266_310_162_239.png,3
kanazawa_266_310_115_55.png,6
kanazawa_266_310_161_81.png,5
kanazawa_266_310_200_147.png,3
kanazawa_266_310_89_55.png,6
kanazawa_266_310_20_78.png,6
kanazawa_266_310_75_245.png,6
kanazawa_266_310_94_83.png,6
kanazawa_266_310_185_216.png,3
kanazawa_266_310_200_72.png,3
kanazawa_266_310_221_72.png,3
kanazawa_266_310_74_97.png,6
kanazawa_266_310_197_151.png,3
kanazawa_266_310_190_219.png,3
kanazawa_266_310_47_68.png,6
kanazawa_266_310_121_183.png,5
kanazawa_266_310_105_46.png,6
kanazawa_266_310_121_53.png,6
kanazawa_266_310_151_176.png,5
kanazawa_266_310_168_199.png,3
kanazawa_266_310_102_281.png,1
kanazawa_266_310_70_291.png,6
kanazawa_266_310_94_43.png,6
kanazawa_266_310_7_65.png,6
kanazawa_266_310_29_107.png,6
kanazawa_266_310_192_174.png,3
kanazawa_266_310_169_260.png,3
kanazawa_266_310_239_149.png,3
kanazawa_266_310_141_220.png,3
kanazawa_266_310_205_149.png,3
kanazawa_266_310_20_131.png,3
kanazawa_266_310_63_292.png,6
kanazawa_266_310_92_67.png,6
kanazawa_266_310_28_181.png,3
kanazawa_266_310_207_32.png,1
kanazawa_266_310_183_58.png,5
kanazawa_266_310_11_95.png,6
kanazawa_266_310_132_250.png,5
kanazawa_266_310_117_230.png,3
kanazawa_266_310_94_151.png,3
kanazawa_266_310_246_180.png,3
kanazawa_266_310_80_206.png,5
kanazawa_266_310_181_162.png,3
kanazawa_266_310_62_296.png,6
kanazawa_266_310_77_72.png,6
kanazawa_266_310_32_124.png,6
kanazawa_266_310_214_161.png,3
kanazawa_266_310_150_53.png,6
kanazawa_266_310_163_27.png,6
kanazawa_266_310_75_107.png,6
kanazawa_266_310_231_77.png,3
kanazawa_266_310_40_110.png,6
kanazawa_266_310_44_143.png,5
kanazawa_266_310_102_196.png,5
kanazawa_266_310_78_84.png,6
kanazawa_266_310_195_227.png,3
kanazawa_266_310_67_186.png,3
kanazawa_266_310_95_175.png,3
kanazawa_266_310_70_227.png,3
kanazawa_266_310_44_62.png,6
kanazawa_266_310_74_79.png,6
kanazawa_266_310_37_91.png,6
kanazawa_266_310_180_190.png,3
kanazawa_266_310_156_200.png,3
kanazawa_266_310_221_238.png,3
kanazawa_266_310_51_100.png,6
kanazawa_266_310_211_178.png,3
kanazawa_266_310_121_146.png,3
kanazawa_266_310_70_248.png,6
kanazawa_266_310_146_117.png,3
kanazawa_266_310_83_274.png,3
kanazawa_266_310_107_78.png,6
kanazawa_266_310_87_41.png,6
kanazawa_266_310_42_138.png,1
kanazawa_266_310_171_84.png,5
kanazawa_266_310_130_242.png,3
kanazawa_266_310_194_108.png,3
kanazawa_266_310_208_228.png,6
kanazawa_266_310_128_216.png,3
kanazawa_266_310_103_197.png,5
kanazawa_266_310_41_206.png,3
kanazawa_266_310_224_171.png,3
kanazawa_266_310_238_206.png,3
kanazawa_266_310_75_253.png,6
kanazawa_266_310_42_54.png,6
kanazawa_266_310_46_190.png,3
kanazawa_266_310_124_103.png,5
kanazawa_266_310_175_233.png,3
kanazawa_266_310_190_15.png,6
kanazawa_266_310_244_209.png,3
kanazawa_266_310_36_235.png,6
kanazawa_266_310_200_166.png,3
kanazawa_266_310_99_207.png,5
kanazawa_266_310_22_116.png,6
kanazawa_266_310_63_255.png,6
kanazawa_266_310_65_286.png,6
kanazawa_266_310_236_196.png,3
kanazawa_266_310_76_174.png,3
kanazawa_266_310_155_100.png,1
kanazawa_266_310_171_265.png,3
kanazawa_266_310_148_52.png,6
kanazawa_266_310_161_268.png,3
kanazawa_266_310_129_36.png,6
kanazawa_266_310_255_211.png,3
kanazawa_266_310_40_98.png,6
kanazawa_266_310_46_216.png,6
kanazawa_266_310_97_160.png,3
kanazawa_266_310_94_48.png,6
kanazawa_266_310_61_99.png,6
kanazawa_266_310_62_104.png,6
kanazawa_266_310_87_292.png,5
kanazawa_266_310_135_193.png,5
kanazawa_266_310_56_129.png,3
kanazawa_266_310_228_63.png,3
kanazawa_266_310_12_95.png,6
kanazawa_266_310_155_208.png,3
kanazawa_266_310_59_189.png,3
kanazawa_266_310_120_42.png,6
kanazawa_266_310_94_91.png,6
kanazawa_266_310_130_30.png,6
kanazawa_266_310_257_214.png,3
kanazawa_266_310_249_217.png,3
kanazawa_266_310_162_266.png,3
kanazawa_266_310_228_116.png,3
kanazawa_266_310_18_132.png,6
kanazawa_266_310_203_240.png,3
kanazawa_266_310_216_42.png,3
kanazawa_266_310_65_228.png,6
kanazawa_266_310_207_45.png,3
kanazawa_266_310_241_244.png,3
kanazawa_266_310_95_68.png,6
kanazawa_266_310_172_214.png,3
kanazawa_266_310_47_272.png,6
kanazawa_266_310_59_302.png,1
kanazawa_266_310_116_140.png,3
kanazawa_266_310_30_111.png,6
kanazawa_266_310_197_135.png,3
kanazawa_266_310_159_44.png,6
kanazawa_266_310_157_215.png,3
kanazawa_266_310_121_113.png,5
kanazawa_266_310_82_123.png,1
kanazawa_266_310_112_45.png,6
kanazawa_266_310_101_163.png,3
kanazawa_266_310_231_118.png,3
kanazawa_266_310_130_62.png,6
kanazawa_266_310_111_220.png,5
kanazawa_266_310_68_53.png,6
kanazawa_266_310_60_221.png,6
kanazawa_266_310_19_122.png,6
kanazawa_266_310_255_220.png,3
kanazawa_266_310_85_285.png,1
kanazawa_266_310_248_190.png,3
kanazawa_266_310_150_73.png,1
kanazawa_266_310_158_242.png,3
kanazawa_266_310_73_53.png,6
kanazawa_266_310_187_116.png,3
kanazawa_266_310_175_157.png,3
kanazawa_266_310_168_229.png,3
kanazawa_266_310_102_55.png,6
kanazawa_266_310_235_167.png,3
kanazawa_266_310_196_114.png,3
kanazawa_266_310_74_249.png,6
kanazawa_266_310_120_46.png,6
kanazawa_266_310_72_251.png,6
kanazawa_266_310_144_180.png,5
kanazawa_266_310_80_185.png,3
kanazawa_266_310_225_159.png,3
kanazawa_266_310_212_13.png,6
kanazawa_266_310_27_75.png,6
kanazawa_266_310_33_66.png,6
kanazawa_266_310_220_106.png,3
kanazawa_266_310_110_82.png,6
kanazawa_266_310_119_36.png,6
kanazawa_266_310_136_124.png,3
kanazawa_266_310_216_251.png,3
kanazawa_266_310_3_68.png,6
kanazawa_266_310_198_162.png,3
kanazawa_266_310_46_245.png,6
kanazawa_266_310_165_34.png,6
kanazawa_266_310_54_118.png,6
kanazawa_266_310_150_170.png,5
kanazawa_266_310_120_79.png,6
kanazawa_266_310_155_152.png,3
kanazawa_266_310_108_198.png,5
kanazawa_266_310_121_136.png,3
kanazawa_266_310_79_242.png,1
kanazawa_266_310_163_120.png,3
kanazawa_266_310_85_145.png,3
kanazawa_266_310_73_68.png,6
kanazawa_266_310_203_183.png,3
kanazawa_266_310_167_233.png,3
kanazawa_266_310_34_97.png,6
kanazawa_266_310_48_128.png,6
kanazawa_266_310_66_50.png,6
kanazawa_266_310_44_72.png,6
kanazawa_266_310_189_133.png,3
kanazawa_266_310_61_297.png,6
kanazawa_266_310_45_214.png,6
kanazawa_266_310_110_90.png,6
kanazawa_266_310_250_215.png,3
kanazawa_266_310_119_64.png,6
kanazawa_266_310_59_190.png,3
kanazawa_266_310_86_211.png,1
kanazawa_266_310_136_35.png,6
kanazawa_266_310_71_51.png,6
kanazawa_266_310_152_25.png,6
kanazawa_266_310_119_267.png,5
kanazawa_266_310_63_61.png,6
kanazawa_266_310_215_170.png,3
kanazawa_266_310_116_203.png,5
kanazawa_266_310_179_115.png,3
kanazawa_266_310_86_46.png,6
kanazawa_266_310_207_165.png,3
kanazawa_266_310_160_237.png,3
kanazawa_266_310_150_59.png,6
kanazawa_266_310_117_106.png,6
kanazawa_266_310_36_105.png,6
kanazawa_266_310_59_236.png,6
kanazawa_266_310_173_28.png,6
kanazawa_266_310_78_207.png,3
kanazawa_266_310_26_102.png,6
kanazawa_266_310_163_141.png,3
kanazawa_266_310_111_153.png,3
kanazawa_266_310_189_27.png,3
kanazawa_266_310_40_75.png,6
kanazawa_266_310_28_188.png,3
kanazawa_266_310_140_69.png,3
kanazawa_266_310_84_213.png,1
kanazawa_266_310_185_24.png,6
kanazawa_266_310_240_175.png,4
kanazawa_266_310_67_66.png,6
kanazawa_266_310_77_52.png,6
kanazawa_266_310_200_136.png,3
kanazawa_266_310_168_22.png,6
kanazawa_266_310_128_94.png,1
kanazawa_266_310_70_102.png,6
kanazawa_266_310_43_214.png,6
kanazawa_266_310_165_47.png,6
kanazawa_266_310_164_36.png,6
kanazawa_266_310_109_48.png,6
kanazawa_266_310_78_96.png,6
kanazawa_266_310_121_120.png,5
kanazawa_266_310_189_97.png,3
kanazawa_266_310_189_189.png,3
kanazawa_266_310_157_26.png,6
kanazawa_266_310_184_128.png,3
kanazawa_266_310_152_110.png,1
kanazawa_266_310_106_37.png,6
kanazawa_266_310_185_223.png,3
kanazawa_266_310_115_53.png,6
kanazawa_266_310_59_297.png,6
kanazawa_266_310_83_64.png,6
kanazawa_266_310_222_138.png,3
kanazawa_266_310_226_214.png,3
kanazawa_266_310_66_224.png,6
kanazawa_266_310_109_198.png,5
kanazawa_266_310_229_198.png,3
kanazawa_266_310_3_67.png,6
kanazawa_266_310_236_107.png,3
kanazawa_266_310_259_229.png,3
kanazawa_266_310_55_183.png,3
kanazawa_266_310_140_96.png,1
kanazawa_266_310_48_252.png,6
kanazawa_266_310_132_218.png,3
kanazawa_266_310_190_107.png,3
kanazawa_266_310_219_49.png,3
kanazawa_266_310_45_281.png,6
kanazawa_266_310_75_69.png,6
kanazawa_266_310_146_221.png,3
kanazawa_266_310_125_213.png,5
kanazawa_266_310_59_288.png,6
kanazawa_266_310_48_246.png,6
kanazawa_266_310_224_178.png,3
kanazawa_266_310_170_240.png,3
kanazawa_266_310_175_253.png,3
kanazawa_266_310_191_149.png,3
kanazawa_266_310_139_53.png,6
kanazawa_266_310_163_242.png,3
kanazawa_266_310_178_124.png,3
kanazawa_266_310_95_247.png,5
kanazawa_266_310_88_55.png,6
kanazawa_266_310_38_127.png,6
kanazawa_266_310_11_118.png,6
kanazawa_266_310_74_53.png,6
kanazawa_266_310_87_74.png,6
kanazawa_266_310_150_167.png,5
kanazawa_266_310_127_280.png,5
kanazawa_266_310_196_257.png,3
kanazawa_266_310_201_100.png,3
kanazawa_266_310_119_104.png,3
kanazawa_266_310_78_295.png,6
kanazawa_266_310_128_250.png,5
kanazawa_266_310_64_127.png,6
kanazawa_266_310_81_155.png,3
kanazawa_266_310_72_283.png,6
kanazawa_266_310_151_43.png,6
kanazawa_266_310_44_78.png,6
kanazawa_266_310_201_158.png,3
kanazawa_266_310_60_288.png,6
kanazawa_266_310_16_124.png,6
kanazawa_266_310_39_181.png,3
kanazawa_266_310_195_33.png,5
kanazawa_266_310_151_68.png,5
kanazawa_266_310_180_94.png,3
kanazawa_266_310_160_217.png,3
kanazawa_266_310_128_72.png,3
kanazawa_266_310_117_92.png,3
kanazawa_266_310_25_190.png,3
kanazawa_266_310_213_143.png,6
kanazawa_266_310_194_253.png,3
kanazawa_266_310_27_118.png,6
kanazawa_266_310_91_244.png,5
kanazawa_266_310_144_186.png,5
kanazawa_266_310_86_114.png,3
kanazawa_266_310_77_155.png,3
kanazawa_266_310_197_105.png,3
kanazawa_266_310_70_98.png,6
kanazawa_266_310_187_118.png,3
kanazawa_266_310_93_69.png,6
kanazawa_266_310_179_255.png,3
kanazawa_266_310_71_162.png,3
kanazawa_266_310_86_291.png,5
kanazawa_266_310_145_101.png,1
kanazawa_266_310_202_186.png,3
kanazawa_266_310_67_240.png,6
kanazawa_266_310_95_254.png,5
kanazawa_266_310_62_82.png,6
kanazawa_266_310_129_160.png,3
kanazawa_266_310_132_195.png,5
kanazawa_266_310_220_160.png,3
kanazawa_266_310_51_93.png,6
kanazawa_266_310_167_229.png,3
kanazawa_266_310_71_90.png,6
kanazawa_266_310_99_277.png,1
kanazawa_266_310_21_158.png,3
kanazawa_266_310_71_272.png,6
kanazawa_266_310_150_101.png,1
kanazawa_266_310_62_290.png,6
kanazawa_266_310_8_93.png,6
kanazawa_266_310_99_177.png,3
kanazawa_266_310_23_122.png,6
kanazawa_266_310_41_56.png,6
kanazawa_266_310_91_93.png,6
kanazawa_266_310_150_112.png,1
kanazawa_266_310_85_252.png,3
kanazawa_266_310_122_84.png,3
kanazawa_266_310_100_207.png,5
kanazawa_266_310_44_65.png,6
kanazawa_266_310_212_187.png,3
kanazawa_266_310_64_139.png,5
kanazawa_266_310_43_184.png,3
kanazawa_266_310_32_131.png,6
kanazawa_266_310_117_146.png,3
kanazawa_266_310_66_225.png,3
kanazawa_266_310_105_277.png,1
kanazawa_266_310_49_133.png,3
kanazawa_266_310_58_151.png,3
kanazawa_266_310_137_117.png,3
kanazawa_266_310_127_252.png,5
kanazawa_266_310_25_118.png,6
kanazawa_266_310_50_303.png,6
kanazawa_266_310_61_75.png,6
kanazawa_266_310_251_194.png,3
kanazawa_266_310_138_200.png,5
kanazawa_266_310_233_231.png,3
kanazawa_266_310_235_143.png,3
kanazawa_266_310_171_268.png,3
kanazawa_266_310_41_191.png,3
kanazawa_266_310_127_159.png,3
kanazawa_266_310_149_96.png,1
kanazawa_266_310_97_159.png,3
kanazawa_266_310_188_245.png,3
kanazawa_266_310_42_129.png,6
kanazawa_266_310_115_197.png,5
kanazawa_266_310_73_216.png,3
kanazawa_266_310_151_75.png,5
kanazawa_266_310_53_132.png,3
kanazawa_266_310_204_9.png,3
kanazawa_266_310_38_215.png,3
kanazawa_266_310_31_103.png,6
kanazawa_266_310_29_62.png,6
kanazawa_266_310_212_177.png,3
kanazawa_266_310_99_253.png,5
kanazawa_266_310_82_263.png,6
kanazawa_266_310_30_70.png,6
kanazawa_266_310_147_50.png,6
kanazawa_266_310_112_64.png,6
kanazawa_266_310_99_68.png,6
kanazawa_266_310_112_264.png,1
kanazawa_266_310_214_164.png,3
kanazawa_266_310_64_261.png,6
kanazawa_266_310_94_57.png,6
kanazawa_266_310_68_136.png,5
kanazawa_266_310_139_212.png,3
kanazawa_266_310_52_218.png,6
kanazawa_266_310_66_49.png,6
kanazawa_266_310_26_107.png,6
kanazawa_266_310_236_221.png,3
kanazawa_266_310_146_57.png,6
kanazawa_266_310_131_215.png,3
kanazawa_266_310_47_269.png,6
kanazawa_266_310_214_222.png,3
kanazawa_266_310_134_204.png,5
kanazawa_266_310_143_200.png,1
kanazawa_266_310_71_214.png,3
kanazawa_266_310_71_117.png,6
kanazawa_266_310_197_145.png,3
kanazawa_266_310_184_124.png,3
kanazawa_266_310_217_73.png,3
kanazawa_266_310_235_133.png,3
kanazawa_266_310_55_251.png,6
kanazawa_266_310_59_124.png,6
kanazawa_266_310_62_253.png,6
kanazawa_266_310_51_296.png,6
kanazawa_266_310_54_157.png,3
kanazawa_266_310_65_89.png,6
kanazawa_266_310_58_217.png,6
kanazawa_266_310_129_176.png,5
kanazawa_266_310_142_135.png,3
kanazawa_266_310_116_59.png,6
kanazawa_266_310_82_194.png,3
kanazawa_266_310_55_198.png,5
kanazawa_266_310_215_232.png,3
kanazawa_266_310_148_92.png,1
kanazawa_266_310_227_243.png,3
kanazawa_266_310_136_116.png,3
kanazawa_266_310_101_237.png,1
kanazawa_266_310_74_258.png,6
kanazawa_266_310_36_127.png,6
kanazawa_266_310_230_112.png,3
kanazawa_266_310_170_257.png,3
kanazawa_266_310_179_224.png,3
kanazawa_266_310_208_185.png,3
kanazawa_266_310_44_76.png,6
kanazawa_266_310_14_79.png,6
kanazawa_266_310_243_171.png,3
kanazawa_266_310_225_178.png,3
kanazawa_266_310_170_179.png,3
kanazawa_266_310_199_91.png,3
kanazawa_266_310_167_211.png,3
kanazawa_266_310_120_59.png,6
kanazawa_266_310_97_42.png,6
kanazawa_266_310_51_53.png,6
kanazawa_266_310_132_205.png,5
kanazawa_266_310_190_223.png,3
kanazawa_266_310_179_242.png,3
kanazawa_266_310_62_166.png,3
kanazawa_266_310_134_68.png,6
kanazawa_266_310_189_244.png,3
kanazawa_266_310_29_201.png,3
kanazawa_266_310_21_131.png,3
kanazawa_266_310_205_134.png,3
kanazawa_266_310_225_209.png,3
kanazawa_266_310_116_275.png,1
kanazawa_266_310_85_220.png,1
kanazawa_266_310_206_253.png,3
kanazawa_266_310_162_69.png,5
kanazawa_266_310_135_33.png,6
kanazawa_266_310_214_224.png,3
kanazawa_266_310_110_79.png,6
kanazawa_266_310_114_159.png,3
kanazawa_266_310_213_217.png,3
kanazawa_266_310_83_224.png,1
kanazawa_266_310_199_176.png,3
kanazawa_266_310_207_133.png,3
kanazawa_266_310_174_108.png,3
kanazawa_266_310_199_253.png,3
kanazawa_266_310_51_286.png,6
kanazawa_266_310_28_64.png,6
kanazawa_266_310_209_186.png,3
kanazawa_266_310_228_79.png,3
kanazawa_266_310_91_94.png,6
kanazawa_266_310_216_165.png,3
kanazawa_266_310_69_288.png,6
kanazawa_266_310_138_44.png,6
kanazawa_266_310_164_49.png,3
kanazawa_266_310_126_275.png,5
kanazawa_266_310_118_100.png,1
kanazawa_266_310_58_282.png,6
kanazawa_266_310_203_143.png,3
kanazawa_266_310_193_153.png,3
kanazawa_266_310_94_264.png,5
kanazawa_266_310_78_275.png,1
kanazawa_266_310_43_99.png,6
kanazawa_266_310_80_229.png,5
kanazawa_266_310_74_163.png,3
kanazawa_266_310_98_180.png,3
kanazawa_266_310_215_52.png,3
kanazawa_266_310_25_94.png,6
kanazawa_266_310_18_84.png,6
kanazawa_266_310_77_204.png,3
kanazawa_266_310_38_114.png,6
kanazawa_266_310_36_99.png,6
kanazawa_266_310_35_90.png,6
kanazawa_266_310_75_96.png,6
kanazawa_266_310_211_13.png,3
kanazawa_266_310_162_78.png,5
kanazawa_266_310_45_160.png,3
kanazawa_266_310_84_92.png,6
kanazawa_266_310_208_111.png,3
kanazawa_266_310_161_94.png,1
kanazawa_266_310_34_191.png,3
kanazawa_266_310_181_232.png,3
kanazawa_266_310_152_194.png,3
kanazawa_266_310_82_259.png,3
kanazawa_266_310_228_126.png,3
kanazawa_266_310_93_108.png,3
kanazawa_266_310_162_141.png,3
kanazawa_266_310_72_217.png,3
kanazawa_266_310_111_49.png,6
kanazawa_266_310_221_24.png,3
kanazawa_266_310_231_175.png,3
kanazawa_266_310_216_109.png,3
kanazawa_266_310_17_103.png,6
kanazawa_266_310_213_179.png,3
kanazawa_266_310_221_109.png,3
kanazawa_266_310_89_178.png,3
kanazawa_266_310_196_112.png,3
kanazawa_266_310_50_209.png,6
kanazawa_266_310_119_59.png,6
kanazawa_266_310_129_118.png,3
kanazawa_266_310_69_87.png,6
kanazawa_266_310_193_164.png,3
kanazawa_266_310_151_32.png,6
kanazawa_266_310_84_105.png,6
kanazawa_266_310_28_108.png,6
kanazawa_266_310_181_137.png,3
kanazawa_266_310_11_65.png,6
kanazawa_266_310_244_212.png,3
kanazawa_266_310_55_109.png,6
kanazawa_266_310_172_109.png,3
kanazawa_266_310_195_105.png,3
kanazawa_266_310_130_71.png,3
kanazawa_266_310_200_142.png,3
kanazawa_266_310_19_80.png,6
kanazawa_266_310_238_243.png,3
kanazawa_266_310_44_145.png,5
kanazawa_266_310_201_250.png,3
kanazawa_266_310_169_51.png,1
kanazawa_266_310_83_86.png,6
kanazawa_266_310_231_212.png,3
kanazawa_266_310_122_65.png,6
kanazawa_266_310_148_196.png,5
kanazawa_266_310_232_218.png,3
kanazawa_266_310_74_272.png,6
kanazawa_266_310_169_143.png,3
kanazawa_266_310_55_75.png,6
kanazawa_266_310_68_92.png,6
kanazawa_266_310_203_226.png,3
kanazawa_266_310_209_244.png,3
kanazawa_266_310_214_183.png,3
kanazawa_266_310_150_83.png,1
kanazawa_266_310_173_100.png,3
kanazawa_266_310_107_172.png,5
kanazawa_266_310_183_211.png,3
kanazawa_266_310_238_136.png,3
kanazawa_266_310_207_248.png,3
kanazawa_266_310_141_76.png,1
kanazawa_266_310_129_251.png,5
kanazawa_266_310_33_170.png,3
kanazawa_266_310_67_211.png,3
kanazawa_266_310_200_188.png,3
kanazawa_266_310_47_125.png,6
kanazawa_266_310_172_209.png,3
kanazawa_266_310_91_61.png,6
kanazawa_266_310_130_151.png,3
kanazawa_266_310_133_155.png,3
kanazawa_266_310_210_158.png,3
kanazawa_266_310_62_98.png,6
kanazawa_266_310_103_265.png,1
kanazawa_266_310_37_92.png,6
kanazawa_266_310_70_258.png,6
kanazawa_266_310_192_194.png,3
kanazawa_266_310_92_251.png,5
kanazawa_266_310_49_220.png,6
kanazawa_266_310_146_96.png,1
kanazawa_266_310_51_67.png,6
kanazawa_266_310_202_210.png,3
kanazawa_266_310_230_180.png,3
kanazawa_266_310_20_117.png,6
kanazawa_266_310_85_144.png,3
kanazawa_266_310_151_33.png,6
kanazawa_266_310_21_104.png,6
kanazawa_266_310_221_171.png,3
kanazawa_266_310_250_177.png,3
kanazawa_266_310_133_49.png,6
kanazawa_266_310_13_76.png,6
kanazawa_266_310_185_17.png,6
kanazawa_266_310_163_213.png,3
kanazawa_266_310_174_195.png,3
kanazawa_266_310_97_204.png,5
kanazawa_266_310_72_65.png,6
kanazawa_266_310_184_230.png,3
kanazawa_266_310_179_41.png,1
kanazawa_266_310_191_99.png,3
kanazawa_266_310_213_146.png,3
kanazawa_266_310_103_125.png,5
kanazawa_266_310_78_187.png,3
kanazawa_266_310_75_284.png,6
kanazawa_266_310_187_87.png,3
kanazawa_266_310_235_210.png,3
kanazawa_266_310_144_83.png,5
kanazawa_266_310_48_205.png,3
kanazawa_266_310_208_200.png,3
kanazawa_266_310_144_42.png,6
kanazawa_266_310_154_28.png,6
kanazawa_266_310_231_226.png,3
kanazawa_266_310_111_272.png,1
kanazawa_266_310_243_209.png,3
kanazawa_266_310_35_203.png,3
kanazawa_266_310_77_235.png,1
kanazawa_266_310_159_185.png,2
kanazawa_266_310_228_125.png,3
kanazawa_266_310_166_49.png,3
kanazawa_266_310_199_211.png,3
kanazawa_266_310_158_105.png,3
kanazawa_266_310_238_140.png,3
kanazawa_266_310_145_123.png,3
kanazawa_266_310_90_155.png,3
kanazawa_266_310_18_96.png,6
kanazawa_266_310_47_127.png,6
kanazawa_266_310_51_250.png,6
kanazawa_266_310_129_33.png,6
kanazawa_266_310_91_56.png,6
kanazawa_266_310_52_239.png,6
kanazawa_266_310_240_193.png,3
kanazawa_266_310_168_265.png,3
kanazawa_266_310_151_72.png,5
kanazawa_266_310_224_77.png,3
kanazawa_266_310_51_293.png,6
kanazawa_266_310_193_111.png,3
kanazawa_266_310_85_115.png,3
kanazawa_266_310_199_108.png,3
kanazawa_266_310_172_21.png,6
kanazawa_266_310_176_124.png,3
kanazawa_266_310_155_80.png,1
kanazawa_266_310_150_42.png,6
kanazawa_266_310_137_202.png,5
kanazawa_266_310_243_210.png,3
kanazawa_266_310_217_75.png,3
kanazawa_266_310_42_107.png,6
kanazawa_266_310_36_134.png,3
kanazawa_266_310_67_62.png,6
kanazawa_266_310_228_179.png,3
kanazawa_266_310_217_188.png,3
kanazawa_266_310_168_257.png,3
kanazawa_266_310_204_151.png,3
kanazawa_266_310_161_200.png,3
kanazawa_266_310_184_178.png,3
kanazawa_266_310_36_133.png,6
kanazawa_266_310_174_41.png,3
kanazawa_266_310_164_96.png,3
kanazawa_266_310_91_162.png,3
kanazawa_266_310_59_178.png,5
kanazawa_266_310_143_214.png,3
kanazawa_266_310_25_112.png,6
kanazawa_266_310_202_131.png,3
kanazawa_266_310_95_39.png,6
kanazawa_266_310_148_50.png,6
kanazawa_266_310_154_270.png,3
kanazawa_266_310_48_159.png,3
kanazawa_266_310_237_124.png,3
kanazawa_266_310_151_252.png,3
kanazawa_266_310_53_171.png,3
kanazawa_266_310_225_139.png,3
kanazawa_266_310_57_231.png,6
kanazawa_266_310_138_76.png,3
kanazawa_266_310_213_112.png,3
kanazawa_266_310_167_32.png,6
kanazawa_266_310_255_228.png,3
kanazawa_266_310_28_187.png,3
kanazawa_266_310_96_93.png,6
kanazawa_266_310_137_26.png,6
kanazawa_266_310_60_274.png,6
kanazawa_266_310_187_162.png,3
kanazawa_266_310_170_239.png,3
kanazawa_266_310_60_188.png,3
kanazawa_266_310_234_182.png,3
kanazawa_266_310_39_147.png,5
kanazawa_266_310_129_94.png,1
kanazawa_266_310_121_190.png,5
kanazawa_266_310_223_227.png,3
kanazawa_266_310_198_158.png,3
kanazawa_266_310_157_194.png,3
kanazawa_266_310_226_55.png,3
kanazawa_266_310_198_81.png,3
kanazawa_266_310_192_257.png,3
kanazawa_266_310_252_212.png,3
kanazawa_266_310_137_144.png,3
kanazawa_266_310_137_164.png,3
kanazawa_266_310_135_198.png,5
kanazawa_266_310_190_153.png,3
kanazawa_266_310_127_192.png,5
kanazawa_266_310_205_29.png,1
kanazawa_266_310_171_28.png,6
kanazawa_266_310_230_137.png,3
kanazawa_266_310_225_69.png,3
kanazawa_266_310_58_102.png,6
kanazawa_266_310_42_212.png,3
kanazawa_266_310_95_177.png,3
kanazawa_266_310_190_224.png,3
kanazawa_266_310_186_150.png,3
kanazawa_266_310_84_164.png,3
kanazawa_266_310_115_37.png,6
kanazawa_266_310_146_183.png,5
kanazawa_266_310_211_236.png,3
kanazawa_266_310_231_73.png,3
kanazawa_266_310_48_96.png,6
kanazawa_266_310_215_38.png,3
kanazawa_266_310_131_150.png,3
kanazawa_266_310_171_110.png,3
kanazawa_266_310_228_148.png,3
kanazawa_266_310_130_163.png,3
kanazawa_266_310_233_116.png,3
kanazawa_266_310_96_96.png,6
kanazawa_266_310_130_90.png,6
kanazawa_266_310_94_85.png,6
kanazawa_266_310_257_222.png,3
kanazawa_266_310_135_36.png,6
kanazawa_266_310_79_54.png,6
kanazawa_266_310_168_57.png,5
kanazawa_266_310_244_155.png,3
kanazawa_266_310_180_213.png,3
kanazawa_266_310_64_101.png,6
kanazawa_266_310_207_256.png,3
kanazawa_266_310_27_140.png,3
kanazawa_266_310_74_119.png,6
kanazawa_266_310_95_281.png,1
kanazawa_266_310_40_266.png,6
kanazawa_266_310_254_219.png,3
kanazawa_266_310_221_110.png,3
kanazawa_266_310_60_112.png,6
kanazawa_266_310_97_246.png,1
kanazawa_266_310_247_201.png,3
kanazawa_266_310_232_225.png,3
kanazawa_266_310_163_148.png,3
kanazawa_266_310_78_120.png,3
kanazawa_266_310_65_57.png,6
kanazawa_266_310_248_163.png,3
kanazawa_266_310_220_208.png,3
kanazawa_266_310_200_14.png,3
kanazawa_266_310_168_219.png,3
kanazawa_266_310_142_62.png,3
kanazawa_266_310_72_259.png,6
kanazawa_266_310_47_84.png,6
kanazawa_266_310_124_182.png,5
kanazawa_266_310_193_35.png,1
kanazawa_266_310_110_249.png,1
kanazawa_266_310_38_179.png,3
kanazawa_266_310_32_128.png,6
kanazawa_266_310_17_111.png,6
kanazawa_266_310_131_229.png,3
kanazawa_266_310_65_47.png,6
kanazawa_266_310_22_81.png,6
kanazawa_266_310_181_228.png,3
kanazawa_266_310_196_243.png,3
kanazawa_266_310_127_66.png,6
kanazawa_266_310_239_218.png,3
kanazawa_266_310_185_133.png,3
kanazawa_266_310_202_52.png,3
kanazawa_266_310_76_247.png,1
kanazawa_266_310_219_163.png,3
kanazawa_266_310_96_263.png,5
kanazawa_266_310_249_233.png,3
kanazawa_266_310_176_112.png,3
kanazawa_266_310_237_157.png,3
kanazawa_266_310_96_239.png,1
kanazawa_266_310_197_125.png,3
kanazawa_266_310_88_270.png,5
kanazawa_266_310_84_112.png,6
kanazawa_266_310_174_19.png,6
kanazawa_266_310_55_241.png,6
kanazawa_266_310_125_172.png,5
kanazawa_266_310_154_120.png,3
kanazawa_266_310_148_270.png,3
kanazawa_266_310_45_272.png,6
kanazawa_266_310_236_132.png,3
kanazawa_266_310_108_168.png,5
kanazawa_266_310_39_114.png,6
kanazawa_266_310_184_216.png,3
kanazawa_266_310_208_149.png,6
kanazawa_266_310_210_237.png,3
kanazawa_266_310_104_253.png,5
kanazawa_266_310_208_183.png,3
kanazawa_266_310_129_259.png,5
kanazawa_266_310_35_148.png,5
kanazawa_266_310_217_79.png,3
kanazawa_266_310_136_259.png,5
kanazawa_266_310_108_85.png,6
kanazawa_266_310_202_45.png,1
kanazawa_266_310_175_153.png,3
kanazawa_266_310_230_178.png,3
kanazawa_266_310_13_67.png,6
kanazawa_266_310_191_92.png,3
kanazawa_266_310_120_270.png,5
kanazawa_266_310_109_195.png,5
kanazawa_266_310_231_220.png,3
kanazawa_266_310_191_103.png,3
kanazawa_266_310_245_147.png,3
kanazawa_266_310_175_239.png,3
kanazawa_266_310_74_221.png,3
kanazawa_266_310_223_214.png,3
kanazawa_266_310_143_191.png,5
kanazawa_266_310_152_28.png,6
kanazawa_266_310_216_244.png,3
kanazawa_266_310_186_234.png,5
kanazawa_266_310_134_55.png,6
kanazawa_266_310_83_261.png,3
kanazawa_266_310_92_278.png,3
kanazawa_266_310_173_45.png,1
kanazawa_266_310_66_242.png,6
kanazawa_266_310_124_237.png,5
kanazawa_266_310_123_34.png,6
kanazawa_266_310_82_73.png,6
kanazawa_266_310_224_227.png,3
kanazawa_266_310_50_302.png,6
kanazawa_266_310_148_181.png,5
kanazawa_266_310_194_14.png,6
kanazawa_266_310_63_293.png,6
kanazawa_266_310_114_40.png,6
kanazawa_266_310_95_84.png,6
kanazawa_266_310_157_260.png,3
kanazawa_266_310_153_225.png,3
kanazawa_266_310_173_17.png,6
kanazawa_266_310_86_267.png,5
kanazawa_266_310_59_157.png,3
kanazawa_266_310_138_149.png,3
kanazawa_266_310_233_202.png,3
kanazawa_266_310_92_219.png,5
kanazawa_266_310_154_97.png,1
kanazawa_266_310_69_113.png,6
kanazawa_266_310_145_95.png,1
kanazawa_266_310_50_244.png,6
kanazawa_266_310_80_138.png,3
kanazawa_266_310_110_44.png,6
kanazawa_266_310_28_59.png,6
kanazawa_266_310_44_189.png,3
kanazawa_266_310_40_231.png,6
kanazawa_266_310_239_122.png,3
kanazawa_266_310_221_123.png,3
kanazawa_266_310_26_177.png,3
kanazawa_266_310_88_238.png,5
kanazawa_266_310_12_94.png,6
kanazawa_266_310_64_299.png,6
kanazawa_266_310_106_187.png,5
kanazawa_266_310_70_288.png,6
kanazawa_266_310_117_218.png,5
kanazawa_266_310_21_124.png,6
kanazawa_266_310_89_104.png,6
kanazawa_266_310_12_78.png,6
kanazawa_266_310_227_108.png,3
kanazawa_266_310_193_199.png,3
kanazawa_266_310_15_82.png,6
kanazawa_266_310_204_155.png,3
kanazawa_266_310_53_253.png,6
kanazawa_266_310_102_78.png,6
kanazawa_266_310_142_217.png,3
kanazawa_266_310_66_48.png,6
kanazawa_266_310_221_197.png,3
kanazawa_266_310_87_65.png,6
kanazawa_266_310_225_100.png,3
kanazawa_266_310_89_251.png,5
kanazawa_266_310_145_102.png,1
kanazawa_266_310_152_250.png,3
kanazawa_266_310_71_83.png,6
kanazawa_266_310_111_192.png,5
kanazawa_266_310_247_244.png,3
kanazawa_266_310_169_21.png,6
kanazawa_266_310_186_39.png,5
kanazawa_266_310_235_247.png,3
kanazawa_266_310_52_280.png,6
kanazawa_266_310_173_232.png,3
kanazawa_266_310_181_110.png,3
kanazawa_266_310_18_149.png,3
kanazawa_266_310_39_91.png,6
kanazawa_266_310_155_132.png,3
kanazawa_266_310_203_201.png,3
kanazawa_266_310_199_161.png,3
kanazawa_266_310_19_89.png,6
kanazawa_266_310_109_236.png,5
kanazawa_266_310_120_32.png,6
kanazawa_266_310_13_106.png,6
kanazawa_266_310_175_98.png,3
kanazawa_266_310_226_106.png,3
kanazawa_266_310_204_124.png,3
kanazawa_266_310_72_253.png,6
kanazawa_266_310_119_89.png,3
kanazawa_266_310_229_129.png,3
kanazawa_266_310_121_130.png,3
kanazawa_266_310_85_60.png,6
kanazawa_266_310_117_128.png,3
kanazawa_266_310_72_117.png,6
kanazawa_266_310_10_99.png,6
kanazawa_266_310_133_279.png,5
kanazawa_266_310_37_80.png,6
kanazawa_266_310_189_223.png,3
kanazawa_266_310_71_251.png,6
kanazawa_266_310_113_106.png,5
kanazawa_266_310_105_78.png,6
kanazawa_266_310_171_213.png,3
kanazawa_266_310_249_218.png,3
kanazawa_266_310_242_200.png,3
kanazawa_266_310_57_58.png,6
kanazawa_266_310_132_269.png,5
kanazawa_266_310_28_150.png,3
kanazawa_266_310_66_264.png,6
kanazawa_266_310_240_215.png,3
kanazawa_266_310_169_35.png,6
kanazawa_266_310_131_53.png,6
kanazawa_266_310_108_118.png,5
kanazawa_266_310_129_205.png,5
kanazawa_266_310_71_155.png,3
kanazawa_266_310_230_122.png,3
kanazawa_266_310_161_103.png,3
kanazawa_266_310_63_97.png,6
kanazawa_266_310_158_128.png,3
kanazawa_266_310_123_188.png,5
kanazawa_266_310_203_136.png,3
kanazawa_266_310_174_203.png,3
kanazawa_266_310_108_69.png,6
kanazawa_266_310_84_85.png,6
kanazawa_266_310_36_190.png,3
kanazawa_266_310_43_84.png,6
kanazawa_266_310_75_179.png,3
kanazawa_266_310_65_269.png,6
kanazawa_266_310_173_66.png,5
kanazawa_266_310_98_91.png,6
kanazawa_266_310_74_248.png,6
kanazawa_266_310_209_20.png,5
kanazawa_266_310_125_66.png,6
kanazawa_266_310_181_164.png,3
kanazawa_266_310_210_253.png,3
kanazawa_266_310_198_10.png,6
kanazawa_266_310_127_160.png,3
kanazawa_266_310_120_98.png,1
kanazawa_266_310_124_40.png,6
kanazawa_266_310_177_32.png,6
kanazawa_266_310_121_156.png,3
kanazawa_266_310_30_176.png,3
kanazawa_266_310_79_254.png,6
kanazawa_266_310_67_250.png,6
kanazawa_266_310_107_217.png,1
kanazawa_266_310_26_101.png,6
kanazawa_266_310_60_218.png,6
kanazawa_266_310_177_137.png,3
kanazawa_266_310_51_142.png,5
kanazawa_266_310_95_55.png,6
kanazawa_266_310_171_245.png,3
kanazawa_266_310_202_119.png,3
kanazawa_266_310_243_190.png,3
kanazawa_266_310_90_148.png,3
kanazawa_266_310_76_258.png,6
kanazawa_266_310_57_230.png,6
kanazawa_266_310_213_212.png,3
kanazawa_266_310_162_94.png,4
kanazawa_266_310_79_274.png,1
kanazawa_266_310_230_155.png,3
kanazawa_266_310_120_85.png,3
kanazawa_266_310_136_185.png,1
kanazawa_266_310_236_233.png,3
kanazawa_266_310_192_184.png,3
kanazawa_266_310_75_159.png,3
kanazawa_266_310_229_87.png,3
kanazawa_266_310_62_235.png,6
kanazawa_266_310_195_166.png,3
kanazawa_266_310_43_269.png,6
kanazawa_266_310_245_165.png,3
kanazawa_266_310_196_260.png,3
kanazawa_266_310_151_47.png,6
kanazawa_266_310_142_190.png,5
kanazawa_266_310_125_199.png,2
kanazawa_266_310_53_72.png,6
kanazawa_266_310_67_247.png,6
kanazawa_266_310_204_210.png,3
kanazawa_266_310_123_269.png,5
kanazawa_266_310_73_244.png,6
kanazawa_266_310_41_102.png,6
kanazawa_266_310_255_201.png,3
kanazawa_266_310_239_142.png,3
kanazawa_266_310_194_162.png,3
kanazawa_266_310_234_190.png,3
kanazawa_266_310_225_107.png,3
kanazawa_266_310_238_174.png,3
kanazawa_266_310_8_84.png,6
kanazawa_266_310_208_126.png,3
kanazawa_266_310_216_36.png,5
kanazawa_266_310_240_222.png,3
kanazawa_266_310_124_268.png,5
kanazawa_266_310_241_238.png,3
kanazawa_266_310_84_62.png,6
kanazawa_266_310_120_72.png,6
kanazawa_266_310_188_222.png,3
kanazawa_266_310_59_241.png,6
kanazawa_266_310_51_238.png,6
kanazawa_266_310_195_133.png,3
kanazawa_266_310_69_290.png,6
kanazawa_266_310_76_262.png,6
kanazawa_266_310_157_23.png,6
kanazawa_266_310_76_265.png,6
kanazawa_266_310_36_118.png,6
kanazawa_266_310_64_51.png,6
kanazawa_266_310_215_227.png,6
kanazawa_266_310_152_72.png,5
kanazawa_266_310_232_215.png,3
kanazawa_266_310_126_121.png,3
kanazawa_266_310_101_226.png,5
kanazawa_266_310_89_50.png,6
kanazawa_266_310_174_21.png,6
kanazawa_266_310_115_64.png,6
kanazawa_266_310_193_113.png,3
kanazawa_266_310_89_264.png,5
kanazawa_266_310_258_217.png,3
kanazawa_266_310_14_62.png,6
kanazawa_266_310_68_160.png,3
kanazawa_266_310_77_61.png,6
kanazawa_266_310_183_113.png,3
kanazawa_266_310_79_223.png,1
kanazawa_266_310_129_108.png,5
kanazawa_266_310_192_203.png,3
kanazawa_266_310_80_102.png,6
kanazawa_266_310_148_198.png,5
kanazawa_266_310_220_92.png,3
kanazawa_266_310_14_76.png,6
kanazawa_266_310_178_65.png,5
kanazawa_266_310_54_111.png,6
kanazawa_266_310_56_101.png,6
kanazawa_266_310_169_98.png,3
kanazawa_266_310_29_128.png,6
kanazawa_266_310_58_280.png,6
kanazawa_266_310_145_251.png,3
kanazawa_266_310_38_167.png,3
kanazawa_266_310_116_119.png,5
kanazawa_266_310_210_53.png,3
kanazawa_266_310_154_142.png,3
kanazawa_266_310_124_90.png,2
kanazawa_266_310_65_177.png,3
kanazawa_266_310_218_225.png,3
kanazawa_266_310_111_166.png,1
kanazawa_266_310_220_248.png,3
kanazawa_266_310_183_242.png,3
kanazawa_266_310_46_233.png,6
kanazawa_266_310_219_80.png,3
kanazawa_266_310_233_210.png,3
kanazawa_266_310_237_106.png,3
kanazawa_266_310_205_195.png,3
kanazawa_266_310_133_229.png,3
kanazawa_266_310_8_67.png,6
kanazawa_266_310_54_90.png,6
kanazawa_266_310_161_100.png,3
kanazawa_266_310_121_168.png,5
kanazawa_266_310_245_171.png,3
kanazawa_266_310_76_171.png,3
kanazawa_266_310_155_266.png,3
kanazawa_266_310_220_142.png,3
kanazawa_266_310_119_197.png,1
kanazawa_266_310_91_185.png,3
kanazawa_266_310_238_106.png,3
kanazawa_266_310_123_32.png,6
kanazawa_266_310_89_75.png,6
kanazawa_266_310_188_62.png,5
kanazawa_266_310_194_136.png,3
kanazawa_266_310_72_160.png,3
kanazawa_266_310_64_283.png,6
kanazawa_266_310_216_116.png,3
kanazawa_266_310_105_224.png,5
kanazawa_266_310_89_105.png,6
kanazawa_266_310_244_218.png,3
kanazawa_266_310_161_93.png,1
kanazawa_266_310_225_186.png,3
kanazawa_266_310_105_42.png,6
kanazawa_266_310_130_94.png,1
kanazawa_266_310_142_95.png,1
kanazawa_266_310_243_236.png,3
kanazawa_266_310_221_159.png,3
kanazawa_266_310_68_116.png,6
kanazawa_266_310_190_52.png,5
kanazawa_266_310_215_244.png,3
kanazawa_266_310_104_146.png,3
kanazawa_266_310_169_251.png,3
kanazawa_266_310_99_117.png,1
kanazawa_266_310_194_248.png,3
kanazawa_266_310_193_18.png,6
kanazawa_266_310_122_101.png,1
kanazawa_266_310_78_117.png,3
kanazawa_266_310_206_242.png,3
kanazawa_266_310_72_49.png,6
kanazawa_266_310_91_84.png,6
kanazawa_266_310_56_234.png,6
kanazawa_266_310_38_177.png,3
kanazawa_266_310_235_228.png,3
kanazawa_266_310_222_85.png,3
kanazawa_266_310_151_168.png,5
kanazawa_266_310_191_203.png,3
kanazawa_266_310_127_40.png,6
kanazawa_266_310_197_141.png,3
kanazawa_266_310_72_51.png,6
kanazawa_266_310_102_40.png,6
kanazawa_266_310_136_164.png,3
kanazawa_266_310_98_136.png,3
kanazawa_266_310_19_123.png,6
kanazawa_266_310_181_51.png,5
kanazawa_266_310_246_157.png,3
kanazawa_266_310_201_132.png,3
kanazawa_266_310_108_288.png,1
kanazawa_266_310_137_106.png,1
kanazawa_266_310_77_108.png,6
kanazawa_266_310_143_149.png,3
kanazawa_266_310_112_106.png,2
kanazawa_266_310_143_179.png,5
kanazawa_266_310_92_102.png,6
kanazawa_266_310_191_120.png,3
kanazawa_266_310_63_263.png,6
kanazawa_266_310_122_161.png,5
kanazawa_266_310_105_36.png,6
kanazawa_266_310_241_145.png,3
kanazawa_266_310_129_66.png,6
kanazawa_266_310_101_240.png,1
kanazawa_266_310_128_45.png,6
kanazawa_266_310_77_69.png,6
kanazawa_266_310_241_235.png,3
kanazawa_266_310_49_116.png,6
kanazawa_266_310_148_148.png,3
kanazawa_266_310_183_119.png,3
kanazawa_266_310_185_103.png,3
kanazawa_266_310_34_118.png,6
kanazawa_266_310_20_129.png,6
kanazawa_266_310_212_123.png,3
kanazawa_266_310_46_300.png,6
kanazawa_266_310_184_143.png,3
kanazawa_266_310_172_243.png,3
kanazawa_266_310_208_22.png,5
kanazawa_266_310_65_251.png,6
kanazawa_266_310_171_20.png,6
kanazawa_266_310_63_231.png,6
kanazawa_266_310_64_200.png,5
kanazawa_266_310_235_147.png,3
kanazawa_266_310_232_251.png,3
kanazawa_266_310_75_78.png,6
kanazawa_266_310_19_84.png,6
kanazawa_266_310_15_97.png,6
kanazawa_266_310_158_216.png,3
kanazawa_266_310_227_100.png,3
kanazawa_266_310_8_101.png,6
kanazawa_266_310_124_34.png,6
kanazawa_266_310_121_35.png,6
kanazawa_266_310_129_30.png,6
kanazawa_266_310_23_94.png,6
kanazawa_266_310_172_35.png,6
kanazawa_266_310_153_175.png,5
kanazawa_266_310_140_149.png,3
kanazawa_266_310_202_51.png,3
kanazawa_266_310_127_136.png,3
kanazawa_266_310_119_80.png,6
kanazawa_266_310_227_121.png,3
kanazawa_266_310_165_218.png,3
kanazawa_266_310_215_216.png,3
kanazawa_266_310_188_137.png,3
kanazawa_266_310_80_289.png,3
kanazawa_266_310_117_260.png,1
kanazawa_266_310_121_62.png,6
kanazawa_266_310_160_120.png,3
kanazawa_266_310_61_178.png,5
kanazawa_266_310_162_150.png,3
kanazawa_266_310_194_42.png,1
kanazawa_266_310_60_67.png,6
kanazawa_266_310_206_98.png,3
kanazawa_266_310_28_106.png,6
kanazawa_266_310_157_24.png,6
kanazawa_266_310_153_260.png,3
kanazawa_266_310_24_93.png,6
kanazawa_266_310_225_119.png,3
kanazawa_266_310_178_234.png,3
kanazawa_266_310_37_155.png,5
kanazawa_266_310_144_41.png,6
kanazawa_266_310_41_222.png,6
kanazawa_266_310_146_67.png,3
kanazawa_266_310_135_29.png,6
kanazawa_266_310_213_44.png,3
kanazawa_266_310_233_147.png,3
kanazawa_266_310_128_186.png,5
kanazawa_266_310_136_39.png,6
kanazawa_266_310_47_96.png,6
kanazawa_266_310_81_158.png,3
kanazawa_266_310_66_83.png,6
kanazawa_266_310_97_265.png,1
kanazawa_266_310_146_87.png,1
kanazawa_266_310_229_223.png,3
kanazawa_266_310_25_172.png,5
kanazawa_266_310_72_63.png,6
kanazawa_266_310_68_259.png,6
kanazawa_266_310_52_141.png,5
kanazawa_266_310_196_221.png,3
kanazawa_266_310_207_81.png,3
kanazawa_266_310_176_163.png,3
kanazawa_266_310_50_261.png,6
kanazawa_266_310_97_190.png,5
kanazawa_266_310_214_180.png,3
kanazawa_266_310_193_202.png,3
kanazawa_266_310_191_165.png,3
kanazawa_266_310_61_248.png,6
kanazawa_266_310_26_116.png,6
kanazawa_266_310_101_179.png,5
kanazawa_266_310_160_182.png,5
kanazawa_266_310_213_234.png,3
kanazawa_266_310_105_200.png,5
kanazawa_266_310_128_66.png,6
kanazawa_266_310_10_86.png,6
kanazawa_266_310_220_183.png,3
kanazawa_266_310_61_254.png,6
kanazawa_266_310_37_69.png,6
kanazawa_266_310_79_198.png,3
kanazawa_266_310_158_47.png,6
kanazawa_266_310_54_119.png,6
kanazawa_266_310_137_63.png,6
kanazawa_266_310_223_185.png,3
kanazawa_266_310_158_175.png,5
kanazawa_266_310_96_59.png,6
kanazawa_266_310_39_130.png,6
kanazawa_266_310_208_231.png,3
kanazawa_266_310_115_38.png,6
kanazawa_266_310_218_125.png,3
kanazawa_266_310_169_256.png,3
kanazawa_266_310_230_91.png,3
kanazawa_266_310_201_236.png,3
kanazawa_266_310_74_115.png,6
kanazawa_266_310_189_135.png,3
kanazawa_266_310_108_173.png,5
kanazawa_266_310_257_237.png,3
kanazawa_266_310_163_218.png,3
kanazawa_266_310_69_265.png,6
kanazawa_266_310_89_71.png,6
kanazawa_266_310_212_163.png,3
kanazawa_266_310_212_218.png,3
kanazawa_266_310_212_46.png,3
kanazawa_266_310_191_157.png,3
kanazawa_266_310_199_209.png,3
kanazawa_266_310_117_44.png,6
kanazawa_266_310_137_54.png,6
kanazawa_266_310_118_55.png,6
kanazawa_266_310_164_233.png,3
kanazawa_266_310_149_47.png,6
kanazawa_266_310_152_85.png,1
kanazawa_266_310_160_194.png,3
kanazawa_266_310_186_125.png,3
kanazawa_266_310_208_6.png,5
kanazawa_266_310_180_240.png,3
kanazawa_266_310_240_148.png,5
kanazawa_266_310_109_64.png,6
kanazawa_266_310_46_188.png,3
kanazawa_266_310_108_151.png,3
kanazawa_266_310_158_157.png,3
kanazawa_266_310_210_197.png,3
kanazawa_266_310_75_281.png,6
kanazawa_266_310_108_124.png,5
kanazawa_266_310_154_175.png,5
kanazawa_266_310_193_219.png,3
kanazawa_266_310_221_207.png,3
kanazawa_266_310_105_147.png,3
kanazawa_266_310_189_181.png,3
kanazawa_266_310_99_49.png,6
kanazawa_266_310_49_301.png,6
kanazawa_266_310_118_104.png,3
kanazawa_266_310_89_229.png,5
kanazawa_266_310_154_166.png,5
kanazawa_266_310_203_192.png,3
kanazawa_266_310_72_252.png,6
kanazawa_266_310_131_97.png,1
kanazawa_266_310_170_52.png,5
kanazawa_266_310_194_120.png,3
kanazawa_266_310_149_193.png,5
kanazawa_266_310_197_146.png,3
kanazawa_266_310_173_165.png,3
kanazawa_266_310_153_139.png,3
kanazawa_266_310_212_256.png,3
kanazawa_266_310_167_38.png,6
kanazawa_266_310_175_23.png,6
kanazawa_266_310_68_86.png,6
kanazawa_266_310_172_136.png,3
kanazawa_266_310_164_222.png,3
kanazawa_266_310_167_252.png,3
kanazawa_266_310_247_211.png,3
kanazawa_266_310_158_103.png,3
kanazawa_266_310_122_200.png,5
kanazawa_266_310_129_68.png,6
kanazawa_266_310_234_145.png,3
kanazawa_266_310_249_193.png,3
kanazawa_266_310_214_210.png,3
kanazawa_266_310_94_201.png,5
kanazawa_266_310_141_193.png,5
kanazawa_266_310_69_293.png,6
kanazawa_266_310_49_263.png,6
kanazawa_266_310_76_208.png,3
kanazawa_266_310_202_143.png,3
kanazawa_266_310_100_115.png,1
kanazawa_266_310_105_86.png,6
kanazawa_266_310_109_207.png,5
kanazawa_266_310_219_59.png,3
kanazawa_266_310_98_287.png,1
kanazawa_266_310_93_281.png,1
kanazawa_266_310_142_220.png,3
kanazawa_266_310_112_148.png,3
kanazawa_266_310_194_210.png,3
kanazawa_266_310_185_163.png,3
kanazawa_266_310_77_58.png,6
kanazawa_266_310_158_169.png,5
kanazawa_266_310_193_105.png,3
kanazawa_266_310_68_278.png,6
kanazawa_266_310_96_81.png,6
kanazawa_266_310_159_157.png,3
kanazawa_266_310_224_71.png,3
kanazawa_266_310_87_69.png,6
kanazawa_266_310_142_103.png,1
kanazawa_266_310_95_86.png,6
kanazawa_266_310_29_120.png,6
kanazawa_266_310_151_177.png,5
kanazawa_266_310_134_27.png,6
kanazawa_266_310_162_39.png,6
kanazawa_266_310_57_130.png,6
kanazawa_266_310_152_154.png,3
kanazawa_266_310_216_216.png,3
kanazawa_266_310_54_93.png,6
kanazawa_266_310_43_53.png,6
kanazawa_266_310_119_78.png,6
kanazawa_266_310_122_178.png,5
kanazawa_266_310_130_79.png,3
kanazawa_266_310_88_65.png,6
kanazawa_266_310_203_114.png,3
kanazawa_266_310_64_293.png,6
kanazawa_266_310_103_72.png,6
kanazawa_266_310_189_117.png,3
kanazawa_266_310_72_119.png,6
kanazawa_266_310_52_128.png,6
kanazawa_266_310_214_31.png,1
kanazawa_266_310_168_43.png,6
kanazawa_266_310_19_134.png,3
kanazawa_266_310_165_184.png,3
kanazawa_266_310_156_40.png,6
kanazawa_266_310_28_88.png,6
kanazawa_266_310_155_96.png,1
kanazawa_266_310_249_219.png,3
kanazawa_266_310_127_43.png,6
kanazawa_266_310_232_137.png,3
kanazawa_266_310_74_58.png,6
kanazawa_266_310_108_65.png,6
kanazawa_266_310_74_288.png,6
kanazawa_266_310_161_27.png,6
kanazawa_266_310_47_183.png,3
kanazawa_266_310_203_216.png,3
kanazawa_266_310_181_16.png,6
kanazawa_266_310_152_76.png,1
kanazawa_266_310_75_247.png,6
kanazawa_266_310_19_76.png,6
kanazawa_266_310_228_174.png,3
kanazawa_266_310_236_130.png,3
kanazawa_266_310_205_254.png,3
kanazawa_266_310_167_204.png,3
kanazawa_266_310_34_86.png,6
kanazawa_266_310_96_214.png,1
kanazawa_266_310_114_42.png,6
kanazawa_266_310_196_240.png,3
kanazawa_266_310_69_89.png,6
kanazawa_266_310_136_105.png,1
kanazawa_266_310_181_248.png,3
kanazawa_266_310_122_38.png,6
kanazawa_266_310_165_201.png,3
kanazawa_266_310_35_240.png,6
kanazawa_266_310_242_130.png,3
kanazawa_266_310_245_194.png,3
kanazawa_266_310_238_145.png,6
kanazawa_266_310_34_60.png,6
kanazawa_266_310_79_120.png,3
kanazawa_266_310_188_176.png,3
kanazawa_266_310_83_142.png,3
kanazawa_266_310_55_205.png,1
kanazawa_266_310_172_196.png,3
kanazawa_266_310_242_199.png,3
kanazawa_266_310_93_111.png,3
kanazawa_266_310_32_91.png,6
kanazawa_266_310_107_53.png,6
kanazawa_266_310_119_57.png,6
kanazawa_266_310_144_33.png,6
kanazawa_266_310_205_239.png,3
kanazawa_266_310_150_124.png,3
kanazawa_266_310_169_187.png,3
kanazawa_266_310_18_72.png,6
kanazawa_266_310_19_99.png,6
kanazawa_266_310_150_233.png,3
kanazawa_266_310_145_265.png,3
kanazawa_266_310_200_9.png,6
kanazawa_266_310_63_77.png,6
kanazawa_266_310_91_177.png,3
kanazawa_266_310_36_232.png,6
kanazawa_266_310_238_209.png,3
kanazawa_266_310_170_33.png,6
kanazawa_266_310_86_261.png,5
kanazawa_266_310_87_281.png,1
kanazawa_266_310_150_241.png,3
kanazawa_266_310_209_149.png,6
kanazawa_266_310_46_290.png,6
kanazawa_266_310_60_71.png,6
kanazawa_266_310_83_140.png,3
kanazawa_266_310_66_265.png,6
kanazawa_266_310_59_72.png,6
kanazawa_266_310_120_109.png,5
kanazawa_266_310_113_165.png,5
kanazawa_266_310_188_233.png,3
kanazawa_266_310_157_171.png,5
kanazawa_266_310_77_59.png,6
kanazawa_266_310_216_125.png,3
kanazawa_266_310_108_109.png,5
kanazawa_266_310_111_219.png,5
kanazawa_266_310_107_94.png,6
kanazawa_266_310_50_54.png,6
kanazawa_266_310_119_50.png,6
kanazawa_266_310_222_200.png,3
kanazawa_266_310_201_133.png,3
kanazawa_266_310_81_261.png,6
kanazawa_266_310_117_129.png,3
kanazawa_266_310_222_197.png,3
kanazawa_266_310_219_157.png,3
kanazawa_266_310_107_178.png,5
kanazawa_266_310_103_37.png,6
kanazawa_266_310_219_196.png,3
kanazawa_266_310_69_281.png,6
kanazawa_266_310_137_44.png,6
kanazawa_266_310_178_135.png,3
kanazawa_266_310_150_64.png,3
kanazawa_266_310_45_256.png,6
kanazawa_266_310_156_64.png,5
kanazawa_266_310_225_184.png,3
kanazawa_266_310_167_23.png,6
kanazawa_266_310_156_175.png,5
kanazawa_266_310_172_19.png,6
kanazawa_266_310_242_186.png,3
kanazawa_266_310_51_298.png,6
kanazawa_266_310_123_223.png,3
kanazawa_266_310_102_158.png,3
kanazawa_266_310_211_53.png,3
kanazawa_266_310_242_169.png,3
kanazawa_266_310_31_194.png,3
kanazawa_266_310_61_62.png,6
kanazawa_266_310_205_226.png,6
kanazawa_266_310_88_293.png,5
kanazawa_266_310_87_172.png,5
kanazawa_266_310_234_89.png,3
kanazawa_266_310_55_157.png,3
kanazawa_266_310_57_222.png,6
kanazawa_266_310_94_93.png,6
kanazawa_266_310_50_262.png,6
kanazawa_266_310_228_91.png,3
kanazawa_266_310_45_104.png,6
kanazawa_266_310_85_89.png,6
kanazawa_266_310_119_74.png,6
kanazawa_266_310_204_250.png,3
kanazawa_266_310_199_246.png,3
kanazawa_266_310_253_235.png,3
kanazawa_266_310_161_63.png,5
kanazawa_266_310_172_182.png,3
kanazawa_266_310_133_162.png,3
kanazawa_266_310_56_97.png,6
kanazawa_266_310_229_185.png,3
kanazawa_266_310_191_139.png,3
kanazawa_266_310_45_176.png,5
kanazawa_266_310_60_68.png,6
kanazawa_266_310_57_86.png,6
kanazawa_266_310_76_115.png,6
kanazawa_266_310_112_91.png,6
kanazawa_266_310_146_177.png,5
kanazawa_266_310_193_114.png,3
kanazawa_266_310_129_188.png,5
kanazawa_266_310_86_200.png,5
kanazawa_266_310_186_85.png,3
kanazawa_266_310_245_184.png,3
kanazawa_266_310_216_215.png,6
kanazawa_266_310_162_271.png,3
kanazawa_266_310_171_76.png,5
kanazawa_266_310_112_199.png,5
kanazawa_266_310_234_134.png,3
kanazawa_266_310_117_271.png,1
kanazawa_266_310_227_152.png,3
kanazawa_266_310_210_213.png,3
kanazawa_266_310_197_207.png,3
kanazawa_266_310_189_253.png,3
kanazawa_266_310_197_123.png,3
kanazawa_266_310_189_227.png,3
kanazawa_266_310_145_87.png,1
kanazawa_266_310_171_220.png,3
kanazawa_266_310_9_75.png,6
kanazawa_266_310_218_94.png,3
kanazawa_266_310_118_184.png,5
kanazawa_266_310_164_216.png,3
kanazawa_266_310_97_153.png,3
kanazawa_266_310_65_178.png,3
kanazawa_266_310_44_85.png,6
kanazawa_266_310_191_59.png,1
kanazawa_266_310_223_235.png,3
kanazawa_266_310_86_221.png,1
kanazawa_266_310_212_234.png,3
kanazawa_266_310_249_191.png,3
kanazawa_266_310_233_94.png,3
kanazawa_266_310_81_107.png,6
kanazawa_266_310_146_163.png,5
kanazawa_266_310_70_230.png,3
kanazawa_266_310_146_45.png,6
kanazawa_266_310_179_188.png,3
kanazawa_266_310_231_125.png,3
kanazawa_266_310_87_64.png,6
kanazawa_266_310_216_202.png,3
kanazawa_266_310_133_199.png,5
kanazawa_266_310_23_142.png,5
kanazawa_266_310_195_151.png,3
kanazawa_266_310_241_134.png,3
kanazawa_266_310_99_131.png,3
kanazawa_266_310_53_125.png,6
kanazawa_266_310_211_133.png,3
kanazawa_266_310_110_43.png,6
kanazawa_266_310_54_251.png,6
kanazawa_266_310_14_95.png,6
kanazawa_266_310_180_181.png,3
kanazawa_266_310_54_127.png,6
kanazawa_266_310_23_95.png,6
kanazawa_266_310_210_103.png,3
kanazawa_266_310_148_243.png,3
kanazawa_266_310_140_39.png,6
kanazawa_266_310_84_125.png,3
kanazawa_266_310_225_41.png,3
kanazawa_266_310_162_98.png,3
kanazawa_266_310_122_64.png,6
kanazawa_266_310_87_48.png,6
kanazawa_266_310_174_33.png,6
kanazawa_266_310_59_109.png,6
kanazawa_266_310_225_251.png,3
kanazawa_266_310_21_126.png,6
kanazawa_266_310_187_37.png,5
kanazawa_266_310_167_53.png,5
kanazawa_266_310_48_79.png,6
kanazawa_266_310_118_60.png,6
kanazawa_266_310_254_213.png,3
kanazawa_266_310_81_277.png,6
kanazawa_266_310_214_165.png,3
kanazawa_266_310_127_179.png,5
kanazawa_266_310_118_281.png,1
kanazawa_266_310_122_46.png,6
kanazawa_266_310_18_125.png,6
kanazawa_266_310_50_233.png,6
kanazawa_266_310_107_48.png,6
kanazawa_266_310_102_138.png,3
kanazawa_266_310_108_157.png,3
kanazawa_266_310_172_268.png,3
kanazawa_266_310_87_103.png,6
kanazawa_266_310_49_224.png,6
kanazawa_266_310_51_176.png,3
kanazawa_266_310_116_126.png,3
kanazawa_266_310_212_105.png,3
kanazawa_266_310_85_221.png,1
kanazawa_266_310_243_194.png,3
kanazawa_266_310_89_237.png,5
kanazawa_266_310_91_42.png,6
kanazawa_266_310_133_210.png,3
kanazawa_266_310_128_158.png,3
kanazawa_266_310_46_95.png,6
kanazawa_266_310_46_128.png,6
kanazawa_266_310_208_45.png,3
kanazawa_266_310_162_152.png,3
kanazawa_266_310_81_48.png,6
kanazawa_266_310_225_38.png,3
kanazawa_266_310_156_27.png,6
kanazawa_266_310_167_93.png,3
kanazawa_266_310_155_91.png,1
kanazawa_266_310_215_242.png,3
kanazawa_266_310_112_196.png,5
kanazawa_266_310_56_284.png,6
kanazawa_266_310_242_214.png,3
kanazawa_266_310_102_201.png,5
kanazawa_266_310_48_121.png,6
kanazawa_266_310_72_270.png,6
kanazawa_266_310_160_178.png,1
kanazawa_266_310_165_30.png,6
kanazawa_266_310_103_103.png,3
kanazawa_266_310_24_117.png,6
kanazawa_266_310_128_124.png,3
kanazawa_266_310_27_74.png,6
kanazawa_266_310_206_184.png,3
kanazawa_266_310_169_106.png,3
kanazawa_266_310_38_116.png,6
kanazawa_266_310_153_123.png,3
kanazawa_266_310_61_164.png,3
kanazawa_266_310_84_91.png,6
kanazawa_266_310_19_82.png,6
kanazawa_266_310_183_239.png,3
kanazawa_266_310_111_136.png,5
kanazawa_266_310_96_94.png,6
kanazawa_266_310_108_120.png,5
kanazawa_266_310_210_174.png,3
kanazawa_266_310_184_167.png,3
kanazawa_266_310_161_209.png,3
kanazawa_266_310_185_127.png,3
kanazawa_266_310_150_65.png,3
kanazawa_266_310_79_268.png,6
kanazawa_266_310_257_224.png,3
kanazawa_266_310_59_101.png,6
kanazawa_266_310_66_274.png,6
kanazawa_266_310_229_235.png,3
kanazawa_266_310_191_224.png,3
kanazawa_266_310_44_284.png,6
kanazawa_266_310_221_172.png,3
kanazawa_266_310_149_220.png,3
kanazawa_266_310_51_96.png,6
kanazawa_266_310_257_231.png,3
kanazawa_266_310_148_209.png,3
kanazawa_266_310_20_66.png,6
kanazawa_266_310_146_64.png,6
kanazawa_266_310_97_126.png,3
kanazawa_266_310_14_108.png,6
kanazawa_266_310_47_178.png,3
kanazawa_266_310_24_72.png,6
kanazawa_266_310_242_231.png,3
kanazawa_266_310_103_101.png,3
kanazawa_266_310_211_150.png,3
kanazawa_266_310_194_138.png,3
kanazawa_266_310_119_253.png,5
kanazawa_266_310_127_189.png,5
kanazawa_266_310_70_66.png,6
kanazawa_266_310_139_56.png,6
kanazawa_266_310_174_232.png,3
kanazawa_266_310_54_110.png,6
kanazawa_266_310_59_74.png,6
kanazawa_266_310_163_151.png,3
kanazawa_266_310_122_147.png,3
kanazawa_266_310_222_144.png,6
kanazawa_266_310_105_59.png,6
kanazawa_266_310_204_171.png,3
kanazawa_266_310_218_189.png,3
kanazawa_266_310_236_186.png,3
kanazawa_266_310_117_213.png,1
kanazawa_266_310_82_260.png,3
kanazawa_266_310_202_255.png,3
kanazawa_266_310_26_86.png,6
kanazawa_266_310_45_68.png,6
kanazawa_266_310_59_235.png,6
kanazawa_266_310_42_68.png,6
kanazawa_266_310_74_241.png,6
kanazawa_266_310_89_180.png,3
kanazawa_266_310_241_202.png,3
kanazawa_266_310_91_163.png,3
kanazawa_266_310_70_74.png,6
kanazawa_266_310_56_73.png,6
kanazawa_266_310_146_39.png,6
kanazawa_266_310_59_270.png,6
kanazawa_266_310_141_66.png,6
kanazawa_266_310_208_152.png,3
kanazawa_266_310_225_163.png,3
kanazawa_266_310_193_218.png,3
kanazawa_266_310_68_163.png,3
kanazawa_266_310_122_283.png,5
kanazawa_266_310_83_97.png,6
kanazawa_266_310_111_180.png,5
kanazawa_266_310_73_161.png,3
kanazawa_266_310_179_232.png,3
kanazawa_266_310_61_299.png,6
kanazawa_266_310_167_143.png,3
kanazawa_266_310_161_157.png,3
kanazawa_266_310_18_98.png,6
kanazawa_266_310_224_86.png,3
kanazawa_266_310_182_158.png,3
kanazawa_266_310_94_99.png,6
kanazawa_266_310_186_13.png,6
kanazawa_266_310_154_24.png,6
kanazawa_266_310_97_281.png,1
kanazawa_266_310_220_194.png,3
kanazawa_266_310_28_113.png,6
kanazawa_266_310_177_196.png,3
kanazawa_266_310_134_199.png,5
kanazawa_266_310_109_164.png,3
kanazawa_266_310_37_87.png,6
kanazawa_266_310_75_82.png,6
kanazawa_266_310_115_141.png,3
kanazawa_266_310_60_289.png,6
kanazawa_266_310_216_195.png,3
kanazawa_266_310_126_240.png,3
kanazawa_266_310_137_34.png,6
kanazawa_266_310_75_72.png,6
kanazawa_266_310_217_232.png,3
kanazawa_266_310_89_186.png,3
kanazawa_266_310_156_209.png,3
kanazawa_266_310_153_144.png,3
kanazawa_266_310_142_61.png,3
kanazawa_266_310_29_131.png,6
kanazawa_266_310_78_153.png,3
kanazawa_266_310_245_232.png,3
kanazawa_266_310_204_239.png,3
kanazawa_266_310_161_120.png,3
kanazawa_266_310_39_235.png,6
kanazawa_266_310_205_232.png,3
kanazawa_266_310_175_201.png,3
kanazawa_266_310_189_122.png,3
kanazawa_266_310_192_137.png,3
kanazawa_266_310_216_104.png,3
kanazawa_266_310_202_188.png,3
kanazawa_266_310_172_45.png,1
kanazawa_266_310_123_130.png,3
kanazawa_266_310_187_134.png,3
kanazawa_266_310_62_97.png,6
kanazawa_266_310_35_149.png,5
kanazawa_266_310_25_169.png,5
kanazawa_266_310_118_173.png,5
kanazawa_266_310_229_201.png,3
kanazawa_266_310_115_219.png,5
kanazawa_266_310_41_128.png,6
kanazawa_266_310_101_105.png,3
kanazawa_266_310_46_118.png,6
kanazawa_266_310_108_100.png,3
kanazawa_266_310_177_33.png,6
kanazawa_266_310_46_271.png,6
kanazawa_266_310_203_78.png,3
kanazawa_266_310_214_143.png,3
kanazawa_266_310_183_209.png,3
kanazawa_266_310_47_304.png,6
kanazawa_266_310_168_246.png,3
kanazawa_266_310_190_249.png,3
kanazawa_266_310_165_40.png,6
kanazawa_266_310_157_248.png,3
kanazawa_266_310_142_101.png,1
kanazawa_266_310_222_93.png,3
kanazawa_266_310_204_170.png,3
kanazawa_266_310_52_68.png,6
kanazawa_266_310_147_119.png,3
kanazawa_266_310_178_198.png,3
kanazawa_266_310_91_170.png,3
kanazawa_266_310_155_105.png,3
kanazawa_266_310_44_245.png,6
kanazawa_266_310_33_73.png,6
kanazawa_266_310_36_237.png,6
kanazawa_266_310_157_146.png,3
kanazawa_266_310_115_286.png,5
kanazawa_266_310_209_160.png,3
kanazawa_266_310_137_52.png,6
kanazawa_266_310_30_59.png,6
kanazawa_266_310_9_89.png,6
kanazawa_266_310_80_195.png,3
kanazawa_266_310_161_205.png,3
kanazawa_266_310_252_225.png,3
kanazawa_266_310_49_234.png,6
kanazawa_266_310_199_118.png,3
kanazawa_266_310_65_59.png,6
kanazawa_266_310_95_73.png,6
kanazawa_266_310_203_213.png,3
kanazawa_266_310_40_173.png,3
kanazawa_266_310_11_70.png,6
kanazawa_266_310_229_85.png,3
kanazawa_266_310_12_118.png,6
kanazawa_266_310_176_198.png,3
kanazawa_266_310_189_179.png,3
kanazawa_266_310_202_124.png,3
kanazawa_266_310_94_146.png,3
kanazawa_266_310_43_100.png,6
kanazawa_266_310_34_67.png,6
kanazawa_266_310_254_222.png,3
kanazawa_266_310_116_87.png,1
kanazawa_266_310_193_198.png,3
kanazawa_266_310_218_224.png,3
kanazawa_266_310_56_217.png,6
kanazawa_266_310_44_262.png,6
kanazawa_266_310_131_77.png,3
kanazawa_266_310_110_97.png,3
kanazawa_266_310_188_248.png,3
kanazawa_266_310_249_187.png,3
kanazawa_266_310_59_123.png,6
kanazawa_266_310_217_203.png,3
kanazawa_266_310_75_139.png,2
kanazawa_266_310_151_30.png,6
kanazawa_266_310_77_262.png,6
kanazawa_266_310_180_215.png,3
kanazawa_266_310_216_103.png,3
kanazawa_266_310_148_120.png,3
kanazawa_266_310_156_31.png,6
kanazawa_266_310_111_87.png,6
kanazawa_266_310_241_220.png,3
kanazawa_266_310_180_149.png,3
kanazawa_266_310_197_209.png,3
kanazawa_266_310_114_156.png,3
kanazawa_266_310_210_239.png,3
kanazawa_266_310_125_49.png,6
kanazawa_266_310_73_271.png,6
kanazawa_266_310_106_276.png,1
kanazawa_266_310_124_109.png,5
kanazawa_266_310_79_225.png,1
kanazawa_266_310_159_141.png,3
kanazawa_266_310_251_245.png,3
kanazawa_266_310_101_38.png,6
kanazawa_266_310_87_264.png,5
kanazawa_266_310_64_79.png,6
kanazawa_266_310_147_37.png,6
kanazawa_266_310_147_80.png,5
kanazawa_266_310_145_53.png,6
kanazawa_266_310_231_244.png,3
kanazawa_266_310_52_72.png,6
kanazawa_266_310_189_144.png,3
kanazawa_266_310_107_36.png,6
kanazawa_266_310_124_76.png,3
kanazawa_266_310_151_163.png,5
kanazawa_266_310_54_70.png,6
kanazawa_266_310_70_235.png,6
kanazawa_266_310_17_112.png,6
kanazawa_266_310_47_207.png,6
kanazawa_266_310_120_135.png,3
kanazawa_266_310_43_178.png,3
kanazawa_266_310_99_211.png,5
kanazawa_266_310_18_131.png,6
kanazawa_266_310_225_76.png,3
kanazawa_266_310_139_146.png,3
kanazawa_266_310_96_83.png,6
kanazawa_266_310_134_50.png,6
kanazawa_266_310_201_163.png,3
kanazawa_266_310_153_160.png,5
kanazawa_266_310_177_218.png,3
kanazawa_266_310_244_160.png,3
kanazawa_266_310_64_123.png,6
kanazawa_266_310_124_208.png,5
kanazawa_266_310_124_107.png,5
kanazawa_266_310_45_294.png,6
kanazawa_266_310_173_227.png,3
kanazawa_266_310_41_62.png,6
kanazawa_266_310_108_36.png,6
kanazawa_266_310_52_78.png,6
kanazawa_266_310_175_217.png,3
kanazawa_266_310_42_232.png,6
kanazawa_266_310_36_239.png,6
kanazawa_266_310_211_12.png,6
kanazawa_266_310_50_193.png,5
kanazawa_266_310_174_62.png,5
kanazawa_266_310_240_131.png,3
kanazawa_266_310_162_139.png,3
kanazawa_266_310_208_227.png,3
kanazawa_266_310_79_231.png,5
kanazawa_266_310_91_47.png,6
kanazawa_266_310_84_127.png,3
kanazawa_266_310_101_224.png,1
kanazawa_266_310_196_156.png,3
kanazawa_266_310_57_236.png,6
kanazawa_266_310_89_290.png,5
kanazawa_266_310_20_89.png,6
kanazawa_266_310_51_108.png,6
kanazawa_266_310_75_141.png,3
kanazawa_266_310_177_237.png,3
kanazawa_266_310_144_174.png,5
kanazawa_266_310_162_119.png,3
kanazawa_266_310_119_178.png,5
kanazawa_266_310_234_104.png,3
kanazawa_266_310_181_129.png,3
kanazawa_266_310_16_65.png,6
kanazawa_266_310_154_229.png,3
kanazawa_266_310_238_225.png,3
kanazawa_266_310_239_213.png,3
kanazawa_266_310_111_249.png,1
kanazawa_266_310_193_126.png,3
kanazawa_266_310_147_139.png,3
kanazawa_266_310_141_103.png,1
kanazawa_266_310_187_242.png,3
kanazawa_266_310_120_144.png,3
kanazawa_266_310_67_98.png,6
kanazawa_266_310_158_49.png,6
kanazawa_266_310_65_221.png,3
kanazawa_266_310_232_164.png,3
kanazawa_266_310_82_49.png,6
kanazawa_266_310_250_205.png,3
kanazawa_266_310_206_214.png,3
kanazawa_266_310_261_228.png,3
kanazawa_266_310_36_64.png,6
kanazawa_266_310_101_39.png,6
kanazawa_266_310_199_63.png,3
kanazawa_266_310_70_270.png,6
kanazawa_266_310_158_254.png,3
kanazawa_266_310_203_145.png,3
kanazawa_266_310_180_259.png,3
kanazawa_266_310_195_25.png,5
kanazawa_266_310_157_205.png,3
kanazawa_266_310_152_261.png,3
kanazawa_266_310_119_71.png,6
kanazawa_266_310_37_60.png,6
kanazawa_266_310_108_90.png,6
kanazawa_266_310_204_216.png,3
kanazawa_266_310_51_258.png,6
kanazawa_266_310_197_195.png,3
kanazawa_266_310_59_58.png,6
kanazawa_266_310_20_134.png,3
kanazawa_266_310_102_38.png,6
kanazawa_266_310_90_109.png,3
kanazawa_266_310_148_239.png,3
kanazawa_266_310_85_289.png,1
kanazawa_266_310_181_244.png,3
kanazawa_266_310_185_107.png,3
kanazawa_266_310_45_254.png,6
kanazawa_266_310_113_84.png,6
kanazawa_266_310_184_190.png,3
kanazawa_266_310_100_212.png,5
kanazawa_266_310_235_206.png,3
kanazawa_266_310_88_284.png,1
kanazawa_266_310_112_65.png,6
kanazawa_266_310_94_49.png,6
kanazawa_266_310_182_241.png,3
kanazawa_266_310_54_76.png,6
kanazawa_266_310_206_162.png,3
kanazawa_266_310_75_95.png,6
kanazawa_266_310_100_72.png,6
kanazawa_266_310_207_58.png,3
kanazawa_266_310_51_168.png,3
kanazawa_266_310_153_213.png,3
kanazawa_266_310_127_45.png,6
kanazawa_266_310_144_70.png,3
kanazawa_266_310_129_224.png,3
kanazawa_266_310_216_26.png,5
kanazawa_266_310_181_71.png,5
kanazawa_266_310_128_43.png,6
kanazawa_266_310_73_276.png,6
kanazawa_266_310_166_232.png,3
kanazawa_266_310_242_177.png,3
kanazawa_266_310_142_142.png,3
kanazawa_266_310_112_49.png,6
kanazawa_266_310_178_160.png,3
kanazawa_266_310_45_125.png,6
kanazawa_266_310_68_247.png,6
kanazawa_266_310_31_200.png,3
kanazawa_266_310_179_66.png,5
kanazawa_266_310_188_23.png,6
kanazawa_266_310_111_152.png,3
kanazawa_266_310_22_122.png,6
kanazawa_266_310_208_30.png,1
kanazawa_266_310_49_300.png,6
kanazawa_266_310_62_283.png,6
kanazawa_266_310_34_216.png,3
kanazawa_266_310_182_205.png,3
kanazawa_266_310_48_91.png,6
kanazawa_266_310_147_169.png,1
kanazawa_266_310_205_22.png,5
kanazawa_266_310_231_92.png,3
kanazawa_266_310_166_45.png,6
kanazawa_266_310_131_263.png,5
kanazawa_266_310_78_59.png,6
kanazawa_266_310_91_140.png,3
kanazawa_266_310_160_55.png,3
kanazawa_266_310_196_196.png,3
kanazawa_266_310_29_199.png,3
kanazawa_266_310_170_190.png,3
kanazawa_266_310_132_219.png,3
kanazawa_266_310_51_152.png,3
kanazawa_266_310_132_38.png,6
kanazawa_266_310_47_224.png,6
kanazawa_266_310_164_107.png,3
kanazawa_266_310_191_198.png,3
kanazawa_266_310_38_128.png,6
kanazawa_266_310_135_118.png,3
kanazawa_266_310_57_115.png,6
kanazawa_266_310_70_125.png,3
kanazawa_266_310_146_93.png,1
kanazawa_266_310_177_27.png,6
kanazawa_266_310_99_72.png,6
kanazawa_266_310_119_35.png,6
kanazawa_266_310_144_130.png,3
kanazawa_266_310_13_81.png,6
kanazawa_266_310_93_213.png,1
kanazawa_266_310_159_239.png,3
kanazawa_266_310_35_73.png,6
kanazawa_266_310_165_58.png,5
kanazawa_266_310_253_245.png,3
kanazawa_266_310_212_38.png,3
kanazawa_266_310_24_80.png,6
kanazawa_266_310_164_72.png,5
kanazawa_266_310_110_49.png,6
kanazawa_266_310_111_147.png,3
kanazawa_266_310_177_181.png,3
kanazawa_266_310_37_74.png,6
kanazawa_266_310_109_92.png,6
kanazawa_266_310_69_126.png,5
kanazawa_266_310_80_205.png,5
kanazawa_266_310_223_77.png,3
kanazawa_266_310_126_41.png,6
kanazawa_266_310_118_50.png,6
kanazawa_266_310_141_104.png,1
kanazawa_266_310_53_271.png,6
kanazawa_266_310_97_157.png,3
kanazawa_266_310_122_111.png,5
kanazawa_266_310_204_85.png,5
kanazawa_266_310_183_41.png,5
kanazawa_266_310_222_86.png,3
kanazawa_266_310_48_286.png,6
kanazawa_266_310_237_163.png,3
kanazawa_266_310_200_143.png,3
kanazawa_266_310_47_163.png,3
kanazawa_266_310_113_206.png,5
kanazawa_266_310_54_222.png,6
kanazawa_266_310_209_95.png,3
kanazawa_266_310_31_152.png,5
kanazawa_266_310_116_84.png,6
kanazawa_266_310_181_240.png,3
kanazawa_266_310_66_90.png,6
kanazawa_266_310_118_222.png,3
kanazawa_266_310_219_180.png,3
kanazawa_266_310_213_57.png,5
kanazawa_266_310_180_197.png,3
kanazawa_266_310_194_130.png,3
kanazawa_266_310_193_15.png,6
kanazawa_266_310_149_52.png,6
kanazawa_266_310_68_254.png,6
kanazawa_266_310_179_37.png,3
kanazawa_266_310_201_183.png,3
kanazawa_266_310_206_217.png,3
kanazawa_266_310_9_73.png,6
kanazawa_266_310_214_117.png,3
kanazawa_266_310_105_156.png,3
kanazawa_266_310_44_150.png,5
kanazawa_266_310_164_45.png,6
kanazawa_266_310_61_187.png,3
kanazawa_266_310_162_60.png,5
kanazawa_266_310_86_77.png,6
kanazawa_266_310_215_106.png,3
kanazawa_266_310_175_241.png,3
kanazawa_266_310_129_277.png,5
kanazawa_266_310_263_241.png,3
kanazawa_266_310_135_167.png,3
kanazawa_266_310_87_174.png,3
kanazawa_266_310_58_294.png,6
kanazawa_266_310_70_250.png,6
kanazawa_266_310_191_74.png,3
kanazawa_266_310_94_78.png,6
kanazawa_266_310_159_134.png,3
kanazawa_266_310_244_229.png,3
kanazawa_266_310_164_192.png,3
kanazawa_266_310_108_191.png,5
kanazawa_266_310_20_93.png,6
kanazawa_266_310_95_172.png,3
kanazawa_266_310_177_220.png,3
kanazawa_266_310_62_53.png,6
kanazawa_266_310_177_65.png,2
kanazawa_266_310_157_153.png,3
kanazawa_266_310_178_52.png,1
kanazawa_266_310_222_21.png,3
kanazawa_266_310_184_187.png,3
kanazawa_266_310_203_92.png,3
kanazawa_266_310_75_260.png,6
kanazawa_266_310_250_196.png,3
kanazawa_266_310_157_243.png,3
kanazawa_266_310_196_153.png,3
kanazawa_266_310_39_109.png,6
kanazawa_266_310_175_94.png,3
kanazawa_266_310_247_213.png,3
kanazawa_266_310_209_249.png,3
kanazawa_266_310_139_55.png,6
kanazawa_266_310_66_198.png,5
kanazawa_266_310_226_230.png,3
kanazawa_266_310_148_61.png,6
kanazawa_266_310_55_53.png,6
kanazawa_266_310_40_115.png,6
kanazawa_266_310_128_85.png,2
kanazawa_266_310_27_102.png,6
kanazawa_266_310_131_230.png,3
kanazawa_266_310_20_90.png,6
kanazawa_266_310_168_118.png,3
kanazawa_266_310_97_48.png,6
kanazawa_266_310_159_147.png,3
kanazawa_266_310_114_94.png,3
kanazawa_266_310_34_59.png,6
kanazawa_266_310_101_133.png,3
kanazawa_266_310_107_167.png,3
kanazawa_266_310_197_147.png,3
kanazawa_266_310_128_217.png,3
kanazawa_266_310_128_230.png,3
kanazawa_266_310_156_229.png,3
kanazawa_266_310_179_103.png,3
kanazawa_266_310_227_70.png,3
kanazawa_266_310_104_83.png,6
kanazawa_266_310_210_150.png,6
kanazawa_266_310_117_97.png,5
kanazawa_266_310_76_112.png,6
kanazawa_266_310_83_50.png,6
kanazawa_266_310_190_20.png,6
kanazawa_266_310_82_74.png,6
kanazawa_266_310_133_226.png,3
kanazawa_266_310_156_245.png,3
kanazawa_266_310_194_135.png,3
kanazawa_266_310_76_92.png,6
kanazawa_266_310_157_34.png,6
kanazawa_266_310_197_201.png,3
kanazawa_266_310_76_290.png,6
kanazawa_266_310_151_227.png,3
kanazawa_266_310_124_50.png,6
kanazawa_266_310_208_254.png,3
kanazawa_266_310_128_142.png,3
kanazawa_266_310_84_156.png,3
kanazawa_266_310_68_276.png,6
kanazawa_266_310_211_23.png,5
kanazawa_266_310_251_228.png,3
kanazawa_266_310_199_103.png,3
kanazawa_266_310_61_288.png,6
kanazawa_266_310_169_161.png,3
kanazawa_266_310_201_241.png,3
kanazawa_266_310_70_57.png,6
kanazawa_266_310_174_196.png,3
kanazawa_266_310_230_71.png,3
kanazawa_266_310_98_71.png,6
kanazawa_266_310_129_47.png,6
kanazawa_266_310_70_75.png,6
kanazawa_266_310_128_194.png,5
kanazawa_266_310_173_183.png,3
kanazawa_266_310_217_81.png,3
kanazawa_266_310_169_249.png,3
kanazawa_266_310_155_195.png,3
kanazawa_266_310_132_41.png,6
kanazawa_266_310_173_61.png,5
kanazawa_266_310_232_243.png,3
kanazawa_266_310_47_80.png,6
kanazawa_266_310_158_201.png,3
kanazawa_266_310_219_113.png,3
kanazawa_266_310_120_142.png,3
kanazawa_266_310_143_187.png,5
kanazawa_266_310_76_238.png,3
kanazawa_266_310_162_263.png,3
kanazawa_266_310_145_189.png,5
kanazawa_266_310_248_183.png,3
kanazawa_266_310_231_211.png,3
kanazawa_266_310_59_57.png,6
kanazawa_266_310_225_231.png,3
kanazawa_266_310_77_113.png,6
kanazawa_266_310_224_82.png,3
kanazawa_266_310_55_126.png,6
kanazawa_266_310_144_267.png,3
kanazawa_266_310_51_300.png,6
kanazawa_266_310_99_232.png,5
kanazawa_266_310_53_119.png,6
kanazawa_266_310_52_211.png,6
kanazawa_266_310_95_66.png,6
kanazawa_266_310_96_91.png,6
kanazawa_266_310_39_124.png,6
kanazawa_266_310_58_272.png,6
kanazawa_266_310_178_261.png,3
kanazawa_266_310_199_76.png,3
kanazawa_266_310_212_11.png,1
kanazawa_266_310_16_140.png,5
kanazawa_266_310_92_84.png,6
kanazawa_266_310_243_156.png,3
kanazawa_266_310_261_238.png,3
kanazawa_266_310_141_41.png,6
kanazawa_266_310_17_85.png,6
kanazawa_266_310_178_227.png,3
kanazawa_266_310_55_59.png,6
kanazawa_266_310_77_161.png,3
kanazawa_266_310_62_196.png,5
kanazawa_266_310_37_68.png,6
kanazawa_266_310_114_67.png,6
kanazawa_266_310_25_133.png,6
kanazawa_266_310_12_99.png,6
kanazawa_266_310_212_212.png,6
kanazawa_266_310_2_70.png,6
kanazawa_266_310_22_60.png,6
kanazawa_266_310_87_52.png,6
kanazawa_266_310_14_130.png,6
kanazawa_266_310_250_203.png,3
kanazawa_266_310_178_174.png,3
kanazawa_266_310_144_193.png,5
kanazawa_266_310_136_66.png,6
kanazawa_266_310_242_215.png,3
kanazawa_266_310_87_98.png,6
kanazawa_266_310_146_25.png,6
kanazawa_266_310_100_86.png,6
kanazawa_266_310_115_143.png,3
kanazawa_266_310_257_227.png,3
kanazawa_266_310_86_175.png,6
kanazawa_266_310_205_194.png,3
kanazawa_266_310_120_48.png,6
kanazawa_266_310_67_292.png,6
kanazawa_266_310_238_166.png,3
kanazawa_266_310_165_36.png,6
kanazawa_266_310_26_118.png,6
kanazawa_266_310_53_265.png,6
kanazawa_266_310_96_152.png,3
kanazawa_266_310_87_128.png,3
kanazawa_266_310_238_193.png,3
kanazawa_266_310_226_193.png,3
kanazawa_266_310_177_26.png,6
kanazawa_266_310_87_102.png,6
kanazawa_266_310_187_120.png,3
kanazawa_266_310_217_171.png,3
kanazawa_266_310_238_150.png,3
kanazawa_266_310_27_100.png,6
kanazawa_266_310_100_83.png,6
kanazawa_266_310_200_38.png,1
kanazawa_266_310_20_65.png,6
kanazawa_266_310_52_110.png,6
kanazawa_266_310_180_96.png,3
kanazawa_266_310_81_159.png,3
kanazawa_266_310_195_99.png,3
kanazawa_266_310_189_64.png,3
kanazawa_266_310_79_118.png,3
kanazawa_266_310_195_75.png,3
kanazawa_266_310_79_256.png,6
kanazawa_266_310_169_110.png,3
kanazawa_266_310_158_127.png,3
kanazawa_266_310_142_90.png,1
kanazawa_266_310_162_26.png,6
kanazawa_266_310_209_167.png,3
kanazawa_266_310_224_75.png,3
kanazawa_266_310_163_70.png,1
kanazawa_266_310_158_90.png,1
kanazawa_266_310_90_146.png,3
kanazawa_266_310_214_216.png,3
kanazawa_266_310_230_105.png,3
kanazawa_266_310_193_206.png,3
kanazawa_266_310_193_135.png,3
kanazawa_266_310_235_240.png,3
kanazawa_266_310_218_119.png,3
kanazawa_266_310_216_155.png,3
kanazawa_266_310_89_111.png,3
kanazawa_266_310_72_225.png,1
kanazawa_266_310_83_104.png,6
kanazawa_266_310_187_117.png,3
kanazawa_266_310_109_283.png,1
kanazawa_266_310_154_31.png,6
kanazawa_266_310_226_88.png,3
kanazawa_266_310_30_88.png,6
kanazawa_266_310_87_178.png,3
kanazawa_266_310_95_189.png,5
kanazawa_266_310_30_193.png,3
kanazawa_266_310_121_250.png,5
kanazawa_266_310_191_240.png,3
kanazawa_266_310_247_218.png,3
kanazawa_266_310_78_232.png,1
kanazawa_266_310_64_105.png,6
kanazawa_266_310_99_57.png,6
kanazawa_266_310_80_86.png,6
kanazawa_266_310_50_274.png,6
kanazawa_266_310_198_174.png,3
kanazawa_266_310_217_228.png,3
kanazawa_266_310_139_113.png,3
kanazawa_266_310_206_128.png,3
kanazawa_266_310_154_178.png,5
kanazawa_266_310_85_112.png,6
kanazawa_266_310_104_144.png,3
kanazawa_266_310_181_173.png,3
kanazawa_266_310_91_88.png,6
kanazawa_266_310_199_244.png,3
kanazawa_266_310_52_59.png,6
kanazawa_266_310_88_43.png,6
kanazawa_266_310_111_57.png,6
kanazawa_266_310_127_46.png,6
kanazawa_266_310_23_99.png,6
kanazawa_266_310_67_108.png,6
kanazawa_266_310_145_247.png,3
kanazawa_266_310_195_220.png,3
kanazawa_266_310_29_180.png,3
kanazawa_266_310_76_132.png,5
kanazawa_266_310_114_215.png,5
kanazawa_266_310_64_68.png,6
kanazawa_266_310_43_181.png,3
kanazawa_266_310_204_196.png,3
kanazawa_266_310_184_246.png,3
kanazawa_266_310_202_201.png,3
kanazawa_266_310_112_95.png,3
kanazawa_266_310_130_117.png,3
kanazawa_266_310_179_209.png,3
kanazawa_266_310_141_271.png,1
kanazawa_266_310_101_268.png,1
kanazawa_266_310_136_258.png,5
kanazawa_266_310_59_125.png,6
kanazawa_266_310_205_175.png,3
kanazawa_266_310_211_8.png,5
kanazawa_266_310_203_93.png,3
kanazawa_266_310_60_146.png,3
kanazawa_266_310_34_225.png,6
kanazawa_266_310_108_76.png,6
kanazawa_266_310_191_166.png,3
kanazawa_266_310_112_37.png,6
kanazawa_266_310_228_171.png,3
kanazawa_266_310_145_179.png,5
kanazawa_266_310_152_221.png,3
kanazawa_266_310_217_116.png,3
kanazawa_266_310_209_18.png,5
kanazawa_266_310_83_100.png,6
kanazawa_266_310_86_48.png,6
kanazawa_266_310_55_125.png,6
kanazawa_266_310_175_120.png,3
kanazawa_266_310_40_89.png,6
kanazawa_266_310_139_30.png,6
kanazawa_266_310_69_54.png,6
kanazawa_266_310_201_76.png,3
kanazawa_266_310_73_95.png,6
kanazawa_266_310_73_245.png,6
kanazawa_266_310_65_82.png,6
kanazawa_266_310_123_134.png,3
kanazawa_266_310_106_136.png,3
kanazawa_266_310_168_138.png,3
kanazawa_266_310_232_220.png,3
kanazawa_266_310_248_196.png,3
kanazawa_266_310_98_255.png,5
kanazawa_266_310_112_89.png,6
kanazawa_266_310_88_151.png,3
kanazawa_266_310_239_220.png,3
kanazawa_266_310_114_198.png,5
kanazawa_266_310_181_245.png,3
kanazawa_266_310_130_45.png,6
kanazawa_266_310_174_238.png,3
kanazawa_266_310_98_238.png,1
kanazawa_266_310_169_242.png,3
kanazawa_266_310_246_244.png,3
kanazawa_266_310_137_111.png,3
kanazawa_266_310_95_173.png,3
kanazawa_266_310_222_171.png,3
kanazawa_266_310_142_272.png,1
kanazawa_266_310_144_84.png,1
kanazawa_266_310_213_218.png,6
kanazawa_266_310_170_67.png,5
kanazawa_266_310_62_301.png,6
kanazawa_266_310_163_134.png,3
kanazawa_266_310_120_228.png,3
kanazawa_266_310_153_202.png,3
kanazawa_266_310_123_272.png,5
kanazawa_266_310_192_23.png,6
kanazawa_266_310_22_174.png,5
kanazawa_266_310_199_177.png,3
kanazawa_266_310_131_242.png,3
kanazawa_266_310_46_117.png,6
kanazawa_266_310_43_102.png,6
kanazawa_266_310_239_130.png,3
kanazawa_266_310_159_151.png,3
kanazawa_266_310_202_241.png,3
kanazawa_266_310_222_104.png,3
kanazawa_266_310_210_12.png,3
kanazawa_266_310_48_288.png,6
kanazawa_266_310_233_204.png,6
kanazawa_266_310_152_99.png,1
kanazawa_266_310_210_113.png,3
kanazawa_266_310_185_170.png,3
kanazawa_266_310_155_194.png,3
kanazawa_266_310_142_113.png,3
kanazawa_266_310_188_236.png,3
kanazawa_266_310_211_51.png,3
kanazawa_266_310_94_187.png,5
kanazawa_266_310_196_119.png,3
kanazawa_266_310_229_121.png,3
kanazawa_266_310_51_99.png,6
kanazawa_266_310_198_118.png,3
kanazawa_266_310_70_84.png,6
kanazawa_266_310_96_272.png,1
kanazawa_266_310_238_211.png,3
kanazawa_266_310_189_47.png,5
kanazawa_266_310_178_246.png,3
kanazawa_266_310_146_99.png,1
kanazawa_266_310_213_79.png,3
kanazawa_266_310_76_242.png,3
kanazawa_266_310_255_224.png,3
kanazawa_266_310_98_98.png,6
kanazawa_266_310_225_127.png,3
kanazawa_266_310_38_59.png,6
kanazawa_266_310_16_102.png,6
kanazawa_266_310_46_149.png,5
kanazawa_266_310_81_240.png,1
kanazawa_266_310_71_274.png,6
kanazawa_266_310_217_131.png,3
kanazawa_266_310_33_64.png,6
kanazawa_266_310_233_123.png,3
kanazawa_266_310_141_177.png,5
kanazawa_266_310_95_156.png,3
kanazawa_266_310_188_143.png,3
kanazawa_266_310_251_230.png,3
kanazawa_266_310_64_279.png,6
kanazawa_266_310_81_89.png,6
kanazawa_266_310_198_256.png,3
kanazawa_266_310_66_229.png,6
kanazawa_266_310_99_202.png,5
kanazawa_266_310_104_257.png,3
kanazawa_266_310_175_226.png,3
kanazawa_266_310_227_191.png,3
kanazawa_266_310_94_121.png,5
kanazawa_266_310_51_229.png,6
kanazawa_266_310_121_89.png,3
kanazawa_266_310_44_142.png,5
kanazawa_266_310_182_39.png,1
kanazawa_266_310_220_182.png,3
kanazawa_266_310_219_109.png,3
kanazawa_266_310_222_162.png,3
kanazawa_266_310_63_240.png,6
kanazawa_266_310_45_126.png,6
kanazawa_266_310_62_179.png,3
kanazawa_266_310_82_97.png,6
kanazawa_266_310_127_185.png,5
kanazawa_266_310_65_90.png,6
kanazawa_266_310_220_115.png,3
kanazawa_266_310_85_237.png,5
kanazawa_266_310_20_116.png,6
kanazawa_266_310_176_233.png,3
kanazawa_266_310_51_61.png,6
kanazawa_266_310_165_231.png,3
kanazawa_266_310_151_98.png,1
kanazawa_266_310_254_234.png,3
kanazawa_266_310_51_97.png,6
kanazawa_266_310_117_45.png,6
kanazawa_266_310_51_51.png,6
kanazawa_266_310_206_234.png,3
kanazawa_266_310_159_273.png,3
kanazawa_266_310_181_180.png,3
kanazawa_266_310_74_284.png,6
kanazawa_266_310_103_170.png,3
kanazawa_266_310_37_125.png,6
kanazawa_266_310_220_76.png,3
kanazawa_266_310_93_91.png,6
kanazawa_266_310_77_255.png,6
kanazawa_266_310_97_220.png,5
kanazawa_266_310_66_169.png,3
kanazawa_266_310_166_37.png,6
kanazawa_266_310_44_214.png,3
kanazawa_266_310_64_236.png,6
kanazawa_266_310_130_81.png,2
kanazawa_266_310_218_23.png,5
kanazawa_266_310_59_289.png,6
kanazawa_266_310_202_125.png,3
kanazawa_266_310_135_219.png,3
kanazawa_266_310_93_238.png,5
kanazawa_266_310_133_263.png,5
kanazawa_266_310_220_167.png,3
kanazawa_266_310_202_103.png,3
kanazawa_266_310_121_144.png,3
kanazawa_266_310_45_121.png,6
kanazawa_266_310_78_66.png,6
kanazawa_266_310_207_191.png,3
kanazawa_266_310_227_178.png,3
kanazawa_266_310_53_232.png,6
kanazawa_266_310_9_90.png,6
kanazawa_266_310_178_28.png,6
kanazawa_266_310_188_131.png,3
kanazawa_266_310_237_224.png,3
kanazawa_266_310_40_170.png,3
kanazawa_266_310_127_138.png,3
kanazawa_266_310_116_40.png,6
kanazawa_266_310_181_45.png,1
kanazawa_266_310_190_139.png,3
kanazawa_266_310_51_220.png,6
kanazawa_266_310_151_101.png,1
kanazawa_266_310_54_270.png,6
kanazawa_266_310_115_84.png,6
kanazawa_266_310_86_198.png,5
kanazawa_266_310_94_144.png,3
kanazawa_266_310_119_172.png,5
kanazawa_266_310_23_97.png,6
kanazawa_266_310_72_172.png,3
kanazawa_266_310_60_225.png,6
kanazawa_266_310_246_232.png,3
kanazawa_266_310_102_77.png,6
kanazawa_266_310_233_200.png,3
kanazawa_266_310_120_203.png,5
kanazawa_266_310_236_193.png,3
kanazawa_266_310_41_178.png,3
kanazawa_266_310_77_160.png,3
kanazawa_266_310_236_158.png,3
kanazawa_266_310_145_221.png,3
kanazawa_266_310_57_294.png,6
kanazawa_266_310_93_279.png,1
kanazawa_266_310_226_161.png,3
kanazawa_266_310_92_227.png,1
kanazawa_266_310_225_133.png,3
kanazawa_266_310_61_110.png,6
kanazawa_266_310_216_177.png,3
kanazawa_266_310_246_176.png,3
kanazawa_266_310_168_224.png,3
kanazawa_266_310_96_250.png,5
kanazawa_266_310_73_222.png,3
kanazawa_266_310_121_272.png,5
kanazawa_266_310_145_196.png,5
kanazawa_266_310_151_200.png,3
kanazawa_266_310_118_79.png,6
kanazawa_266_310_111_278.png,1
kanazawa_266_310_77_244.png,6
kanazawa_266_310_37_225.png,6
kanazawa_266_310_41_114.png,6
kanazawa_266_310_76_176.png,3
kanazawa_266_310_96_227.png,5
kanazawa_266_310_177_208.png,3
kanazawa_266_310_37_106.png,6
kanazawa_266_310_209_94.png,3
kanazawa_266_310_123_277.png,1
kanazawa_266_310_94_75.png,6
kanazawa_266_310_78_44.png,6
kanazawa_266_310_240_202.png,3
kanazawa_266_310_30_128.png,6
kanazawa_266_310_138_106.png,1
kanazawa_266_310_133_157.png,3
kanazawa_266_310_107_191.png,5
kanazawa_266_310_180_212.png,3
kanazawa_266_310_25_176.png,3
kanazawa_266_310_194_217.png,3
kanazawa_266_310_119_60.png,6
kanazawa_266_310_256_210.png,3
kanazawa_266_310_20_120.png,6
kanazawa_266_310_115_119.png,5
kanazawa_266_310_87_55.png,6
kanazawa_266_310_143_193.png,5
kanazawa_266_310_172_239.png,3
kanazawa_266_310_61_183.png,3
kanazawa_266_310_37_251.png,6
kanazawa_266_310_168_30.png,6
kanazawa_266_310_94_180.png,3
kanazawa_266_310_109_112.png,4
kanazawa_266_310_27_71.png,6
kanazawa_266_310_246_182.png,3
kanazawa_266_310_128_57.png,6
kanazawa_266_310_152_230.png,3
kanazawa_266_310_198_259.png,3
kanazawa_266_310_73_65.png,6
kanazawa_266_310_210_30.png,1
kanazawa_266_310_117_188.png,5
kanazawa_266_310_97_282.png,1
kanazawa_266_310_163_211.png,3
kanazawa_266_310_107_149.png,3
kanazawa_266_310_227_195.png,3
kanazawa_266_310_129_111.png,1
kanazawa_266_310_200_196.png,3
kanazawa_266_310_61_100.png,6
kanazawa_266_310_200_11.png,6
kanazawa_266_310_101_269.png,1
kanazawa_266_310_126_119.png,3
kanazawa_266_310_103_67.png,6
kanazawa_266_310_70_77.png,6
kanazawa_266_310_222_188.png,3
kanazawa_266_310_83_235.png,5
kanazawa_266_310_218_232.png,3
kanazawa_266_310_38_107.png,6
kanazawa_266_310_100_59.png,6
kanazawa_266_310_218_144.png,3
kanazawa_266_310_70_116.png,6
kanazawa_266_310_212_133.png,3
kanazawa_266_310_200_183.png,3
kanazawa_266_310_116_70.png,6
kanazawa_266_310_75_85.png,6
kanazawa_266_310_160_158.png,3
kanazawa_266_310_145_122.png,3
kanazawa_266_310_190_116.png,3
kanazawa_266_310_219_92.png,3
kanazawa_266_310_207_233.png,3
kanazawa_266_310_62_167.png,3
kanazawa_266_310_175_182.png,3
kanazawa_266_310_151_152.png,3
kanazawa_266_310_160_150.png,3
kanazawa_266_310_151_36.png,6
kanazawa_266_310_228_164.png,3
kanazawa_266_310_62_222.png,6
kanazawa_266_310_236_173.png,3
kanazawa_266_310_73_249.png,6
kanazawa_266_310_45_162.png,3
kanazawa_266_310_55_303.png,6
kanazawa_266_310_123_72.png,6
kanazawa_266_310_165_26.png,6
kanazawa_266_310_34_239.png,6
kanazawa_266_310_98_224.png,5
kanazawa_266_310_225_198.png,3
kanazawa_266_310_64_60.png,6
kanazawa_266_310_96_228.png,5
kanazawa_266_310_108_61.png,6
kanazawa_266_310_113_88.png,6
kanazawa_266_310_224_219.png,3
kanazawa_266_310_71_264.png,6
kanazawa_266_310_63_71.png,6
kanazawa_266_310_135_152.png,3
kanazawa_266_310_237_185.png,3
kanazawa_266_310_251_218.png,3
kanazawa_266_310_45_113.png,6
kanazawa_266_310_103_217.png,5
kanazawa_266_310_215_226.png,3
kanazawa_266_310_167_43.png,6
kanazawa_266_310_154_255.png,3
kanazawa_266_310_234_169.png,3
kanazawa_266_310_98_119.png,5
kanazawa_266_310_83_75.png,6
kanazawa_266_310_147_31.png,6
kanazawa_266_310_158_92.png,1
kanazawa_266_310_128_207.png,5
kanazawa_266_310_56_270.png,6
kanazawa_266_310_191_47.png,1
kanazawa_266_310_212_198.png,3
kanazawa_266_310_56_272.png,6
kanazawa_266_310_64_277.png,6
kanazawa_266_310_57_184.png,3
kanazawa_266_310_79_67.png,6
kanazawa_266_310_65_75.png,6
kanazawa_266_310_41_70.png,6
kanazawa_266_310_100_44.png,6
kanazawa_266_310_116_39.png,6
kanazawa_266_310_203_23.png,5
kanazawa_266_310_48_101.png,6
kanazawa_266_310_156_94.png,1
kanazawa_266_310_123_249.png,5
kanazawa_266_310_203_157.png,3
kanazawa_266_310_221_242.png,3
kanazawa_266_310_135_189.png,5
kanazawa_266_310_148_133.png,3
kanazawa_266_310_83_199.png,5
kanazawa_266_310_85_97.png,6
kanazawa_266_310_223_213.png,3
kanazawa_266_310_32_82.png,6
kanazawa_266_310_98_282.png,1
kanazawa_266_310_40_263.png,6
kanazawa_266_310_156_97.png,1
kanazawa_266_310_31_62.png,6
kanazawa_266_310_118_93.png,3
kanazawa_266_310_245_151.png,3
kanazawa_266_310_56_89.png,6
kanazawa_266_310_157_29.png,6
kanazawa_266_310_166_44.png,6
kanazawa_266_310_111_64.png,6
kanazawa_266_310_119_143.png,3
kanazawa_266_310_194_98.png,3
kanazawa_266_310_191_48.png,5
kanazawa_266_310_231_72.png,3
kanazawa_266_310_213_198.png,3
kanazawa_266_310_200_140.png,3
kanazawa_266_310_75_49.png,6
kanazawa_266_310_39_253.png,6
kanazawa_266_310_205_116.png,3
kanazawa_266_310_236_125.png,3
kanazawa_266_310_40_252.png,6
kanazawa_266_310_147_186.png,5
kanazawa_266_310_88_98.png,6
kanazawa_266_310_83_77.png,6
kanazawa_266_310_218_177.png,3
kanazawa_266_310_241_204.png,3
kanazawa_266_310_191_128.png,3
kanazawa_266_310_25_102.png,6
kanazawa_266_310_51_279.png,6
kanazawa_266_310_202_181.png,3
kanazawa_266_310_231_230.png,3
kanazawa_266_310_141_93.png,1
kanazawa_266_310_250_233.png,3
kanazawa_266_310_66_92.png,6
kanazawa_266_310_47_54.png,6
kanazawa_266_310_252_193.png,3
kanazawa_266_310_96_222.png,5
kanazawa_266_310_61_200.png,5
kanazawa_266_310_46_121.png,6
kanazawa_266_310_65_107.png,6
kanazawa_266_310_175_222.png,3
kanazawa_266_310_141_128.png,3
kanazawa_266_310_217_148.png,5
kanazawa_266_310_200_133.png,3
kanazawa_266_310_181_168.png,3
kanazawa_266_310_102_185.png,5
kanazawa_266_310_95_212.png,5
kanazawa_266_310_23_65.png,6
kanazawa_266_310_127_205.png,5
kanazawa_266_310_204_38.png,3
kanazawa_266_310_229_115.png,3
kanazawa_266_310_165_102.png,3
kanazawa_266_310_150_55.png,6
kanazawa_266_310_19_67.png,6
kanazawa_266_310_120_155.png,3
kanazawa_266_310_60_166.png,5
kanazawa_266_310_162_251.png,3
kanazawa_266_310_53_266.png,6
kanazawa_266_310_164_20.png,6
kanazawa_266_310_190_256.png,3
kanazawa_266_310_218_241.png,3
kanazawa_266_310_65_143.png,3
kanazawa_266_310_54_171.png,3
kanazawa_266_310_101_41.png,6
kanazawa_266_310_222_34.png,3
kanazawa_266_310_144_52.png,6
kanazawa_266_310_180_264.png,3
kanazawa_266_310_196_202.png,3
kanazawa_266_310_80_82.png,6
kanazawa_266_310_153_233.png,3
kanazawa_266_310_55_284.png,6
kanazawa_266_310_28_123.png,6
kanazawa_266_310_181_157.png,3
kanazawa_266_310_178_100.png,3
kanazawa_266_310_193_23.png,3
kanazawa_266_310_208_175.png,3
kanazawa_266_310_208_238.png,3
kanazawa_266_310_174_181.png,3
kanazawa_266_310_18_113.png,6
kanazawa_266_310_32_70.png,6
kanazawa_266_310_47_176.png,6
kanazawa_266_310_110_133.png,3
kanazawa_266_310_182_260.png,3
kanazawa_266_310_121_105.png,1
kanazawa_266_310_108_275.png,1
kanazawa_266_310_181_122.png,3
kanazawa_266_310_206_250.png,3
kanazawa_266_310_244_163.png,3
kanazawa_266_310_167_216.png,3
kanazawa_266_310_242_159.png,3
kanazawa_266_310_206_126.png,3
kanazawa_266_310_81_271.png,6
kanazawa_266_310_161_213.png,3
kanazawa_266_310_49_67.png,6
kanazawa_266_310_106_76.png,6
kanazawa_266_310_161_265.png,3
kanazawa_266_310_92_39.png,6
kanazawa_266_310_204_95.png,3
kanazawa_266_310_198_140.png,3
kanazawa_266_310_161_215.png,3
kanazawa_266_310_45_220.png,6
kanazawa_266_310_44_264.png,6
kanazawa_266_310_101_37.png,6
kanazawa_266_310_61_186.png,3
kanazawa_266_310_235_113.png,3
kanazawa_266_310_56_279.png,6
kanazawa_266_310_188_187.png,3
kanazawa_266_310_85_92.png,6
kanazawa_266_310_113_94.png,3
kanazawa_266_310_88_120.png,1
kanazawa_266_310_179_186.png,3
kanazawa_266_310_93_164.png,3
kanazawa_266_310_90_91.png,6
kanazawa_266_310_42_88.png,6
kanazawa_266_310_150_49.png,6
kanazawa_266_310_46_279.png,6
kanazawa_266_310_211_44.png,3
kanazawa_266_310_175_28.png,6
kanazawa_266_310_244_233.png,3
kanazawa_266_310_149_117.png,3
kanazawa_266_310_119_55.png,6
kanazawa_266_310_235_151.png,3
kanazawa_266_310_65_117.png,6
kanazawa_266_310_20_103.png,6
kanazawa_266_310_151_104.png,1
kanazawa_266_310_205_205.png,3
kanazawa_266_310_181_15.png,6
kanazawa_266_310_72_77.png,6
kanazawa_266_310_257_211.png,3
kanazawa_266_310_190_138.png,3
kanazawa_266_310_209_203.png,3
kanazawa_266_310_143_180.png,5
kanazawa_266_310_145_106.png,1
kanazawa_266_310_213_211.png,3
kanazawa_266_310_159_146.png,3
kanazawa_266_310_48_117.png,6
kanazawa_266_310_5_65.png,6
kanazawa_266_310_146_88.png,1
kanazawa_266_310_61_289.png,6
kanazawa_266_310_98_77.png,6
kanazawa_266_310_131_167.png,3
kanazawa_266_310_146_194.png,5
kanazawa_266_310_231_148.png,3
kanazawa_266_310_224_129.png,3
kanazawa_266_310_206_56.png,3
kanazawa_266_310_205_245.png,3
kanazawa_266_310_53_275.png,6
kanazawa_266_310_46_253.png,6
kanazawa_266_310_28_182.png,3
kanazawa_266_310_38_255.png,6
kanazawa_266_310_230_153.png,3
kanazawa_266_310_62_116.png,6
kanazawa_266_310_114_190.png,5
kanazawa_266_310_223_244.png,3
kanazawa_266_310_133_84.png,1
kanazawa_266_310_184_146.png,3
kanazawa_266_310_96_256.png,1
kanazawa_266_310_180_205.png,3
kanazawa_266_310_217_77.png,3
kanazawa_266_310_92_236.png,5
kanazawa_266_310_144_93.png,1
kanazawa_266_310_228_213.png,3
kanazawa_266_310_79_89.png,6
kanazawa_266_310_195_161.png,3
kanazawa_266_310_206_183.png,3
kanazawa_266_310_60_267.png,6
kanazawa_266_310_105_176.png,5
kanazawa_266_310_37_127.png,6
kanazawa_266_310_150_123.png,3
kanazawa_266_310_119_144.png,3
kanazawa_266_310_99_166.png,3
kanazawa_266_310_47_148.png,5
kanazawa_266_310_129_260.png,5
kanazawa_266_310_87_253.png,5
kanazawa_266_310_27_165.png,5
kanazawa_266_310_186_126.png,3
kanazawa_266_310_67_257.png,6
kanazawa_266_310_140_45.png,6
kanazawa_266_310_15_107.png,6
kanazawa_266_310_57_200.png,3
kanazawa_266_310_148_87.png,1
kanazawa_266_310_227_234.png,3
kanazawa_266_310_199_31.png,5
kanazawa_266_310_228_130.png,6
kanazawa_266_310_218_18.png,1
kanazawa_266_310_203_91.png,3
kanazawa_266_310_186_183.png,3
kanazawa_266_310_164_198.png,3
kanazawa_266_310_62_224.png,6
kanazawa_266_310_187_16.png,6
kanazawa_266_310_188_13.png,6
kanazawa_266_310_103_200.png,5
kanazawa_266_310_228_99.png,3
kanazawa_266_310_219_15.png,5
kanazawa_266_310_21_62.png,6
kanazawa_266_310_82_295.png,6
kanazawa_266_310_177_107.png,3
kanazawa_266_310_58_137.png,3
kanazawa_266_310_203_9.png,6
kanazawa_266_310_220_144.png,3
kanazawa_266_310_115_283.png,1
kanazawa_266_310_66_66.png,6
kanazawa_266_310_142_71.png,3
kanazawa_266_310_69_81.png,6
kanazawa_266_310_133_93.png,1
kanazawa_266_310_61_118.png,6
kanazawa_266_310_11_106.png,6
kanazawa_266_310_180_208.png,3
kanazawa_266_310_66_248.png,6
kanazawa_266_310_166_21.png,6
kanazawa_266_310_45_283.png,6
kanazawa_266_310_145_213.png,3
kanazawa_266_310_46_65.png,6
kanazawa_266_310_122_37.png,6
kanazawa_266_310_116_149.png,3
kanazawa_266_310_218_166.png,3
kanazawa_266_310_90_58.png,6
kanazawa_266_310_118_75.png,6
kanazawa_266_310_215_236.png,3
kanazawa_266_310_38_173.png,3
kanazawa_266_310_241_159.png,3
kanazawa_266_310_164_115.png,3
kanazawa_266_310_67_101.png,6
kanazawa_266_310_38_76.png,6
kanazawa_266_310_254_228.png,3
kanazawa_266_310_138_172.png,5
kanazawa_266_310_254_217.png,3
kanazawa_266_310_45_274.png,6
kanazawa_266_310_147_101.png,1
kanazawa_266_310_210_224.png,3
kanazawa_266_310_114_197.png,5
kanazawa_266_310_181_113.png,3
kanazawa_266_310_143_167.png,5
kanazawa_266_310_172_84.png,5
kanazawa_266_310_177_155.png,3
kanazawa_266_310_234_85.png,3
kanazawa_266_310_163_190.png,3
kanazawa_266_310_97_68.png,6
kanazawa_266_310_73_77.png,6
kanazawa_266_310_166_48.png,3
kanazawa_266_310_49_261.png,6
kanazawa_266_310_124_58.png,6
kanazawa_266_310_131_67.png,6
kanazawa_266_310_220_236.png,3
kanazawa_266_310_198_192.png,3
kanazawa_266_310_172_192.png,3
kanazawa_266_310_177_258.png,3
kanazawa_266_310_151_231.png,3
kanazawa_266_310_180_266.png,3
kanazawa_266_310_192_13.png,6
kanazawa_266_310_143_168.png,5
kanazawa_266_310_196_247.png,6
kanazawa_266_310_46_172.png,3
kanazawa_266_310_94_242.png,5
kanazawa_266_310_111_79.png,6
kanazawa_266_310_63_277.png,6
kanazawa_266_310_252_208.png,3
kanazawa_266_310_38_181.png,3
kanazawa_266_310_115_70.png,6
kanazawa_266_310_31_59.png,6
kanazawa_266_310_116_42.png,6
kanazawa_266_310_10_74.png,6
kanazawa_266_310_84_98.png,6
kanazawa_266_310_161_155.png,3
kanazawa_266_310_124_72.png,6
kanazawa_266_310_191_218.png,3
kanazawa_266_310_174_156.png,3
kanazawa_266_310_182_195.png,3
kanazawa_266_310_99_123.png,3
kanazawa_266_310_187_185.png,3
kanazawa_266_310_217_212.png,3
kanazawa_266_310_210_201.png,3
kanazawa_266_310_197_109.png,3
kanazawa_266_310_63_82.png,6
kanazawa_266_310_163_88.png,1
kanazawa_266_310_78_230.png,1
kanazawa_266_310_206_122.png,3
kanazawa_266_310_60_272.png,6
kanazawa_266_310_42_126.png,6
kanazawa_266_310_171_21.png,6
kanazawa_266_310_103_151.png,3
kanazawa_266_310_64_78.png,6
kanazawa_266_310_18_74.png,6
kanazawa_266_310_17_116.png,6
kanazawa_266_310_154_94.png,1
kanazawa_266_310_195_204.png,3
kanazawa_266_310_164_264.png,3
kanazawa_266_310_185_206.png,3
kanazawa_266_310_150_153.png,3
kanazawa_266_310_85_93.png,6
kanazawa_266_310_222_248.png,3
kanazawa_266_310_198_208.png,3
kanazawa_266_310_78_283.png,6
kanazawa_266_310_155_259.png,3
kanazawa_266_310_229_71.png,3
kanazawa_266_310_190_171.png,3
kanazawa_266_310_208_113.png,3
kanazawa_266_310_62_276.png,6
kanazawa_266_310_154_205.png,3
kanazawa_266_310_91_73.png,6
kanazawa_266_310_217_103.png,3
kanazawa_266_310_115_45.png,6
kanazawa_266_310_52_286.png,6
kanazawa_266_310_76_259.png,6
kanazawa_266_310_196_194.png,3
kanazawa_266_310_56_242.png,6
kanazawa_266_310_55_78.png,6
kanazawa_266_310_54_287.png,6
kanazawa_266_310_204_53.png,5
kanazawa_266_310_35_83.png,6
kanazawa_266_310_183_28.png,6
kanazawa_266_310_88_154.png,3
kanazawa_266_310_208_47.png,3
kanazawa_266_310_167_197.png,3
kanazawa_266_310_210_198.png,3
kanazawa_266_310_95_77.png,6
kanazawa_266_310_36_143.png,5
kanazawa_266_310_135_38.png,6
kanazawa_266_310_54_124.png,6
kanazawa_266_310_207_36.png,6
kanazawa_266_310_195_43.png,5
kanazawa_266_310_151_95.png,1
kanazawa_266_310_16_78.png,6
kanazawa_266_310_198_227.png,3
kanazawa_266_310_236_243.png,3
kanazawa_266_310_74_279.png,6
kanazawa_266_310_31_118.png,6
kanazawa_266_310_144_110.png,3
kanazawa_266_310_64_113.png,6
kanazawa_266_310_135_71.png,3
kanazawa_266_310_22_124.png,6
kanazawa_266_310_164_148.png,3
kanazawa_266_310_230_139.png,3
kanazawa_266_310_98_100.png,6
kanazawa_266_310_57_257.png,6
kanazawa_266_310_27_82.png,6
kanazawa_266_310_238_149.png,3
kanazawa_266_310_39_148.png,5
kanazawa_266_310_222_123.png,3
kanazawa_266_310_223_164.png,3
kanazawa_266_310_168_187.png,3
kanazawa_266_310_112_74.png,6
kanazawa_266_310_15_88.png,6
kanazawa_266_310_212_253.png,3
kanazawa_266_310_52_167.png,3
kanazawa_266_310_147_144.png,3
kanazawa_266_310_79_262.png,6
kanazawa_266_310_191_88.png,3
kanazawa_266_310_11_73.png,6
kanazawa_266_310_166_259.png,3
kanazawa_266_310_188_167.png,3
kanazawa_266_310_132_123.png,3
kanazawa_266_310_45_67.png,6
kanazawa_266_310_72_230.png,6
kanazawa_266_310_133_252.png,5
kanazawa_266_310_106_123.png,5
kanazawa_266_310_187_33.png,1
kanazawa_266_310_130_60.png,6
kanazawa_266_310_16_82.png,6
kanazawa_266_310_223_218.png,3
kanazawa_266_310_35_102.png,6
kanazawa_266_310_56_187.png,3
kanazawa_266_310_252_226.png,3
kanazawa_266_310_229_139.png,3
kanazawa_266_310_137_147.png,3
kanazawa_266_310_229_147.png,3
kanazawa_266_310_95_280.png,1
kanazawa_266_310_48_235.png,6
kanazawa_266_310_157_162.png,5
kanazawa_266_310_117_264.png,5
kanazawa_266_310_193_130.png,3
kanazawa_266_310_6_72.png,6
kanazawa_266_310_82_80.png,6
kanazawa_266_310_211_215.png,3
kanazawa_266_310_192_196.png,3
kanazawa_266_310_36_117.png,6
kanazawa_266_310_156_146.png,3
kanazawa_266_310_39_68.png,6
kanazawa_266_310_152_224.png,3
kanazawa_266_310_232_106.png,3
kanazawa_266_310_216_157.png,3
kanazawa_266_310_54_56.png,6
kanazawa_266_310_88_93.png,6
kanazawa_266_310_104_77.png,6
kanazawa_266_310_124_120.png,3
kanazawa_266_310_165_206.png,3
kanazawa_266_310_123_37.png,6
kanazawa_266_310_149_105.png,1
kanazawa_266_310_92_87.png,6
kanazawa_266_310_186_18.png,6
kanazawa_266_310_126_56.png,6
kanazawa_266_310_209_155.png,3
kanazawa_266_310_163_38.png,6
kanazawa_266_310_212_199.png,3
kanazawa_266_310_201_121.png,3
kanazawa_266_310_77_190.png,3
kanazawa_266_310_108_45.png,6
kanazawa_266_310_20_79.png,6
kanazawa_266_310_86_142.png,3
kanazawa_266_310_198_110.png,3
kanazawa_266_310_184_205.png,3
kanazawa_266_310_184_23.png,6
kanazawa_266_310_163_206.png,3
kanazawa_266_310_176_250.png,3
kanazawa_266_310_76_82.png,6
kanazawa_266_310_177_46.png,5
kanazawa_266_310_136_242.png,3
kanazawa_266_310_241_234.png,3
kanazawa_266_310_224_130.png,3
kanazawa_266_310_139_164.png,3
kanazawa_266_310_211_197.png,3
kanazawa_266_310_49_65.png,6
kanazawa_266_310_66_52.png,6
kanazawa_266_310_158_218.png,3
kanazawa_266_310_29_188.png,3
kanazawa_266_310_94_212.png,1
kanazawa_266_310_231_178.png,3
kanazawa_266_310_198_98.png,3
kanazawa_266_310_29_103.png,6
kanazawa_266_310_62_233.png,6
kanazawa_266_310_205_132.png,3
kanazawa_266_310_253_234.png,3
kanazawa_266_310_185_225.png,3
kanazawa_266_310_175_237.png,3
kanazawa_266_310_132_176.png,5
kanazawa_266_310_209_174.png,3
kanazawa_266_310_129_46.png,6
kanazawa_266_310_88_283.png,1
kanazawa_266_310_71_102.png,6
kanazawa_266_310_79_69.png,6
kanazawa_266_310_96_130.png,3
kanazawa_266_310_205_230.png,3
kanazawa_266_310_32_169.png,3
kanazawa_266_310_12_97.png,6
kanazawa_266_310_212_44.png,3
kanazawa_266_310_177_138.png,3
kanazawa_266_310_136_104.png,1
kanazawa_266_310_36_86.png,6
kanazawa_266_310_183_250.png,3
kanazawa_266_310_75_265.png,6
kanazawa_266_310_85_176.png,3
kanazawa_266_310_217_138.png,3
kanazawa_266_310_167_109.png,5
kanazawa_266_310_150_169.png,5
kanazawa_266_310_213_235.png,3
kanazawa_266_310_98_241.png,1
kanazawa_266_310_109_47.png,6
kanazawa_266_310_244_239.png,3
kanazawa_266_310_118_53.png,6
kanazawa_266_310_235_233.png,3
kanazawa_266_310_163_85.png,5
kanazawa_266_310_69_279.png,6
kanazawa_266_310_226_169.png,3
kanazawa_266_310_52_240.png,6
kanazawa_266_310_197_259.png,3
kanazawa_266_310_106_61.png,6
kanazawa_266_310_90_89.png,6
kanazawa_266_310_258_226.png,3
kanazawa_266_310_251_202.png,3
kanazawa_266_310_143_28.png,6
kanazawa_266_310_202_147.png,3
kanazawa_266_310_232_77.png,3
kanazawa_266_310_22_68.png,6
kanazawa_266_310_128_252.png,5
kanazawa_266_310_95_230.png,5
kanazawa_266_310_36_198.png,3
kanazawa_266_310_200_151.png,3
kanazawa_266_310_222_84.png,3
kanazawa_266_310_185_57.png,5
kanazawa_266_310_210_141.png,3
kanazawa_266_310_183_138.png,3
kanazawa_266_310_36_113.png,6
kanazawa_266_310_46_79.png,6
kanazawa_266_310_110_176.png,5
kanazawa_266_310_72_73.png,6
kanazawa_266_310_200_224.png,3
kanazawa_266_310_103_59.png,6
kanazawa_266_310_35_78.png,6
kanazawa_266_310_165_168.png,6
kanazawa_266_310_151_87.png,1
kanazawa_266_310_106_183.png,5
kanazawa_266_310_126_277.png,5
kanazawa_266_310_142_173.png,5
kanazawa_266_310_103_120.png,5
kanazawa_266_310_200_215.png,3
kanazawa_266_310_48_57.png,6
kanazawa_266_310_176_255.png,3
kanazawa_266_310_39_64.png,6
kanazawa_266_310_112_214.png,5
kanazawa_266_310_39_92.png,6
kanazawa_266_310_174_111.png,3
kanazawa_266_310_25_95.png,6
kanazawa_266_310_136_40.png,6
kanazawa_266_310_56_93.png,6
kanazawa_266_310_205_131.png,3
kanazawa_266_310_117_79.png,6
kanazawa_266_310_29_94.png,6
kanazawa_266_310_64_81.png,6
kanazawa_266_310_251_231.png,3
kanazawa_266_310_42_247.png,6
kanazawa_266_310_211_166.png,3
kanazawa_266_310_244_240.png,3
kanazawa_266_310_36_152.png,5
kanazawa_266_310_57_297.png,6
kanazawa_266_310_219_137.png,3
kanazawa_266_310_44_173.png,3
kanazawa_266_310_226_122.png,3
kanazawa_266_310_36_175.png,3
kanazawa_266_310_56_240.png,6
kanazawa_266_310_30_179.png,3
kanazawa_266_310_187_19.png,6
kanazawa_266_310_221_121.png,3
kanazawa_266_310_99_67.png,6
kanazawa_266_310_105_173.png,5
kanazawa_266_310_162_131.png,3
kanazawa_266_310_165_72.png,5
kanazawa_266_310_105_194.png,5
kanazawa_266_310_73_124.png,2
kanazawa_266_310_100_285.png,1
kanazawa_266_310_183_195.png,3
kanazawa_266_310_101_135.png,3
kanazawa_266_310_149_97.png,1
kanazawa_266_310_251_210.png,3
kanazawa_266_310_153_107.png,1
kanazawa_266_310_233_89.png,3
kanazawa_266_310_52_216.png,6
kanazawa_266_310_251_181.png,3
kanazawa_266_310_115_68.png,6
kanazawa_266_310_128_263.png,5
kanazawa_266_310_230_201.png,3
kanazawa_266_310_105_53.png,6
kanazawa_266_310_52_170.png,3
kanazawa_266_310_202_135.png,3
kanazawa_266_310_198_188.png,3
kanazawa_266_310_105_85.png,6
kanazawa_266_310_152_104.png,1
kanazawa_266_310_206_111.png,3
kanazawa_266_310_157_57.png,3
kanazawa_266_310_116_143.png,3
kanazawa_266_310_163_59.png,5
kanazawa_266_310_50_252.png,6
kanazawa_266_310_154_50.png,6
kanazawa_266_310_204_197.png,3
kanazawa_266_310_33_171.png,3
kanazawa_266_310_119_77.png,1
kanazawa_266_310_144_179.png,5
kanazawa_266_310_120_36.png,6
kanazawa_266_310_153_173.png,5
kanazawa_266_310_77_99.png,6
kanazawa_266_310_12_62.png,6
kanazawa_266_310_181_80.png,5
kanazawa_266_310_132_69.png,3
kanazawa_266_310_186_245.png,3
kanazawa_266_310_116_268.png,1
kanazawa_266_310_168_196.png,3
kanazawa_266_310_178_35.png,6
kanazawa_266_310_243_175.png,3
kanazawa_266_310_169_46.png,3
kanazawa_266_310_214_217.png,3
kanazawa_266_310_120_91.png,3
kanazawa_266_310_83_269.png,3
kanazawa_266_310_102_93.png,6
kanazawa_266_310_170_238.png,3
kanazawa_266_310_167_224.png,3
kanazawa_266_310_209_184.png,3
kanazawa_266_310_89_193.png,5
kanazawa_266_310_243_246.png,3
kanazawa_266_310_25_164.png,5
kanazawa_266_310_200_259.png,3
kanazawa_266_310_173_27.png,6
kanazawa_266_310_63_52.png,6
kanazawa_266_310_181_101.png,3
kanazawa_266_310_72_118.png,6
kanazawa_266_310_178_27.png,6
kanazawa_266_310_224_170.png,3
kanazawa_266_310_185_128.png,3
kanazawa_266_310_175_87.png,5
kanazawa_266_310_145_78.png,1
kanazawa_266_310_143_45.png,6
kanazawa_266_310_39_246.png,6
kanazawa_266_310_83_196.png,3
kanazawa_266_310_192_176.png,3
kanazawa_266_310_143_148.png,3
kanazawa_266_310_101_278.png,1
kanazawa_266_310_33_196.png,3
kanazawa_266_310_149_84.png,1
kanazawa_266_310_135_44.png,6
kanazawa_266_310_85_94.png,6
kanazawa_266_310_227_111.png,3
kanazawa_266_310_230_129.png,3
kanazawa_266_310_230_87.png,3
kanazawa_266_310_60_82.png,6
kanazawa_266_310_95_98.png,6
kanazawa_266_310_189_255.png,3
kanazawa_266_310_42_96.png,6
kanazawa_266_310_140_83.png,5
kanazawa_266_310_197_107.png,3
kanazawa_266_310_176_103.png,3
kanazawa_266_310_177_169.png,3
kanazawa_266_310_40_68.png,6
kanazawa_266_310_151_186.png,5
kanazawa_266_310_208_13.png,2
kanazawa_266_310_158_101.png,5
kanazawa_266_310_68_213.png,3
kanazawa_266_310_260_242.png,3
kanazawa_266_310_257_233.png,3
kanazawa_266_310_103_218.png,5
kanazawa_266_310_100_102.png,6
kanazawa_266_310_140_42.png,6
kanazawa_266_310_236_213.png,3
kanazawa_266_310_105_63.png,6
kanazawa_266_310_205_227.png,6
kanazawa_266_310_52_235.png,6
kanazawa_266_310_162_83.png,5
kanazawa_266_310_94_239.png,2
kanazawa_266_310_164_27.png,6
kanazawa_266_310_147_124.png,3
kanazawa_266_310_170_200.png,3
kanazawa_266_310_93_231.png,1
kanazawa_266_310_243_169.png,3
kanazawa_266_310_91_51.png,6
kanazawa_266_310_175_134.png,3
kanazawa_266_310_84_94.png,6
kanazawa_266_310_213_207.png,3
kanazawa_266_310_76_49.png,6
kanazawa_266_310_40_257.png,6
kanazawa_266_310_152_203.png,3
kanazawa_266_310_141_183.png,5
kanazawa_266_310_198_225.png,3
kanazawa_266_310_65_83.png,6
kanazawa_266_310_207_67.png,3
kanazawa_266_310_80_157.png,3
kanazawa_266_310_108_89.png,6
kanazawa_266_310_68_297.png,6
kanazawa_266_310_174_107.png,3
kanazawa_266_310_135_31.png,6
kanazawa_266_310_116_173.png,5
kanazawa_266_310_164_34.png,6
kanazawa_266_310_184_175.png,3
kanazawa_266_310_39_153.png,5
kanazawa_266_310_176_19.png,6
kanazawa_266_310_100_91.png,6
kanazawa_266_310_202_242.png,3
kanazawa_266_310_40_91.png,6
kanazawa_266_310_191_113.png,3
kanazawa_266_310_91_281.png,1
kanazawa_266_310_237_105.png,3
kanazawa_266_310_112_161.png,3
kanazawa_266_310_59_261.png,6
kanazawa_266_310_105_74.png,6
kanazawa_266_310_161_153.png,3
kanazawa_266_310_172_25.png,6
kanazawa_266_310_160_145.png,3
kanazawa_266_310_122_278.png,5
kanazawa_266_310_153_239.png,3
kanazawa_266_310_83_279.png,3
kanazawa_266_310_242_211.png,3
kanazawa_266_310_145_97.png,1
kanazawa_266_310_155_164.png,5
kanazawa_266_310_154_49.png,6
kanazawa_266_310_98_264.png,1
kanazawa_266_310_129_197.png,5
kanazawa_266_310_235_96.png,3
kanazawa_266_310_58_284.png,6
kanazawa_266_310_53_268.png,6
kanazawa_266_310_240_159.png,3
kanazawa_266_310_163_98.png,3
kanazawa_266_310_109_58.png,6
kanazawa_266_310_170_161.png,3
kanazawa_266_310_239_115.png,3
kanazawa_266_310_92_276.png,5
kanazawa_266_310_50_77.png,6
kanazawa_266_310_141_111.png,3
kanazawa_266_310_213_33.png,5
kanazawa_266_310_229_224.png,3
kanazawa_266_310_171_61.png,5
kanazawa_266_310_125_146.png,3
kanazawa_266_310_235_129.png,3
kanazawa_266_310_204_99.png,3
kanazawa_266_310_191_227.png,3
kanazawa_266_310_224_102.png,3
kanazawa_266_310_160_36.png,6
kanazawa_266_310_43_71.png,6
kanazawa_266_310_45_228.png,6
kanazawa_266_310_179_157.png,3
kanazawa_266_310_47_113.png,6
kanazawa_266_310_224_165.png,3
kanazawa_266_310_182_141.png,3
kanazawa_266_310_196_138.png,3
kanazawa_266_310_198_207.png,3
kanazawa_266_310_142_201.png,5
kanazawa_266_310_109_61.png,6
kanazawa_266_310_211_25.png,1
kanazawa_266_310_202_224.png,3
kanazawa_266_310_46_199.png,5
kanazawa_266_310_10_73.png,6
kanazawa_266_310_235_118.png,3
kanazawa_266_310_101_207.png,5
kanazawa_266_310_34_112.png,6
kanazawa_266_310_217_126.png,3
kanazawa_266_310_74_263.png,6
kanazawa_266_310_28_71.png,6
kanazawa_266_310_107_66.png,6
kanazawa_266_310_121_161.png,5
kanazawa_266_310_91_228.png,1
kanazawa_266_310_180_136.png,3
kanazawa_266_310_124_32.png,6
kanazawa_266_310_221_169.png,3
kanazawa_266_310_192_84.png,3
kanazawa_266_310_191_175.png,3
kanazawa_266_310_209_191.png,3
kanazawa_266_310_202_176.png,3
kanazawa_266_310_186_34.png,1
kanazawa_266_310_239_161.png,3
kanazawa_266_310_89_272.png,5
kanazawa_266_310_203_110.png,3
kanazawa_266_310_186_264.png,3
kanazawa_266_310_54_218.png,6
kanazawa_266_310_175_221.png,3
kanazawa_266_310_120_251.png,5
kanazawa_266_310_207_243.png,3
kanazawa_266_310_165_242.png,3
kanazawa_266_310_217_163.png,3
kanazawa_266_310_118_85.png,1
kanazawa_266_310_121_51.png,6
kanazawa_266_310_20_64.png,6
kanazawa_266_310_213_28.png,5
kanazawa_266_310_194_133.png,3
kanazawa_266_310_177_94.png,3
kanazawa_266_310_179_149.png,3
kanazawa_266_310_216_237.png,3
kanazawa_266_310_124_207.png,5
kanazawa_266_310_23_83.png,6
kanazawa_266_310_215_209.png,3
kanazawa_266_310_125_101.png,5
kanazawa_266_310_165_18.png,6
kanazawa_266_310_94_59.png,6
kanazawa_266_310_58_256.png,6
kanazawa_266_310_183_235.png,3
kanazawa_266_310_96_281.png,1
kanazawa_266_310_181_224.png,3
kanazawa_266_310_123_96.png,1
kanazawa_266_310_49_247.png,6
kanazawa_266_310_41_81.png,6
kanazawa_266_310_99_100.png,6
kanazawa_266_310_89_79.png,6
kanazawa_266_310_158_187.png,5
kanazawa_266_310_239_136.png,3
kanazawa_266_310_63_279.png,6
kanazawa_266_310_76_78.png,6
kanazawa_266_310_118_168.png,5
kanazawa_266_310_47_188.png,3
kanazawa_266_310_177_239.png,3
kanazawa_266_310_232_203.png,3
kanazawa_266_310_171_198.png,3
kanazawa_266_310_115_90.png,3
kanazawa_266_310_187_263.png,3
kanazawa_266_310_226_232.png,3
kanazawa_266_310_199_148.png,3
kanazawa_266_310_129_180.png,5
kanazawa_266_310_125_32.png,6
kanazawa_266_310_34_234.png,6
kanazawa_266_310_25_58.png,6
kanazawa_266_310_28_118.png,6
kanazawa_266_310_73_228.png,1
kanazawa_266_310_80_279.png,1
kanazawa_266_310_93_249.png,1
kanazawa_266_310_37_59.png,6
kanazawa_266_310_59_260.png,6
kanazawa_266_310_117_156.png,3
kanazawa_266_310_202_204.png,3
kanazawa_266_310_173_231.png,3
kanazawa_266_310_113_207.png,5
kanazawa_266_310_160_206.png,3
kanazawa_266_310_39_54.png,6
kanazawa_266_310_11_62.png,6
kanazawa_266_310_108_195.png,5
kanazawa_266_310_240_226.png,3
kanazawa_266_310_259_233.png,3
kanazawa_266_310_49_285.png,6
kanazawa_266_310_34_229.png,6
kanazawa_266_310_88_252.png,5
kanazawa_266_310_228_169.png,3
kanazawa_266_310_95_149.png,3
kanazawa_266_310_97_120.png,5
kanazawa_266_310_35_136.png,3
kanazawa_266_310_193_252.png,3
kanazawa_266_310_150_106.png,1
kanazawa_266_310_171_26.png,6
kanazawa_266_310_123_131.png,3
kanazawa_266_310_45_181.png,3
kanazawa_266_310_216_210.png,3
kanazawa_266_310_59_102.png,6
kanazawa_266_310_91_113.png,3
kanazawa_266_310_73_258.png,6
kanazawa_266_310_216_186.png,3
kanazawa_266_310_221_119.png,3
kanazawa_266_310_26_62.png,6
kanazawa_266_310_111_47.png,6
kanazawa_266_310_107_100.png,3
kanazawa_266_310_206_57.png,3
kanazawa_266_310_105_99.png,6
kanazawa_266_310_213_230.png,3
kanazawa_266_310_162_35.png,6
kanazawa_266_310_78_43.png,6
kanazawa_266_310_163_78.png,5
kanazawa_266_310_58_244.png,6
kanazawa_266_310_35_132.png,3
kanazawa_266_310_183_168.png,3
kanazawa_266_310_52_101.png,6
kanazawa_266_310_160_94.png,1
kanazawa_266_310_152_35.png,6
kanazawa_266_310_130_80.png,3
kanazawa_266_310_120_111.png,5
kanazawa_266_310_74_233.png,3
kanazawa_266_310_102_68.png,6
kanazawa_266_310_39_126.png,6
kanazawa_266_310_47_283.png,6
kanazawa_266_310_33_201.png,3
kanazawa_266_310_232_133.png,3
kanazawa_266_310_74_266.png,6
kanazawa_266_310_207_31.png,1
kanazawa_266_310_217_37.png,1
kanazawa_266_310_45_93.png,6
kanazawa_266_310_34_201.png,3
kanazawa_266_310_246_242.png,3
kanazawa_266_310_200_131.png,3
kanazawa_266_310_78_237.png,1
kanazawa_266_310_43_260.png,6
kanazawa_266_310_184_140.png,3
kanazawa_266_310_99_264.png,1
kanazawa_266_310_106_53.png,6
kanazawa_266_310_195_168.png,3
kanazawa_266_310_148_224.png,3
kanazawa_266_310_58_297.png,6
kanazawa_266_310_159_24.png,6
kanazawa_266_310_209_250.png,3
kanazawa_266_310_94_90.png,6
kanazawa_266_310_181_62.png,5
kanazawa_266_310_209_220.png,3
kanazawa_266_310_138_55.png,6
kanazawa_266_310_193_251.png,3
kanazawa_266_310_154_133.png,3
kanazawa_266_310_80_266.png,6
kanazawa_266_310_205_189.png,3
kanazawa_266_310_43_223.png,6
kanazawa_266_310_43_217.png,6
kanazawa_266_310_220_117.png,3
kanazawa_266_310_170_65.png,5
kanazawa_266_310_43_227.png,6
kanazawa_266_310_44_106.png,6
kanazawa_266_310_123_51.png,6
kanazawa_266_310_179_171.png,3
kanazawa_266_310_44_271.png,6
kanazawa_266_310_145_79.png,1
kanazawa_266_310_171_190.png,3
kanazawa_266_310_220_243.png,3
kanazawa_266_310_45_129.png,6
kanazawa_266_310_27_64.png,6
kanazawa_266_310_184_177.png,3
kanazawa_266_310_136_27.png,6
kanazawa_266_310_192_134.png,3
kanazawa_266_310_44_123.png,6
kanazawa_266_310_217_252.png,3
kanazawa_266_310_104_96.png,6
kanazawa_266_310_179_21.png,6
kanazawa_266_310_216_90.png,3
kanazawa_266_310_222_216.png,3
kanazawa_266_310_204_167.png,3
kanazawa_266_310_249_188.png,3
kanazawa_266_310_190_226.png,3
kanazawa_266_310_248_231.png,3
kanazawa_266_310_70_107.png,6
kanazawa_266_310_87_133.png,3
kanazawa_266_310_124_124.png,3
kanazawa_266_310_89_270.png,5
kanazawa_266_310_51_232.png,6
kanazawa_266_310_28_202.png,3
kanazawa_266_310_197_228.png,3
kanazawa_266_310_78_58.png,6
kanazawa_266_310_51_264.png,6
kanazawa_266_310_71_121.png,3
kanazawa_266_310_237_156.png,3
kanazawa_266_310_125_137.png,4
kanazawa_266_310_191_249.png,3
kanazawa_266_310_124_64.png,6
kanazawa_266_310_118_59.png,6
kanazawa_266_310_167_75.png,5
kanazawa_266_310_116_66.png,6
kanazawa_266_310_52_108.png,6
kanazawa_266_310_72_244.png,6
kanazawa_266_310_212_184.png,3
kanazawa_266_310_114_49.png,6
kanazawa_266_310_72_110.png,6
kanazawa_266_310_62_262.png,6
kanazawa_266_310_248_227.png,3
kanazawa_266_310_167_55.png,5
kanazawa_266_310_37_180.png,3
kanazawa_266_310_72_250.png,6
kanazawa_266_310_134_36.png,6
kanazawa_266_310_212_200.png,3
kanazawa_266_310_205_96.png,3
kanazawa_266_310_207_154.png,3
kanazawa_266_310_192_239.png,3
kanazawa_266_310_112_204.png,5
kanazawa_266_310_206_155.png,3
kanazawa_266_310_170_199.png,3
kanazawa_266_310_98_64.png,6
kanazawa_266_310_112_227.png,3
kanazawa_266_310_168_160.png,3
kanazawa_266_310_142_26.png,6
kanazawa_266_310_102_104.png,3
kanazawa_266_310_159_89.png,1
kanazawa_266_310_148_48.png,6
kanazawa_266_310_104_223.png,5
kanazawa_266_310_70_236.png,6
kanazawa_266_310_221_151.png,3
kanazawa_266_310_234_143.png,3
kanazawa_266_310_222_167.png,3
kanazawa_266_310_168_77.png,5
kanazawa_266_310_99_108.png,3
kanazawa_266_310_226_185.png,3
kanazawa_266_310_227_194.png,3
kanazawa_266_310_47_184.png,3
kanazawa_266_310_142_225.png,3
kanazawa_266_310_93_223.png,1
kanazawa_266_310_198_163.png,3
kanazawa_266_310_220_129.png,3
kanazawa_266_310_213_160.png,3
kanazawa_266_310_84_152.png,3
kanazawa_266_310_183_223.png,3
kanazawa_266_310_97_59.png,6
kanazawa_266_310_173_257.png,3
kanazawa_266_310_203_239.png,3
kanazawa_266_310_205_82.png,3
kanazawa_266_310_122_125.png,3
kanazawa_266_310_253_219.png,3
kanazawa_266_310_50_299.png,6
kanazawa_266_310_174_179.png,3
kanazawa_266_310_142_241.png,3
kanazawa_266_310_65_194.png,5
kanazawa_266_310_194_158.png,3
kanazawa_266_310_205_136.png,3
kanazawa_266_310_128_81.png,3
kanazawa_266_310_194_213.png,3
kanazawa_266_310_41_269.png,6
kanazawa_266_310_83_101.png,6
kanazawa_266_310_228_68.png,3
kanazawa_266_310_77_258.png,6
kanazawa_266_310_166_142.png,3
kanazawa_266_310_162_202.png,3
kanazawa_266_310_96_205.png,5
kanazawa_266_310_210_23.png,2
kanazawa_266_310_158_96.png,1
kanazawa_266_310_44_281.png,6
kanazawa_266_310_65_270.png,6
kanazawa_266_310_81_296.png,6
kanazawa_266_310_187_111.png,3
kanazawa_266_310_119_181.png,2
kanazawa_266_310_115_181.png,5
kanazawa_266_310_200_221.png,3
kanazawa_266_310_215_221.png,3
kanazawa_266_310_4_72.png,6
kanazawa_266_310_177_69.png,1
kanazawa_266_310_179_118.png,3
kanazawa_266_310_206_233.png,3
kanazawa_266_310_175_212.png,3
kanazawa_266_310_116_77.png,6
kanazawa_266_310_56_283.png,6
kanazawa_266_310_90_71.png,6
kanazawa_266_310_66_55.png,6
kanazawa_266_310_37_200.png,3
kanazawa_266_310_198_58.png,5
kanazawa_266_310_174_37.png,6
kanazawa_266_310_132_279.png,5
kanazawa_266_310_142_162.png,3
kanazawa_266_310_151_206.png,3
kanazawa_266_310_101_260.png,1
kanazawa_266_310_116_193.png,5
kanazawa_266_310_182_116.png,3
kanazawa_266_310_108_144.png,3
kanazawa_266_310_18_95.png,6
kanazawa_266_310_138_211.png,3
kanazawa_266_310_179_182.png,3
kanazawa_266_310_124_78.png,3
kanazawa_266_310_65_98.png,6
kanazawa_266_310_146_142.png,3
kanazawa_266_310_52_102.png,6
kanazawa_266_310_41_98.png,6
kanazawa_266_310_163_241.png,3
kanazawa_266_310_144_134.png,3
kanazawa_266_310_40_159.png,3
kanazawa_266_310_204_242.png,3
kanazawa_266_310_109_285.png,1
kanazawa_266_310_181_24.png,6
kanazawa_266_310_86_72.png,6
kanazawa_266_310_133_220.png,3
kanazawa_266_310_81_75.png,6
kanazawa_266_310_124_73.png,6
kanazawa_266_310_64_104.png,6
kanazawa_266_310_60_200.png,5
kanazawa_266_310_26_114.png,6
kanazawa_266_310_213_76.png,3
kanazawa_266_310_21_74.png,6
kanazawa_266_310_119_132.png,3
kanazawa_266_310_54_244.png,6
kanazawa_266_310_51_77.png,6
kanazawa_266_310_62_58.png,6
kanazawa_266_310_122_166.png,5
kanazawa_266_310_32_126.png,6
kanazawa_266_310_41_141.png,1
kanazawa_266_310_47_235.png,6
kanazawa_266_310_38_229.png,6
kanazawa_266_310_93_130.png,3
kanazawa_266_310_222_233.png,3
kanazawa_266_310_131_64.png,6
kanazawa_266_310_47_170.png,3
kanazawa_266_310_78_288.png,6
kanazawa_266_310_229_227.png,3
kanazawa_266_310_148_139.png,3
kanazawa_266_310_153_189.png,5
kanazawa_266_310_62_271.png,6
kanazawa_266_310_148_176.png,5
kanazawa_266_310_197_192.png,3
kanazawa_266_310_16_114.png,6
kanazawa_266_310_206_238.png,3
kanazawa_266_310_186_128.png,3
kanazawa_266_310_204_94.png,3
kanazawa_266_310_172_81.png,5
kanazawa_266_310_191_25.png,3
kanazawa_266_310_149_207.png,3
kanazawa_266_310_144_94.png,1
kanazawa_266_310_182_250.png,3
kanazawa_266_310_81_256.png,6
kanazawa_266_310_51_72.png,6
kanazawa_266_310_183_66.png,1
kanazawa_266_310_91_285.png,1
kanazawa_266_310_230_150.png,3
kanazawa_266_310_7_96.png,6
kanazawa_266_310_230_144.png,3
kanazawa_266_310_191_143.png,3
kanazawa_266_310_248_206.png,3
kanazawa_266_310_67_123.png,3
kanazawa_266_310_120_237.png,3
kanazawa_266_310_178_192.png,3
kanazawa_266_310_63_271.png,6
kanazawa_266_310_88_285.png,1
kanazawa_266_310_165_197.png,3
kanazawa_266_310_83_56.png,6
kanazawa_266_310_155_77.png,5
kanazawa_266_310_88_123.png,5
kanazawa_266_310_115_128.png,3
kanazawa_266_310_230_133.png,3
kanazawa_266_310_244_187.png,3
kanazawa_266_310_107_147.png,3
kanazawa_266_310_180_170.png,3
kanazawa_266_310_212_25.png,5
kanazawa_266_310_173_184.png,3
kanazawa_266_310_239_150.png,3
kanazawa_266_310_51_122.png,6
kanazawa_266_310_165_152.png,3
kanazawa_266_310_217_221.png,3
kanazawa_266_310_178_255.png,3
kanazawa_266_310_225_111.png,3
kanazawa_266_310_209_126.png,3
kanazawa_266_310_79_275.png,6
kanazawa_266_310_187_149.png,3
kanazawa_266_310_114_204.png,5
kanazawa_266_310_158_36.png,6
kanazawa_266_310_174_25.png,6
kanazawa_266_310_58_299.png,6
kanazawa_266_310_67_275.png,6
kanazawa_266_310_83_179.png,3
kanazawa_266_310_219_142.png,3
kanazawa_266_310_202_8.png,6
kanazawa_266_310_83_117.png,3
kanazawa_266_310_189_51.png,5
kanazawa_266_310_95_94.png,6
kanazawa_266_310_48_58.png,6
kanazawa_266_310_96_84.png,6
kanazawa_266_310_218_153.png,3
kanazawa_266_310_16_107.png,6
kanazawa_266_310_163_49.png,6
kanazawa_266_310_173_65.png,5
kanazawa_266_310_243_139.png,3
kanazawa_266_310_121_205.png,5
kanazawa_266_310_51_62.png,6
kanazawa_266_310_99_179.png,3
kanazawa_266_310_166_108.png,3
kanazawa_266_310_213_247.png,3
kanazawa_266_310_159_69.png,5
kanazawa_266_310_79_282.png,3
kanazawa_266_310_86_294.png,1
kanazawa_266_310_47_286.png,6
kanazawa_266_310_144_54.png,6
kanazawa_266_310_57_51.png,6
kanazawa_266_310_181_167.png,3
kanazawa_266_310_151_173.png,5
kanazawa_266_310_66_168.png,3
kanazawa_266_310_62_193.png,5
kanazawa_266_310_36_104.png,6
kanazawa_266_310_142_125.png,3
kanazawa_266_310_45_78.png,6
kanazawa_266_310_200_177.png,3
kanazawa_266_310_140_88.png,1
kanazawa_266_310_163_233.png,3
kanazawa_266_310_66_232.png,6
kanazawa_266_310_239_171.png,3
kanazawa_266_310_24_127.png,6
kanazawa_266_310_223_94.png,3
kanazawa_266_310_226_134.png,3
kanazawa_266_310_183_143.png,3
kanazawa_266_310_46_254.png,6
kanazawa_266_310_82_112.png,6
kanazawa_266_310_152_153.png,3
kanazawa_266_310_82_83.png,6
kanazawa_266_310_207_25.png,5
kanazawa_266_310_193_175.png,3
kanazawa_266_310_41_243.png,6
kanazawa_266_310_51_248.png,6
kanazawa_266_310_79_150.png,3
kanazawa_266_310_54_232.png,6
kanazawa_266_310_51_302.png,6
kanazawa_266_310_195_232.png,3
kanazawa_266_310_32_224.png,6
kanazawa_266_310_258_213.png,3
kanazawa_266_310_111_42.png,6
kanazawa_266_310_184_113.png,3
kanazawa_266_310_153_25.png,6
kanazawa_266_310_92_257.png,5
kanazawa_266_310_108_152.png,3
kanazawa_266_310_159_161.png,5
kanazawa_266_310_40_245.png,6
kanazawa_266_310_119_252.png,5
kanazawa_266_310_31_78.png,6
kanazawa_266_310_90_65.png,6
kanazawa_266_310_60_92.png,6
kanazawa_266_310_34_104.png,6
kanazawa_266_310_125_276.png,5
kanazawa_266_310_29_132.png,6
kanazawa_266_310_153_151.png,3
kanazawa_266_310_203_158.png,3
kanazawa_266_310_160_260.png,3
kanazawa_266_310_189_169.png,3
kanazawa_266_310_89_103.png,6
kanazawa_266_310_158_256.png,3
kanazawa_266_310_110_282.png,1
kanazawa_266_310_117_34.png,6
kanazawa_266_310_214_236.png,3
kanazawa_266_310_223_242.png,3
kanazawa_266_310_35_62.png,6
kanazawa_266_310_62_270.png,6
kanazawa_266_310_198_219.png,3
kanazawa_266_310_105_146.png,3
kanazawa_266_310_224_231.png,3
kanazawa_266_310_62_246.png,6
kanazawa_266_310_221_146.png,6
kanazawa_266_310_149_75.png,1
kanazawa_266_310_169_230.png,3
kanazawa_266_310_69_84.png,6
kanazawa_266_310_135_143.png,3
kanazawa_266_310_190_215.png,3
kanazawa_266_310_233_145.png,3
kanazawa_266_310_63_159.png,3
kanazawa_266_310_231_218.png,3
kanazawa_266_310_184_150.png,3
kanazawa_266_310_187_228.png,3
kanazawa_266_310_130_28.png,6
kanazawa_266_310_203_149.png,3
kanazawa_266_310_24_114.png,6
kanazawa_266_310_70_239.png,6
kanazawa_266_310_208_159.png,3
kanazawa_266_310_156_273.png,3
kanazawa_266_310_193_100.png,3
kanazawa_266_310_50_73.png,6
kanazawa_266_310_229_125.png,3
kanazawa_266_310_36_199.png,3
kanazawa_266_310_103_56.png,6
kanazawa_266_310_244_203.png,3
kanazawa_266_310_79_49.png,6
kanazawa_266_310_119_110.png,3
kanazawa_266_310_233_215.png,3
kanazawa_266_310_120_179.png,5
kanazawa_266_310_44_155.png,3
kanazawa_266_310_127_88.png,1
kanazawa_266_310_60_260.png,6
kanazawa_266_310_161_107.png,3
kanazawa_266_310_124_35.png,6
kanazawa_266_310_36_159.png,5
kanazawa_266_310_52_187.png,5
kanazawa_266_310_154_98.png,1
kanazawa_266_310_220_51.png,3
kanazawa_266_310_203_73.png,3
kanazawa_266_310_63_283.png,6
kanazawa_266_310_98_53.png,6
kanazawa_266_310_248_186.png,3
kanazawa_266_310_147_188.png,5
kanazawa_266_310_123_276.png,5
kanazawa_266_310_54_258.png,6
kanazawa_266_310_227_132.png,3
kanazawa_266_310_184_214.png,3
kanazawa_266_310_139_183.png,5
kanazawa_266_310_72_79.png,6
kanazawa_266_310_42_262.png,6
kanazawa_266_310_125_184.png,5
kanazawa_266_310_234_84.png,3
kanazawa_266_310_46_291.png,6
kanazawa_266_310_88_176.png,3
kanazawa_266_310_88_277.png,3
kanazawa_266_310_63_112.png,6
kanazawa_266_310_223_226.png,3
kanazawa_266_310_210_66.png,3
kanazawa_266_310_233_197.png,6
kanazawa_266_310_155_226.png,3
kanazawa_266_310_250_245.png,3
kanazawa_266_310_157_41.png,6
kanazawa_266_310_202_32.png,5
kanazawa_266_310_61_112.png,6
kanazawa_266_310_228_120.png,3
kanazawa_266_310_44_64.png,6
kanazawa_266_310_47_277.png,6
kanazawa_266_310_219_20.png,5
kanazawa_266_310_247_163.png,3
kanazawa_266_310_77_68.png,6
kanazawa_266_310_232_248.png,3
kanazawa_266_310_100_38.png,6
kanazawa_266_310_197_131.png,3
kanazawa_266_310_102_287.png,1
kanazawa_266_310_46_103.png,6
kanazawa_266_310_94_225.png,1
kanazawa_266_310_31_136.png,3
kanazawa_266_310_16_134.png,3
kanazawa_266_310_188_226.png,3
kanazawa_266_310_62_302.png,6
kanazawa_266_310_45_268.png,6
kanazawa_266_310_145_35.png,6
kanazawa_266_310_125_30.png,6
kanazawa_266_310_180_58.png,5
kanazawa_266_310_69_278.png,6
kanazawa_266_310_103_143.png,3
kanazawa_266_310_154_151.png,3
kanazawa_266_310_87_61.png,6
kanazawa_266_310_131_105.png,5
kanazawa_266_310_224_155.png,3
kanazawa_266_310_108_97.png,3
kanazawa_266_310_145_38.png,6
kanazawa_266_310_136_76.png,3
kanazawa_266_310_224_213.png,3
kanazawa_266_310_167_123.png,3
kanazawa_266_310_126_59.png,6
kanazawa_266_310_66_110.png,6
kanazawa_266_310_248_215.png,3
kanazawa_266_310_138_126.png,3
kanazawa_266_310_86_196.png,5
kanazawa_266_310_28_130.png,3
kanazawa_266_310_223_153.png,3
kanazawa_266_310_82_219.png,1
kanazawa_266_310_18_101.png,6
kanazawa_266_310_231_144.png,3
kanazawa_266_310_172_242.png,3
kanazawa_266_310_200_230.png,3
kanazawa_266_310_77_287.png,6
kanazawa_266_310_216_220.png,3
kanazawa_266_310_122_81.png,3
kanazawa_266_310_75_108.png,6
kanazawa_266_310_163_25.png,6
kanazawa_266_310_94_102.png,6
kanazawa_266_310_169_183.png,3
kanazawa_266_310_66_106.png,6
kanazawa_266_310_254_226.png,3
kanazawa_266_310_193_159.png,3
kanazawa_266_310_145_81.png,1
kanazawa_266_310_203_254.png,3
kanazawa_266_310_184_74.png,3
kanazawa_266_310_126_259.png,5
kanazawa_266_310_135_108.png,1
kanazawa_266_310_17_69.png,6
kanazawa_266_310_29_113.png,6
kanazawa_266_310_53_128.png,6
kanazawa_266_310_249_213.png,3
kanazawa_266_310_236_144.png,3
kanazawa_266_310_136_36.png,6
kanazawa_266_310_101_49.png,6
kanazawa_266_310_218_142.png,3
kanazawa_266_310_152_258.png,3
kanazawa_266_310_95_246.png,5
kanazawa_266_310_190_260.png,3
kanazawa_266_310_203_258.png,3
kanazawa_266_310_240_135.png,3
kanazawa_266_310_175_238.png,3
kanazawa_266_310_118_45.png,6
kanazawa_266_310_80_286.png,6
kanazawa_266_310_39_73.png,6
kanazawa_266_310_60_73.png,6
kanazawa_266_310_149_213.png,3
kanazawa_266_310_58_295.png,6
kanazawa_266_310_204_131.png,3
kanazawa_266_310_53_252.png,6
kanazawa_266_310_50_284.png,6
kanazawa_266_310_136_158.png,3
kanazawa_266_310_214_214.png,3
kanazawa_266_310_126_64.png,6
kanazawa_266_310_88_155.png,3
kanazawa_266_310_51_260.png,6
kanazawa_266_310_183_106.png,3
kanazawa_266_310_38_58.png,6
kanazawa_266_310_106_249.png,5
kanazawa_266_310_177_245.png,3
kanazawa_266_310_118_255.png,5
kanazawa_266_310_17_88.png,6
kanazawa_266_310_180_255.png,3
kanazawa_266_310_110_45.png,6
kanazawa_266_310_79_192.png,3
kanazawa_266_310_123_274.png,1
kanazawa_266_310_62_70.png,6
kanazawa_266_310_194_12.png,6
kanazawa_266_310_57_292.png,6
kanazawa_266_310_60_250.png,6
kanazawa_266_310_80_76.png,6
kanazawa_266_310_246_187.png,3
kanazawa_266_310_177_36.png,3
kanazawa_266_310_213_190.png,3
kanazawa_266_310_200_181.png,3
kanazawa_266_310_230_116.png,3
kanazawa_266_310_96_132.png,3
kanazawa_266_310_160_232.png,3
kanazawa_266_310_24_135.png,6
kanazawa_266_310_50_256.png,6
kanazawa_266_310_101_68.png,6
kanazawa_266_310_188_240.png,3
kanazawa_266_310_42_267.png,6
kanazawa_266_310_101_104.png,3
kanazawa_266_310_114_194.png,5
kanazawa_266_310_43_219.png,6
kanazawa_266_310_207_185.png,3
kanazawa_266_310_118_166.png,5
kanazawa_266_310_245_233.png,3
kanazawa_266_310_187_231.png,3
kanazawa_266_310_183_26.png,6
kanazawa_266_310_188_208.png,3
kanazawa_266_310_198_176.png,3
kanazawa_266_310_241_133.png,3
kanazawa_266_310_110_41.png,6
kanazawa_266_310_153_215.png,3
kanazawa_266_310_103_194.png,5
kanazawa_266_310_33_159.png,5
kanazawa_266_310_47_168.png,3
kanazawa_266_310_114_180.png,5
kanazawa_266_310_98_95.png,6
kanazawa_266_310_83_115.png,3
kanazawa_266_310_154_96.png,1
kanazawa_266_310_205_248.png,3
kanazawa_266_310_256_224.png,3
kanazawa_266_310_64_298.png,6
kanazawa_266_310_38_125.png,6
kanazawa_266_310_166_122.png,3
kanazawa_266_310_146_189.png,5
kanazawa_266_310_146_30.png,6
kanazawa_266_310_97_277.png,1
kanazawa_266_310_201_157.png,3
kanazawa_266_310_239_210.png,3
kanazawa_266_310_28_151.png,3
kanazawa_266_310_193_169.png,3
kanazawa_266_310_224_154.png,3
kanazawa_266_310_185_44.png,5
kanazawa_266_310_104_40.png,6
kanazawa_266_310_190_112.png,3
kanazawa_266_310_87_282.png,1
kanazawa_266_310_136_194.png,5
kanazawa_266_310_125_34.png,6
kanazawa_266_310_108_263.png,5
kanazawa_266_310_216_144.png,3
kanazawa_266_310_232_119.png,3
kanazawa_266_310_19_103.png,6
kanazawa_266_310_198_246.png,3
kanazawa_266_310_135_223.png,3
kanazawa_266_310_79_263.png,6
kanazawa_266_310_98_253.png,5
kanazawa_266_310_222_98.png,3
kanazawa_266_310_174_198.png,3
kanazawa_266_310_95_115.png,1
kanazawa_266_310_226_81.png,3
kanazawa_266_310_142_187.png,5
kanazawa_266_310_138_115.png,3
kanazawa_266_310_95_214.png,1
kanazawa_266_310_94_142.png,3
kanazawa_266_310_176_46.png,5
kanazawa_266_310_186_121.png,3
kanazawa_266_310_245_169.png,3
kanazawa_266_310_82_229.png,5
kanazawa_266_310_183_44.png,5
kanazawa_266_310_57_94.png,6
kanazawa_266_310_155_229.png,3
kanazawa_266_310_241_207.png,3
kanazawa_266_310_160_222.png,3
kanazawa_266_310_33_184.png,3
kanazawa_266_310_76_279.png,6
kanazawa_266_310_206_175.png,3
kanazawa_266_310_192_256.png,3
kanazawa_266_310_138_271.png,1
kanazawa_266_310_50_57.png,6
kanazawa_266_310_141_65.png,6
kanazawa_266_310_64_138.png,5
kanazawa_266_310_90_174.png,3
kanazawa_266_310_196_154.png,3
kanazawa_266_310_61_69.png,6
kanazawa_266_310_109_66.png,6
kanazawa_266_310_65_137.png,5
kanazawa_266_310_127_271.png,5
kanazawa_266_310_155_187.png,5
kanazawa_266_310_173_266.png,3
kanazawa_266_310_64_119.png,6
kanazawa_266_310_21_100.png,6
kanazawa_266_310_106_71.png,6
kanazawa_266_310_246_175.png,3
kanazawa_266_310_181_31.png,6
kanazawa_266_310_211_38.png,5
kanazawa_266_310_77_295.png,6
kanazawa_266_310_100_49.png,6
kanazawa_266_310_89_291.png,5
kanazawa_266_310_90_281.png,1
kanazawa_266_310_72_113.png,6
kanazawa_266_310_118_138.png,3
kanazawa_266_310_35_91.png,6
kanazawa_266_310_79_194.png,3
kanazawa_266_310_160_45.png,6
kanazawa_266_310_120_138.png,3
kanazawa_266_310_219_220.png,3
kanazawa_266_310_110_264.png,3
kanazawa_266_310_121_203.png,5
kanazawa_266_310_50_290.png,6
kanazawa_266_310_202_250.png,3
kanazawa_266_310_165_253.png,3
kanazawa_266_310_16_109.png,6
kanazawa_266_310_240_212.png,3
kanazawa_266_310_252_204.png,3
kanazawa_266_310_183_163.png,3
kanazawa_266_310_23_134.png,3
kanazawa_266_310_150_201.png,3
kanazawa_266_310_229_188.png,3
kanazawa_266_310_203_249.png,3
kanazawa_266_310_180_22.png,6
kanazawa_266_310_48_137.png,3
kanazawa_266_310_169_50.png,1
kanazawa_266_310_213_118.png,3
kanazawa_266_310_77_176.png,3
kanazawa_266_310_91_98.png,6
kanazawa_266_310_196_261.png,3
kanazawa_266_310_172_53.png,5
kanazawa_266_310_119_249.png,5
kanazawa_266_310_237_175.png,3
kanazawa_266_310_201_77.png,3
kanazawa_266_310_92_46.png,6
kanazawa_266_310_53_103.png,6
kanazawa_266_310_16_63.png,6
kanazawa_266_310_108_55.png,6
kanazawa_266_310_246_227.png,3
kanazawa_266_310_173_199.png,3
kanazawa_266_310_84_208.png,1
kanazawa_266_310_95_61.png,6
kanazawa_266_310_79_45.png,6
kanazawa_266_310_181_219.png,3
kanazawa_266_310_199_225.png,3
kanazawa_266_310_227_55.png,3
kanazawa_266_310_106_157.png,3
kanazawa_266_310_140_164.png,3
kanazawa_266_310_148_271.png,3
kanazawa_266_310_85_274.png,1
kanazawa_266_310_233_225.png,3
kanazawa_266_310_110_68.png,6
kanazawa_266_310_214_177.png,3
kanazawa_266_310_47_296.png,6
kanazawa_266_310_115_117.png,3
kanazawa_266_310_124_174.png,5
kanazawa_266_310_154_227.png,3
kanazawa_266_310_22_94.png,6
kanazawa_266_310_118_278.png,5
kanazawa_266_310_201_109.png,3
kanazawa_266_310_23_112.png,6
kanazawa_266_310_95_132.png,3
kanazawa_266_310_21_101.png,6
kanazawa_266_310_212_185.png,3
kanazawa_266_310_130_32.png,6
kanazawa_266_310_120_102.png,3
kanazawa_266_310_211_127.png,3
kanazawa_266_310_43_286.png,6
kanazawa_266_310_160_242.png,3
kanazawa_266_310_112_83.png,6
kanazawa_266_310_155_84.png,1
kanazawa_266_310_219_107.png,3
kanazawa_266_310_71_55.png,6
kanazawa_266_310_256_215.png,3
kanazawa_266_310_110_278.png,1
kanazawa_266_310_204_203.png,3
kanazawa_266_310_241_148.png,3
kanazawa_266_310_85_180.png,3
kanazawa_266_310_195_127.png,3
kanazawa_266_310_84_116.png,3
kanazawa_266_310_217_110.png,3
kanazawa_266_310_54_91.png,6
kanazawa_266_310_25_126.png,6
kanazawa_266_310_133_72.png,6
kanazawa_266_310_77_163.png,3
kanazawa_266_310_177_20.png,6
kanazawa_266_310_185_154.png,3
kanazawa_266_310_89_108.png,6
kanazawa_266_310_157_180.png,5
kanazawa_266_310_62_273.png,6
kanazawa_266_310_203_227.png,6
kanazawa_266_310_33_83.png,6
kanazawa_266_310_160_235.png,3
kanazawa_266_310_228_191.png,3
kanazawa_266_310_145_214.png,3
kanazawa_266_310_54_214.png,6
kanazawa_266_310_139_72.png,3
kanazawa_266_310_49_53.png,6
kanazawa_266_310_16_68.png,6
kanazawa_266_310_164_40.png,6
kanazawa_266_310_251_190.png,3
kanazawa_266_310_117_255.png,5
kanazawa_266_310_51_131.png,6
kanazawa_266_310_57_146.png,3
kanazawa_266_310_49_183.png,3
kanazawa_266_310_180_132.png,3
kanazawa_266_310_128_70.png,6
kanazawa_266_310_237_206.png,3
kanazawa_266_310_223_73.png,3
kanazawa_266_310_85_224.png,1
kanazawa_266_310_201_125.png,3
kanazawa_266_310_179_85.png,5
kanazawa_266_310_72_198.png,3
kanazawa_266_310_44_132.png,6
kanazawa_266_310_46_231.png,6
kanazawa_266_310_53_107.png,6
kanazawa_266_310_224_88.png,3
kanazawa_266_310_61_219.png,6
kanazawa_266_310_15_111.png,6
kanazawa_266_310_122_32.png,6
kanazawa_266_310_164_221.png,3
kanazawa_266_310_76_214.png,3
kanazawa_266_310_81_156.png,3
kanazawa_266_310_226_157.png,3
kanazawa_266_310_210_121.png,3
kanazawa_266_310_193_185.png,3
kanazawa_266_310_136_188.png,5
kanazawa_266_310_206_92.png,3
kanazawa_266_310_205_137.png,3
kanazawa_266_310_186_248.png,3
kanazawa_266_310_218_233.png,3
kanazawa_266_310_219_177.png,3
kanazawa_266_310_135_72.png,3
kanazawa_266_310_224_114.png,3
kanazawa_266_310_108_131.png,3
kanazawa_266_310_50_230.png,6
kanazawa_266_310_128_36.png,6
kanazawa_266_310_23_159.png,3
kanazawa_266_310_53_126.png,6
kanazawa_266_310_91_247.png,5
kanazawa_266_310_226_180.png,3
kanazawa_266_310_147_36.png,6
kanazawa_266_310_174_47.png,5
kanazawa_266_310_198_44.png,5
kanazawa_266_310_52_98.png,1
kanazawa_266_310_44_83.png,6
kanazawa_266_310_71_106.png,6
kanazawa_266_310_43_125.png,6
kanazawa_266_310_97_150.png,3
kanazawa_266_310_155_167.png,5
kanazawa_266_310_19_75.png,6
kanazawa_266_310_87_208.png,1
kanazawa_266_310_177_43.png,1
kanazawa_266_310_74_195.png,3
kanazawa_266_310_177_101.png,3
kanazawa_266_310_132_129.png,3
kanazawa_266_310_214_113.png,3
kanazawa_266_310_138_39.png,6
kanazawa_266_310_182_29.png,6
kanazawa_266_310_136_41.png,6
kanazawa_266_310_206_140.png,3
kanazawa_266_310_137_143.png,3
kanazawa_266_310_119_116.png,5
kanazawa_266_310_120_238.png,3
kanazawa_266_310_132_251.png,5
kanazawa_266_310_154_226.png,3
kanazawa_266_310_78_292.png,6
kanazawa_266_310_165_39.png,6
kanazawa_266_310_198_12.png,6
kanazawa_266_310_187_212.png,3
kanazawa_266_310_250_178.png,3
kanazawa_266_310_53_66.png,6
kanazawa_266_310_89_262.png,5
kanazawa_266_310_24_96.png,6
kanazawa_266_310_247_183.png,3
kanazawa_266_310_94_42.png,6
kanazawa_266_310_186_106.png,3
kanazawa_266_310_64_264.png,6
kanazawa_266_310_157_148.png,3
kanazawa_266_310_137_159.png,3
kanazawa_266_310_95_70.png,6
kanazawa_266_310_69_282.png,6
kanazawa_266_310_242_185.png,3
kanazawa_266_310_235_164.png,3
kanazawa_266_310_182_117.png,3
kanazawa_266_310_202_193.png,3
kanazawa_266_310_32_83.png,6
kanazawa_266_310_45_222.png,6
kanazawa_266_310_30_219.png,6
kanazawa_266_310_60_95.png,6
kanazawa_266_310_28_80.png,6
kanazawa_266_310_78_74.png,6
kanazawa_266_310_96_268.png,2
kanazawa_266_310_209_222.png,3
kanazawa_266_310_48_223.png,6
kanazawa_266_310_226_133.png,3
kanazawa_266_310_161_84.png,5
kanazawa_266_310_46_224.png,6
kanazawa_266_310_80_117.png,3
kanazawa_266_310_76_271.png,6
kanazawa_266_310_212_174.png,3
kanazawa_266_310_204_110.png,3
kanazawa_266_310_82_129.png,3
kanazawa_266_310_103_187.png,5
kanazawa_266_310_37_61.png,6
kanazawa_266_310_67_268.png,6
kanazawa_266_310_226_54.png,3
kanazawa_266_310_154_46.png,6
kanazawa_266_310_140_58.png,6
kanazawa_266_310_154_87.png,1
kanazawa_266_310_209_205.png,3
kanazawa_266_310_143_85.png,1
kanazawa_266_310_247_209.png,3
kanazawa_266_310_77_194.png,3
kanazawa_266_310_177_251.png,3
kanazawa_266_310_62_287.png,6
kanazawa_266_310_93_256.png,5
kanazawa_266_310_134_86.png,1
kanazawa_266_310_164_190.png,3
kanazawa_266_310_24_115.png,6
kanazawa_266_310_195_195.png,3
kanazawa_266_310_105_161.png,3
kanazawa_266_310_170_207.png,3
kanazawa_266_310_102_108.png,5
kanazawa_266_310_196_85.png,3
kanazawa_266_310_220_85.png,3
kanazawa_266_310_76_255.png,6
kanazawa_266_310_203_212.png,3
kanazawa_266_310_32_62.png,6
kanazawa_266_310_230_118.png,3
kanazawa_266_310_86_58.png,6
kanazawa_266_310_74_243.png,6
kanazawa_266_310_147_116.png,3
kanazawa_266_310_237_118.png,3
kanazawa_266_310_110_273.png,1
kanazawa_266_310_131_74.png,6
kanazawa_266_310_92_107.png,6
kanazawa_266_310_99_230.png,5
kanazawa_266_310_67_89.png,6
kanazawa_266_310_92_162.png,3
kanazawa_266_310_189_155.png,3
kanazawa_266_310_207_195.png,3
kanazawa_266_310_113_208.png,5
kanazawa_266_310_215_210.png,3
kanazawa_266_310_206_77.png,3
kanazawa_266_310_138_87.png,1
kanazawa_266_310_239_118.png,3
kanazawa_266_310_160_209.png,3
kanazawa_266_310_198_100.png,3
kanazawa_266_310_154_195.png,3
kanazawa_266_310_225_193.png,3
kanazawa_266_310_194_66.png,3
kanazawa_266_310_100_269.png,1
kanazawa_266_310_120_65.png,6
kanazawa_266_310_92_137.png,3
kanazawa_266_310_98_47.png,6
kanazawa_266_310_226_75.png,3
kanazawa_266_310_56_100.png,6
kanazawa_266_310_59_259.png,6
kanazawa_266_310_241_126.png,3
kanazawa_266_310_171_17.png,6
kanazawa_266_310_194_101.png,3
kanazawa_266_310_95_225.png,1
kanazawa_266_310_102_75.png,6
kanazawa_266_310_83_53.png,6
kanazawa_266_310_12_114.png,6
kanazawa_266_310_79_92.png,6
kanazawa_266_310_121_57.png,6
kanazawa_266_310_215_104.png,3
kanazawa_266_310_107_70.png,6
kanazawa_266_310_72_97.png,6
kanazawa_266_310_195_47.png,5
kanazawa_266_310_23_92.png,6
kanazawa_266_310_89_47.png,6
kanazawa_266_310_247_166.png,3
kanazawa_266_310_164_130.png,3
kanazawa_266_310_145_105.png,1
kanazawa_266_310_98_118.png,5
kanazawa_266_310_240_134.png,3
kanazawa_266_310_110_280.png,1
kanazawa_266_310_129_93.png,2
kanazawa_266_310_194_221.png,3
kanazawa_266_310_141_73.png,3
kanazawa_266_310_125_55.png,6
kanazawa_266_310_5_70.png,6
kanazawa_266_310_194_115.png,3
kanazawa_266_310_75_118.png,3
kanazawa_266_310_58_231.png,6
kanazawa_266_310_230_161.png,3
kanazawa_266_310_56_102.png,6
kanazawa_266_310_200_244.png,3
kanazawa_266_310_178_23.png,6
kanazawa_266_310_167_250.png,3
kanazawa_266_310_196_32.png,5
kanazawa_266_310_226_226.png,3
kanazawa_266_310_57_71.png,6
kanazawa_266_310_210_182.png,3
kanazawa_266_310_24_125.png,6
kanazawa_266_310_250_197.png,3
kanazawa_266_310_121_90.png,3
kanazawa_266_310_224_233.png,3
kanazawa_266_310_166_32.png,6
kanazawa_266_310_189_184.png,3
kanazawa_266_310_49_302.png,6
kanazawa_266_310_35_153.png,5
kanazawa_266_310_227_141.png,3
kanazawa_266_310_233_246.png,3
kanazawa_266_310_161_187.png,3
kanazawa_266_310_194_127.png,3
kanazawa_266_310_178_214.png,3
kanazawa_266_310_223_163.png,3
kanazawa_266_310_43_73.png,6
kanazawa_266_310_57_252.png,6
kanazawa_266_310_193_17.png,6
kanazawa_266_310_44_285.png,6
kanazawa_266_310_86_65.png,6
kanazawa_266_310_37_67.png,6
kanazawa_266_310_195_238.png,3
kanazawa_266_310_37_238.png,6
kanazawa_266_310_231_128.png,3
kanazawa_266_310_74_65.png,6
kanazawa_266_310_192_168.png,3
kanazawa_266_310_109_273.png,1
kanazawa_266_310_61_161.png,3
kanazawa_266_310_153_274.png,3
kanazawa_266_310_153_79.png,5
kanazawa_266_310_111_285.png,1
kanazawa_266_310_78_201.png,3
kanazawa_266_310_39_180.png,3
kanazawa_266_310_46_74.png,6
kanazawa_266_310_98_115.png,1
kanazawa_266_310_115_65.png,6
kanazawa_266_310_27_98.png,6
kanazawa_266_310_185_207.png,3
kanazawa_266_310_147_158.png,3
kanazawa_266_310_152_81.png,5
kanazawa_266_310_221_190.png,3
kanazawa_266_310_92_164.png,3
kanazawa_266_310_164_42.png,6
kanazawa_266_310_41_217.png,6
kanazawa_266_310_180_252.png,3
kanazawa_266_310_75_270.png,6
kanazawa_266_310_85_283.png,1
kanazawa_266_310_101_239.png,1
kanazawa_266_310_83_90.png,6
kanazawa_266_310_216_102.png,3
kanazawa_266_310_90_40.png,6
kanazawa_266_310_107_44.png,6
kanazawa_266_310_180_168.png,3
kanazawa_266_310_103_82.png,6
kanazawa_266_310_79_239.png,1
kanazawa_266_310_192_138.png,3
kanazawa_266_310_66_102.png,6
kanazawa_266_310_186_243.png,3
kanazawa_266_310_243_247.png,3
kanazawa_266_310_214_211.png,3
kanazawa_266_310_110_142.png,5
kanazawa_266_310_186_91.png,3
kanazawa_266_310_82_281.png,3
kanazawa_266_310_84_266.png,3
kanazawa_266_310_58_114.png,6
kanazawa_266_310_145_114.png,3
kanazawa_266_310_131_127.png,3
kanazawa_266_310_90_176.png,3
kanazawa_266_310_233_121.png,3
kanazawa_266_310_213_162.png,3
kanazawa_266_310_197_232.png,3
kanazawa_266_310_82_108.png,6
kanazawa_266_310_41_112.png,6
kanazawa_266_310_181_210.png,3
kanazawa_266_310_226_107.png,3
kanazawa_266_310_192_258.png,3
kanazawa_266_310_62_232.png,6
kanazawa_266_310_203_189.png,3
kanazawa_266_310_202_90.png,3
kanazawa_266_310_249_236.png,3
kanazawa_266_310_67_88.png,6
kanazawa_266_310_50_280.png,6
kanazawa_266_310_218_184.png,3
kanazawa_266_310_140_90.png,1
kanazawa_266_310_35_131.png,3
kanazawa_266_310_118_105.png,3
kanazawa_266_310_180_158.png,3
kanazawa_266_310_126_47.png,6
kanazawa_266_310_187_216.png,3
kanazawa_266_310_129_31.png,6
kanazawa_266_310_201_43.png,5
kanazawa_266_310_38_235.png,6
kanazawa_266_310_93_271.png,5
kanazawa_266_310_76_195.png,3
kanazawa_266_310_213_165.png,3
kanazawa_266_310_218_33.png,3
kanazawa_266_310_40_83.png,6
kanazawa_266_310_13_114.png,6
kanazawa_266_310_179_170.png,3
kanazawa_266_310_138_51.png,6
kanazawa_266_310_114_149.png,3
kanazawa_266_310_34_124.png,6
kanazawa_266_310_78_95.png,6
kanazawa_266_310_34_85.png,6
kanazawa_266_310_47_279.png,6
kanazawa_266_310_82_151.png,3
kanazawa_266_310_209_139.png,3
kanazawa_266_310_34_110.png,6
kanazawa_266_310_185_126.png,3
kanazawa_266_310_189_20.png,6
kanazawa_266_310_80_196.png,3
kanazawa_266_310_110_179.png,5
kanazawa_266_310_54_87.png,6
kanazawa_266_310_146_226.png,5
kanazawa_266_310_179_164.png,3
kanazawa_266_310_77_94.png,6
kanazawa_266_310_231_124.png,3
kanazawa_266_310_141_179.png,5
kanazawa_266_310_146_132.png,3
kanazawa_266_310_154_225.png,3
kanazawa_266_310_137_189.png,5
kanazawa_266_310_208_138.png,3
kanazawa_266_310_235_126.png,3
kanazawa_266_310_59_51.png,6
kanazawa_266_310_110_276.png,1
kanazawa_266_310_257_241.png,3
kanazawa_266_310_172_260.png,3
kanazawa_266_310_142_235.png,3
kanazawa_266_310_77_135.png,5
kanazawa_266_310_32_182.png,3
kanazawa_266_310_210_245.png,3
kanazawa_266_310_177_256.png,3
kanazawa_266_310_68_279.png,6
kanazawa_266_310_71_71.png,6
kanazawa_266_310_158_161.png,5
kanazawa_266_310_87_124.png,5
kanazawa_266_310_185_115.png,3
kanazawa_266_310_104_112.png,2
kanazawa_266_310_215_148.png,3
kanazawa_266_310_103_68.png,6
kanazawa_266_310_147_59.png,6
kanazawa_266_310_120_54.png,6
kanazawa_266_310_63_57.png,6
kanazawa_266_310_181_160.png,3
kanazawa_266_310_39_247.png,6
kanazawa_266_310_204_220.png,3
kanazawa_266_310_229_131.png,6
kanazawa_266_310_57_212.png,6
kanazawa_266_310_27_72.png,6
kanazawa_266_310_164_172.png,5
kanazawa_266_310_74_247.png,6
kanazawa_266_310_182_13.png,6
kanazawa_266_310_100_181.png,5
kanazawa_266_310_114_144.png,3
kanazawa_266_310_152_193.png,3
kanazawa_266_310_146_188.png,5
kanazawa_266_310_67_75.png,6
kanazawa_266_310_244_207.png,3
kanazawa_266_310_97_228.png,5
kanazawa_266_310_168_141.png,3
kanazawa_266_310_240_232.png,3
kanazawa_266_310_34_57.png,6
kanazawa_266_310_117_145.png,3
kanazawa_266_310_74_282.png,1
kanazawa_266_310_40_102.png,6
kanazawa_266_310_157_228.png,3
kanazawa_266_310_202_106.png,3
kanazawa_266_310_201_118.png,3
kanazawa_266_310_46_53.png,6
kanazawa_266_310_231_76.png,3
kanazawa_266_310_152_165.png,5
kanazawa_266_310_145_168.png,5
kanazawa_266_310_152_171.png,5
kanazawa_266_310_205_221.png,6
kanazawa_266_310_146_68.png,3
kanazawa_266_310_27_123.png,6
kanazawa_266_310_116_45.png,6
kanazawa_266_310_111_232.png,3
kanazawa_266_310_227_220.png,3
kanazawa_266_310_164_214.png,3
kanazawa_266_310_122_167.png,5
kanazawa_266_310_141_203.png,5
kanazawa_266_310_164_51.png,3
kanazawa_266_310_144_188.png,5
kanazawa_266_310_100_92.png,6
kanazawa_266_310_208_220.png,3
kanazawa_266_310_66_131.png,3
kanazawa_266_310_229_164.png,3
kanazawa_266_310_45_280.png,6
kanazawa_266_310_147_87.png,1
kanazawa_266_310_228_219.png,3
kanazawa_266_310_154_208.png,3
kanazawa_266_310_89_114.png,3
kanazawa_266_310_133_38.png,6
kanazawa_266_310_30_71.png,6
kanazawa_266_310_74_276.png,6
kanazawa_266_310_227_210.png,3
kanazawa_266_310_186_228.png,3
kanazawa_266_310_197_183.png,3
kanazawa_266_310_35_159.png,5
kanazawa_266_310_74_114.png,6
kanazawa_266_310_41_216.png,6
kanazawa_266_310_53_272.png,6
kanazawa_266_310_235_208.png,3
kanazawa_266_310_231_107.png,3
kanazawa_266_310_67_51.png,6
kanazawa_266_310_101_182.png,5
kanazawa_266_310_47_161.png,3
kanazawa_266_310_175_31.png,6
kanazawa_266_310_83_256.png,1
kanazawa_266_310_79_103.png,6
kanazawa_266_310_166_72.png,5
kanazawa_266_310_106_125.png,3
kanazawa_266_310_132_153.png,3
kanazawa_266_310_190_250.png,3
kanazawa_266_310_136_165.png,3
kanazawa_266_310_86_78.png,6
kanazawa_266_310_58_86.png,6
kanazawa_266_310_40_243.png,6
kanazawa_266_310_59_90.png,6
kanazawa_266_310_176_38.png,6
kanazawa_266_310_225_91.png,3
kanazawa_266_310_96_221.png,5
kanazawa_266_310_87_195.png,5
kanazawa_266_310_53_291.png,6
kanazawa_266_310_15_119.png,6
kanazawa_266_310_79_86.png,6
kanazawa_266_310_84_80.png,6
kanazawa_266_310_135_197.png,5
kanazawa_266_310_29_114.png,6
kanazawa_266_310_90_102.png,6
kanazawa_266_310_220_223.png,3
kanazawa_266_310_54_122.png,6
kanazawa_266_310_37_201.png,3
kanazawa_266_310_172_37.png,6
kanazawa_266_310_219_193.png,3
kanazawa_266_310_196_232.png,3
kanazawa_266_310_114_120.png,5
kanazawa_266_310_57_124.png,6
kanazawa_266_310_65_88.png,6
kanazawa_266_310_185_109.png,3
kanazawa_266_310_189_250.png,3
kanazawa_266_310_103_87.png,6
kanazawa_266_310_238_175.png,3
kanazawa_266_310_170_64.png,5
kanazawa_266_310_201_41.png,1
kanazawa_266_310_121_167.png,5
kanazawa_266_310_161_131.png,3
kanazawa_266_310_45_224.png,6
kanazawa_266_310_224_138.png,3
kanazawa_266_310_211_224.png,3
kanazawa_266_310_41_71.png,6
kanazawa_266_310_112_198.png,5
kanazawa_266_310_165_190.png,3
kanazawa_266_310_187_246.png,3
kanazawa_266_310_63_117.png,6
kanazawa_266_310_74_251.png,6
kanazawa_266_310_123_52.png,6
kanazawa_266_310_202_192.png,3
kanazawa_266_310_163_207.png,3
kanazawa_266_310_91_208.png,1
kanazawa_266_310_102_48.png,6
kanazawa_266_310_53_76.png,6
kanazawa_266_310_228_102.png,3
kanazawa_266_310_114_85.png,6
kanazawa_266_310_159_90.png,1
kanazawa_266_310_17_79.png,6
kanazawa_266_310_155_218.png,3
kanazawa_266_310_131_176.png,5
kanazawa_266_310_45_245.png,6
kanazawa_266_310_37_119.png,6
kanazawa_266_310_195_15.png,6
kanazawa_266_310_229_127.png,3
kanazawa_266_310_202_11.png,3
kanazawa_266_310_104_203.png,5
kanazawa_266_310_78_73.png,6
kanazawa_266_310_90_217.png,1
kanazawa_266_310_84_268.png,3
kanazawa_266_310_211_21.png,5
kanazawa_266_310_125_147.png,4
kanazawa_266_310_207_172.png,3
kanazawa_266_310_195_111.png,3
kanazawa_266_310_174_246.png,3
kanazawa_266_310_44_127.png,6
kanazawa_266_310_69_74.png,6
kanazawa_266_310_207_92.png,3
kanazawa_266_310_206_147.png,3
kanazawa_266_310_36_156.png,5
kanazawa_266_310_139_58.png,6
kanazawa_266_310_116_43.png,6
kanazawa_266_310_34_71.png,6
kanazawa_266_310_225_169.png,3
kanazawa_266_310_111_77.png,6
kanazawa_266_310_131_143.png,3
kanazawa_266_310_138_125.png,3
kanazawa_266_310_59_162.png,3
kanazawa_266_310_21_128.png,6
kanazawa_266_310_109_75.png,6
kanazawa_266_310_229_122.png,3
kanazawa_266_310_192_178.png,3
kanazawa_266_310_35_100.png,6
kanazawa_266_310_47_306.png,6
kanazawa_266_310_84_281.png,1
kanazawa_266_310_186_204.png,3
kanazawa_266_310_67_114.png,6
kanazawa_266_310_214_99.png,3
kanazawa_266_310_183_187.png,3
kanazawa_266_310_176_186.png,3
kanazawa_266_310_55_271.png,6
kanazawa_266_310_225_196.png,3
kanazawa_266_310_197_177.png,3
kanazawa_266_310_175_33.png,6
kanazawa_266_310_126_74.png,6
kanazawa_266_310_53_193.png,5
kanazawa_266_310_110_131.png,3
kanazawa_266_310_207_121.png,3
kanazawa_266_310_69_117.png,6
kanazawa_266_310_172_170.png,3
kanazawa_266_310_193_249.png,3
kanazawa_266_310_35_233.png,6
kanazawa_266_310_58_293.png,6
kanazawa_266_310_75_280.png,6
kanazawa_266_310_230_183.png,3
kanazawa_266_310_225_212.png,3
kanazawa_266_310_161_203.png,3
kanazawa_266_310_140_180.png,5
kanazawa_266_310_187_235.png,3
kanazawa_266_310_237_236.png,3
kanazawa_266_310_119_45.png,6
kanazawa_266_310_42_74.png,6
kanazawa_266_310_90_95.png,6
kanazawa_266_310_84_192.png,3
kanazawa_266_310_216_170.png,3
kanazawa_266_310_199_210.png,3
kanazawa_266_310_94_284.png,1
kanazawa_266_310_219_247.png,3
kanazawa_266_310_151_103.png,1
kanazawa_266_310_218_158.png,3
kanazawa_266_310_107_203.png,1
kanazawa_266_310_198_33.png,5
kanazawa_266_310_100_198.png,5
kanazawa_266_310_136_213.png,3
kanazawa_266_310_119_87.png,3
kanazawa_266_310_111_61.png,6
kanazawa_266_310_133_71.png,6
kanazawa_266_310_43_162.png,3
kanazawa_266_310_147_97.png,1
kanazawa_266_310_203_55.png,3
kanazawa_266_310_220_21.png,5
kanazawa_266_310_17_75.png,6
kanazawa_266_310_48_95.png,6
kanazawa_266_310_116_144.png,3
kanazawa_266_310_120_38.png,6
kanazawa_266_310_96_200.png,5
kanazawa_266_310_150_77.png,5
kanazawa_266_310_9_106.png,6
kanazawa_266_310_216_230.png,3
kanazawa_266_310_67_151.png,3
kanazawa_266_310_151_224.png,3
kanazawa_266_310_185_250.png,3
kanazawa_266_310_99_92.png,6
kanazawa_266_310_110_76.png,6
kanazawa_266_310_58_292.png,6
kanazawa_266_310_88_177.png,3
kanazawa_266_310_100_140.png,3
kanazawa_266_310_200_156.png,3
kanazawa_266_310_89_48.png,6
kanazawa_266_310_14_104.png,6
kanazawa_266_310_99_48.png,6
kanazawa_266_310_100_68.png,6
kanazawa_266_310_194_113.png,3
kanazawa_266_310_110_150.png,3
kanazawa_266_310_88_56.png,6
kanazawa_266_310_61_167.png,3
kanazawa_266_310_121_56.png,6
kanazawa_266_310_41_229.png,6
kanazawa_266_310_136_48.png,6
kanazawa_266_310_90_60.png,6
kanazawa_266_310_127_54.png,6
kanazawa_266_310_230_76.png,3
kanazawa_266_310_184_40.png,5
kanazawa_266_310_195_214.png,3
kanazawa_266_310_87_270.png,5
kanazawa_266_310_189_138.png,3
kanazawa_266_310_238_191.png,3
kanazawa_266_310_26_63.png,6
kanazawa_266_310_115_147.png,3
kanazawa_266_310_131_38.png,6
kanazawa_266_310_126_91.png,1
kanazawa_266_310_77_233.png,1
kanazawa_266_310_251_209.png,3
kanazawa_266_310_115_272.png,1
kanazawa_266_310_33_74.png,6
kanazawa_266_310_96_103.png,6
kanazawa_266_310_19_62.png,6
kanazawa_266_310_221_136.png,3
kanazawa_266_310_194_215.png,3
kanazawa_266_310_219_212.png,3
kanazawa_266_310_236_224.png,3
kanazawa_266_310_63_128.png,3
kanazawa_266_310_242_155.png,3
kanazawa_266_310_86_70.png,6
kanazawa_266_310_153_44.png,6
kanazawa_266_310_227_180.png,3
kanazawa_266_310_119_66.png,6
kanazawa_266_310_116_137.png,3
kanazawa_266_310_137_76.png,3
kanazawa_266_310_85_114.png,3
kanazawa_266_310_186_22.png,6
kanazawa_266_310_139_178.png,5
kanazawa_266_310_156_212.png,3
kanazawa_266_310_141_163.png,3
kanazawa_266_310_75_60.png,6
kanazawa_266_310_121_177.png,5
kanazawa_266_310_197_190.png,3
kanazawa_266_310_83_266.png,3
kanazawa_266_310_236_232.png,3
kanazawa_266_310_28_94.png,6
kanazawa_266_310_147_54.png,6
kanazawa_266_310_45_234.png,6
kanazawa_266_310_198_131.png,3
kanazawa_266_310_123_62.png,6
kanazawa_266_310_184_166.png,3
kanazawa_266_310_141_212.png,3
kanazawa_266_310_235_94.png,3
kanazawa_266_310_218_236.png,3
kanazawa_266_310_151_220.png,3
kanazawa_266_310_85_141.png,3
kanazawa_266_310_45_226.png,6
kanazawa_266_310_184_31.png,6
kanazawa_266_310_140_52.png,6
kanazawa_266_310_211_237.png,3
kanazawa_266_310_137_100.png,1
kanazawa_266_310_142_56.png,6
kanazawa_266_310_141_43.png,6
kanazawa_266_310_224_158.png,3
kanazawa_266_310_154_40.png,6
kanazawa_266_310_34_70.png,6
kanazawa_266_310_204_70.png,3
kanazawa_266_310_208_135.png,3
kanazawa_266_310_129_191.png,5
kanazawa_266_310_133_35.png,6
kanazawa_266_310_121_281.png,5
kanazawa_266_310_182_182.png,3
kanazawa_266_310_159_39.png,6
kanazawa_266_310_121_67.png,6
kanazawa_266_310_152_90.png,1
kanazawa_266_310_112_80.png,6
kanazawa_266_310_113_153.png,3
kanazawa_266_310_164_47.png,6
kanazawa_266_310_203_200.png,3
kanazawa_266_310_238_155.png,3
kanazawa_266_310_43_234.png,6
kanazawa_266_310_21_123.png,6
kanazawa_266_310_219_224.png,3
kanazawa_266_310_95_259.png,5
kanazawa_266_310_58_105.png,6
kanazawa_266_310_151_263.png,3
kanazawa_266_310_35_114.png,6
kanazawa_266_310_88_106.png,6
kanazawa_266_310_65_48.png,6
kanazawa_266_310_92_258.png,5
kanazawa_266_310_148_172.png,5
kanazawa_266_310_54_281.png,6
kanazawa_266_310_176_102.png,3
kanazawa_266_310_139_44.png,6
kanazawa_266_310_60_217.png,6
kanazawa_266_310_196_117.png,3
kanazawa_266_310_120_104.png,1
kanazawa_266_310_90_81.png,6
kanazawa_266_310_142_169.png,5
kanazawa_266_310_154_265.png,3
kanazawa_266_310_71_271.png,6
kanazawa_266_310_158_152.png,3
kanazawa_266_310_201_93.png,3
kanazawa_266_310_179_133.png,3
kanazawa_266_310_82_117.png,3
kanazawa_266_310_56_181.png,5
kanazawa_266_310_73_251.png,6
kanazawa_266_310_34_203.png,3
kanazawa_266_310_233_105.png,3
kanazawa_266_310_173_229.png,3
kanazawa_266_310_136_30.png,6
kanazawa_266_310_69_216.png,3
kanazawa_266_310_81_71.png,6
kanazawa_266_310_86_71.png,6
kanazawa_266_310_170_264.png,3
kanazawa_266_310_134_277.png,5
kanazawa_266_310_160_255.png,3
kanazawa_266_310_173_182.png,3
kanazawa_266_310_251_182.png,3
kanazawa_266_310_217_150.png,3
kanazawa_266_310_143_224.png,3
kanazawa_266_310_137_72.png,3
kanazawa_266_310_126_207.png,5
kanazawa_266_310_247_227.png,3
kanazawa_266_310_178_213.png,3
kanazawa_266_310_51_120.png,6
kanazawa_266_310_155_141.png,3
kanazawa_266_310_45_175.png,3
kanazawa_266_310_88_75.png,6
kanazawa_266_310_114_202.png,5
kanazawa_266_310_190_54.png,5
kanazawa_266_310_239_132.png,3
kanazawa_266_310_199_153.png,3
kanazawa_266_310_221_189.png,3
kanazawa_266_310_59_291.png,6
kanazawa_266_310_211_112.png,3
kanazawa_266_310_178_185.png,3
kanazawa_266_310_140_70.png,3
kanazawa_266_310_36_202.png,3
kanazawa_266_310_152_146.png,3
kanazawa_266_310_185_153.png,3
kanazawa_266_310_56_280.png,6
kanazawa_266_310_87_263.png,5
kanazawa_266_310_116_226.png,3
kanazawa_266_310_106_36.png,6
kanazawa_266_310_43_116.png,6
kanazawa_266_310_152_271.png,3
kanazawa_266_310_71_298.png,6
kanazawa_266_310_221_167.png,3
kanazawa_266_310_161_250.png,3
kanazawa_266_310_110_36.png,6
kanazawa_266_310_59_97.png,6
kanazawa_266_310_40_56.png,6
kanazawa_266_310_216_194.png,3
kanazawa_266_310_109_202.png,1
kanazawa_266_310_105_89.png,6
kanazawa_266_310_91_148.png,3
kanazawa_266_310_136_112.png,3
kanazawa_266_310_134_195.png,5
kanazawa_266_310_166_126.png,3
kanazawa_266_310_226_142.png,3
kanazawa_266_310_211_252.png,3
kanazawa_266_310_12_65.png,6
kanazawa_266_310_236_215.png,3
kanazawa_266_310_36_125.png,6
kanazawa_266_310_166_245.png,3
kanazawa_266_310_192_209.png,3
kanazawa_266_310_194_111.png,3
kanazawa_266_310_99_287.png,1
kanazawa_266_310_155_161.png,5
kanazawa_266_310_194_232.png,3
kanazawa_266_310_45_116.png,6
kanazawa_266_310_3_73.png,6
kanazawa_266_310_152_207.png,3
kanazawa_266_310_70_269.png,6
kanazawa_266_310_56_237.png,6
kanazawa_266_310_151_164.png,5
kanazawa_266_310_192_17.png,6
kanazawa_266_310_51_102.png,6
kanazawa_266_310_43_228.png,6
kanazawa_266_310_107_64.png,6
kanazawa_266_310_138_212.png,3
kanazawa_266_310_58_115.png,6
kanazawa_266_310_115_213.png,5
kanazawa_266_310_29_89.png,6
kanazawa_266_310_30_174.png,3
kanazawa_266_310_10_63.png,6
kanazawa_266_310_203_185.png,3
kanazawa_266_310_188_147.png,3
kanazawa_266_310_161_33.png,6
kanazawa_266_310_138_40.png,6
kanazawa_266_310_222_92.png,3
kanazawa_266_310_200_153.png,3
kanazawa_266_310_62_199.png,5
kanazawa_266_310_109_40.png,6
kanazawa_266_310_25_63.png,6
kanazawa_266_310_211_105.png,3
kanazawa_266_310_144_131.png,3
kanazawa_266_310_212_195.png,6
kanazawa_266_310_151_108.png,1
kanazawa_266_310_218_111.png,3
kanazawa_266_310_127_55.png,6
kanazawa_266_310_215_21.png,5
kanazawa_266_310_47_130.png,3
kanazawa_266_310_233_205.png,6
kanazawa_266_310_125_182.png,5
kanazawa_266_310_182_60.png,5
kanazawa_266_310_231_164.png,3
kanazawa_266_310_162_192.png,3
kanazawa_266_310_112_123.png,1
kanazawa_266_310_156_54.png,3
kanazawa_266_310_244_146.png,3
kanazawa_266_310_154_259.png,3
kanazawa_266_310_124_41.png,6
kanazawa_266_310_142_83.png,5
kanazawa_266_310_72_48.png,6
kanazawa_266_310_133_179.png,5
kanazawa_266_310_145_88.png,1
kanazawa_266_310_133_113.png,3
kanazawa_266_310_37_206.png,3
kanazawa_266_310_125_83.png,3
kanazawa_266_310_227_83.png,3
kanazawa_266_310_81_66.png,6
kanazawa_266_310_92_213.png,1
kanazawa_266_310_52_188.png,5
kanazawa_266_310_62_48.png,6
kanazawa_266_310_188_57.png,5
kanazawa_266_310_52_100.png,6
kanazawa_266_310_90_73.png,6
kanazawa_266_310_166_89.png,5
kanazawa_266_310_95_89.png,6
kanazawa_266_310_235_225.png,3
kanazawa_266_310_181_178.png,3
kanazawa_266_310_209_112.png,3
kanazawa_266_310_53_250.png,6
kanazawa_266_310_152_211.png,3
kanazawa_266_310_93_212.png,1
kanazawa_266_310_229_90.png,3
kanazawa_266_310_119_76.png,6
kanazawa_266_310_240_239.png,3
kanazawa_266_310_154_210.png,3
kanazawa_266_310_101_85.png,6
kanazawa_266_310_147_185.png,5
kanazawa_266_310_51_269.png,6
kanazawa_266_310_200_84.png,3
kanazawa_266_310_170_44.png,3
kanazawa_266_310_77_278.png,6
kanazawa_266_310_144_39.png,6
kanazawa_266_310_131_37.png,6
kanazawa_266_310_54_75.png,6
kanazawa_266_310_79_79.png,6
kanazawa_266_310_55_184.png,3
kanazawa_266_310_224_224.png,3
kanazawa_266_310_221_227.png,3
kanazawa_266_310_162_50.png,3
kanazawa_266_310_64_166.png,3
kanazawa_266_310_245_200.png,3
kanazawa_266_310_229_120.png,3
kanazawa_266_310_81_124.png,1
kanazawa_266_310_121_268.png,1
kanazawa_266_310_126_85.png,3
kanazawa_266_310_202_234.png,3
kanazawa_266_310_129_279.png,5
kanazawa_266_310_40_180.png,3
kanazawa_266_310_179_45.png,5
kanazawa_266_310_121_60.png,6
kanazawa_266_310_28_76.png,6
kanazawa_266_310_49_70.png,6
kanazawa_266_310_109_181.png,5
kanazawa_266_310_221_97.png,3
kanazawa_266_310_145_159.png,3
kanazawa_266_310_151_153.png,3
kanazawa_266_310_99_183.png,5
kanazawa_266_310_161_150.png,3
kanazawa_266_310_93_141.png,1
kanazawa_266_310_189_148.png,3
kanazawa_266_310_46_154.png,3
kanazawa_266_310_149_152.png,3
kanazawa_266_310_201_130.png,3
kanazawa_266_310_153_31.png,6
kanazawa_266_310_17_99.png,6
kanazawa_266_310_83_59.png,6
kanazawa_266_310_162_73.png,1
kanazawa_266_310_52_228.png,6
kanazawa_266_310_88_174.png,3
kanazawa_266_310_193_107.png,3
kanazawa_266_310_231_109.png,3
kanazawa_266_310_223_32.png,3
kanazawa_266_310_142_269.png,5
kanazawa_266_310_226_144.png,3
kanazawa_266_310_27_181.png,3
kanazawa_266_310_228_210.png,3
kanazawa_266_310_69_170.png,3
kanazawa_266_310_58_223.png,6
kanazawa_266_310_225_54.png,3
kanazawa_266_310_42_152.png,5
kanazawa_266_310_235_130.png,3
kanazawa_266_310_150_40.png,6
kanazawa_266_310_167_247.png,3
kanazawa_266_310_224_121.png,3
kanazawa_266_310_130_168.png,3
kanazawa_266_310_243_222.png,3
kanazawa_266_310_176_126.png,3
kanazawa_266_310_68_107.png,6
kanazawa_266_310_12_105.png,6
kanazawa_266_310_71_80.png,6
kanazawa_266_310_98_135.png,3
kanazawa_266_310_197_99.png,3
kanazawa_266_310_215_133.png,3
kanazawa_266_310_4_74.png,6
kanazawa_266_310_80_242.png,3
kanazawa_266_310_56_59.png,6
kanazawa_266_310_125_71.png,6
kanazawa_266_310_94_103.png,6
kanazawa_266_310_80_88.png,6
kanazawa_266_310_191_169.png,4
kanazawa_266_310_123_153.png,3
kanazawa_266_310_118_42.png,6
kanazawa_266_310_53_105.png,6
kanazawa_266_310_60_57.png,6
kanazawa_266_310_56_74.png,6
kanazawa_266_310_146_165.png,5
kanazawa_266_310_213_145.png,3
kanazawa_266_310_171_264.png,3
kanazawa_266_310_28_105.png,6
kanazawa_266_310_75_93.png,6
kanazawa_266_310_229_204.png,3
kanazawa_266_310_179_180.png,3
kanazawa_266_310_190_14.png,6
kanazawa_266_310_212_43.png,3
kanazawa_266_310_174_20.png,6
kanazawa_266_310_192_135.png,3
kanazawa_266_310_37_182.png,3
kanazawa_266_310_209_98.png,3
kanazawa_266_310_220_254.png,3
kanazawa_266_310_152_95.png,1
kanazawa_266_310_110_275.png,1
kanazawa_266_310_178_138.png,3
kanazawa_266_310_105_219.png,5
kanazawa_266_310_64_106.png,6
kanazawa_266_310_95_236.png,1
kanazawa_266_310_32_92.png,6
kanazawa_266_310_103_207.png,5
kanazawa_266_310_48_87.png,6
kanazawa_266_310_48_132.png,3
kanazawa_266_310_186_145.png,3
kanazawa_266_310_93_93.png,6
kanazawa_266_310_223_81.png,3
kanazawa_266_310_49_289.png,6
kanazawa_266_310_236_102.png,3
kanazawa_266_310_182_152.png,3
kanazawa_266_310_12_107.png,6
kanazawa_266_310_123_270.png,5
kanazawa_266_310_153_254.png,3
kanazawa_266_310_54_208.png,6
kanazawa_266_310_226_171.png,3
kanazawa_266_310_192_106.png,3
kanazawa_266_310_201_199.png,3
kanazawa_266_310_178_37.png,3
kanazawa_266_310_40_120.png,6
kanazawa_266_310_54_131.png,6
kanazawa_266_310_238_189.png,3
kanazawa_266_310_49_282.png,6
kanazawa_266_310_165_211.png,3
kanazawa_266_310_204_160.png,3
kanazawa_266_310_244_143.png,3
kanazawa_266_310_166_252.png,3
kanazawa_266_310_66_129.png,3
kanazawa_266_310_36_233.png,6
kanazawa_266_310_214_125.png,3
kanazawa_266_310_160_122.png,3
kanazawa_266_310_210_132.png,3
kanazawa_266_310_52_270.png,6
kanazawa_266_310_180_24.png,6
kanazawa_266_310_115_273.png,1
kanazawa_266_310_45_84.png,6
kanazawa_266_310_212_125.png,3
kanazawa_266_310_88_66.png,6
kanazawa_266_310_229_130.png,3
kanazawa_266_310_130_40.png,6
kanazawa_266_310_103_71.png,6
kanazawa_266_310_190_12.png,6
kanazawa_266_310_54_239.png,6
kanazawa_266_310_236_189.png,3
kanazawa_266_310_234_140.png,3
kanazawa_266_310_84_175.png,3
kanazawa_266_310_141_250.png,1
kanazawa_266_310_156_228.png,3
kanazawa_266_310_182_23.png,6
kanazawa_266_310_129_60.png,6
kanazawa_266_310_196_47.png,1
kanazawa_266_310_156_255.png,3
kanazawa_266_310_69_261.png,6
kanazawa_266_310_180_156.png,3
kanazawa_266_310_170_225.png,3
kanazawa_266_310_199_155.png,3
kanazawa_266_310_185_100.png,3
kanazawa_266_310_19_72.png,6
kanazawa_266_310_192_129.png,3
kanazawa_266_310_105_137.png,3
kanazawa_266_310_149_211.png,3
kanazawa_266_310_76_107.png,6
kanazawa_266_310_34_132.png,6
kanazawa_266_310_55_77.png,6
kanazawa_266_310_230_202.png,3
kanazawa_266_310_45_209.png,6
kanazawa_266_310_61_294.png,6
kanazawa_266_310_175_150.png,3
kanazawa_266_310_217_43.png,3
kanazawa_266_310_42_64.png,6
kanazawa_266_310_59_271.png,6
kanazawa_266_310_175_231.png,3
kanazawa_266_310_201_127.png,3
kanazawa_266_310_175_229.png,3
kanazawa_266_310_198_212.png,3
kanazawa_266_310_144_101.png,1
kanazawa_266_310_178_33.png,6
kanazawa_266_310_177_39.png,3
kanazawa_266_310_44_176.png,3
kanazawa_266_310_19_137.png,5
kanazawa_266_310_69_270.png,6
kanazawa_266_310_71_263.png,6
kanazawa_266_310_101_126.png,3
kanazawa_266_310_123_145.png,3
kanazawa_266_310_75_54.png,6
kanazawa_266_310_232_75.png,3
kanazawa_266_310_204_208.png,3
kanazawa_266_310_137_163.png,3
kanazawa_266_310_142_122.png,3
kanazawa_266_310_34_169.png,3
kanazawa_266_310_7_75.png,6
kanazawa_266_310_68_93.png,6
kanazawa_266_310_233_119.png,3
kanazawa_266_310_114_95.png,3
kanazawa_266_310_169_167.png,3
kanazawa_266_310_63_252.png,6
kanazawa_266_310_73_296.png,6
kanazawa_266_310_135_124.png,3
kanazawa_266_310_229_59.png,3
kanazawa_266_310_38_81.png,6
kanazawa_266_310_136_46.png,6
kanazawa_266_310_205_135.png,3
kanazawa_266_310_240_123.png,3
kanazawa_266_310_117_222.png,3
kanazawa_266_310_211_5.png,5
kanazawa_266_310_237_155.png,3
kanazawa_266_310_52_243.png,6
kanazawa_266_310_46_239.png,6
kanazawa_266_310_30_156.png,5
kanazawa_266_310_188_15.png,6
kanazawa_266_310_68_110.png,6
kanazawa_266_310_86_172.png,3
kanazawa_266_310_44_228.png,6
kanazawa_266_310_83_47.png,6
kanazawa_266_310_93_45.png,6
kanazawa_266_310_174_249.png,3
kanazawa_266_310_158_142.png,3
kanazawa_266_310_112_193.png,5
kanazawa_266_310_161_104.png,3
kanazawa_266_310_109_268.png,1
kanazawa_266_310_221_111.png,3
kanazawa_266_310_46_78.png,6
kanazawa_266_310_56_205.png,1
kanazawa_266_310_52_121.png,6
kanazawa_266_310_116_118.png,5
kanazawa_266_310_191_156.png,3
kanazawa_266_310_66_114.png,6
kanazawa_266_310_183_263.png,3
kanazawa_266_310_153_250.png,3
kanazawa_266_310_96_99.png,6
kanazawa_266_310_93_187.png,5
kanazawa_266_310_169_225.png,3
kanazawa_266_310_159_93.png,1
kanazawa_266_310_37_126.png,6
kanazawa_266_310_66_227.png,6
kanazawa_266_310_50_69.png,6
kanazawa_266_310_226_189.png,3
kanazawa_266_310_217_142.png,3
kanazawa_266_310_53_204.png,1
kanazawa_266_310_100_256.png,5
kanazawa_266_310_109_99.png,3
kanazawa_266_310_145_148.png,3
kanazawa_266_310_74_83.png,6
kanazawa_266_310_82_232.png,5
kanazawa_266_310_48_113.png,6
kanazawa_266_310_113_127.png,1
kanazawa_266_310_34_151.png,5
kanazawa_266_310_60_248.png,6
kanazawa_266_310_40_239.png,6
kanazawa_266_310_68_134.png,5
kanazawa_266_310_191_108.png,3
kanazawa_266_310_52_56.png,6
kanazawa_266_310_103_169.png,3
kanazawa_266_310_92_243.png,5
kanazawa_266_310_82_114.png,3
kanazawa_266_310_221_156.png,3
kanazawa_266_310_31_77.png,6
kanazawa_266_310_143_49.png,6
kanazawa_266_310_172_158.png,3
kanazawa_266_310_59_120.png,6
kanazawa_266_310_131_166.png,3
kanazawa_266_310_190_188.png,3
kanazawa_266_310_257_216.png,3
kanazawa_266_310_176_224.png,3
kanazawa_266_310_151_49.png,6
kanazawa_266_310_200_36.png,1
kanazawa_266_310_118_128.png,3
kanazawa_266_310_224_187.png,3
kanazawa_266_310_195_140.png,3
kanazawa_266_310_108_273.png,1
kanazawa_266_310_157_44.png,6
kanazawa_266_310_98_288.png,1
kanazawa_266_310_52_267.png,6
kanazawa_266_310_173_109.png,3
kanazawa_266_310_113_147.png,3
kanazawa_266_310_160_83.png,5
kanazawa_266_310_50_217.png,6
kanazawa_266_310_52_165.png,3
kanazawa_266_310_65_225.png,6
kanazawa_266_310_61_88.png,6
kanazawa_266_310_197_200.png,3
kanazawa_266_310_226_198.png,3
kanazawa_266_310_133_126.png,3
kanazawa_266_310_141_53.png,6
kanazawa_266_310_137_104.png,1
kanazawa_266_310_52_57.png,6
kanazawa_266_310_58_104.png,6
kanazawa_266_310_64_156.png,3
kanazawa_266_310_159_140.png,3
kanazawa_266_310_52_248.png,6
kanazawa_266_310_81_263.png,6
kanazawa_266_310_161_212.png,3
kanazawa_266_310_186_28.png,6
kanazawa_266_310_177_129.png,3
kanazawa_266_310_107_83.png,6
kanazawa_266_310_41_100.png,6
kanazawa_266_310_155_230.png,3
kanazawa_266_310_212_104.png,3
kanazawa_266_310_216_21.png,5
kanazawa_266_310_138_54.png,6
kanazawa_266_310_95_190.png,5
kanazawa_266_310_31_86.png,6
kanazawa_266_310_223_89.png,3
kanazawa_266_310_34_91.png,6
kanazawa_266_310_110_58.png,6
kanazawa_266_310_159_215.png,3
kanazawa_266_310_14_117.png,6
kanazawa_266_310_104_260.png,3
kanazawa_266_310_131_204.png,5
kanazawa_266_310_172_57.png,5
kanazawa_266_310_155_33.png,6
kanazawa_266_310_65_266.png,6
kanazawa_266_310_180_109.png,3
kanazawa_266_310_203_188.png,3
kanazawa_266_310_212_160.png,3
kanazawa_266_310_183_31.png,3
kanazawa_266_310_78_80.png,6
kanazawa_266_310_47_87.png,6
kanazawa_266_310_186_71.png,3
kanazawa_266_310_124_57.png,6
kanazawa_266_310_200_252.png,3
kanazawa_266_310_69_64.png,6
kanazawa_266_310_82_113.png,6
kanazawa_266_310_158_76.png,1
kanazawa_266_310_208_79.png,3
kanazawa_266_310_171_173.png,3
kanazawa_266_310_99_43.png,6
kanazawa_266_310_238_139.png,3
kanazawa_266_310_130_270.png,5
kanazawa_266_310_198_77.png,3
kanazawa_266_310_139_231.png,3
kanazawa_266_310_159_201.png,3
kanazawa_266_310_170_191.png,3
kanazawa_266_310_149_201.png,3
kanazawa_266_310_43_224.png,6
kanazawa_266_310_128_185.png,5
kanazawa_266_310_230_214.png,6
kanazawa_266_310_130_262.png,5
kanazawa_266_310_42_241.png,6
kanazawa_266_310_157_82.png,5
kanazawa_266_310_221_152.png,3
kanazawa_266_310_166_227.png,3
kanazawa_266_310_54_224.png,6
kanazawa_266_310_127_134.png,3
kanazawa_266_310_153_161.png,5
kanazawa_266_310_245_191.png,3
kanazawa_266_310_229_222.png,3
kanazawa_266_310_147_176.png,5
kanazawa_266_310_112_263.png,1
kanazawa_266_310_59_262.png,6
kanazawa_266_310_97_74.png,6
kanazawa_266_310_166_241.png,3
kanazawa_266_310_84_87.png,6
kanazawa_266_310_89_81.png,6
kanazawa_266_310_196_204.png,3
kanazawa_266_310_17_109.png,6
kanazawa_266_310_55_291.png,6
kanazawa_266_310_229_184.png,3
kanazawa_266_310_199_224.png,3
kanazawa_266_310_207_175.png,3
kanazawa_266_310_229_165.png,3
kanazawa_266_310_224_252.png,3
kanazawa_266_310_208_218.png,6
kanazawa_266_310_147_225.png,3
kanazawa_266_310_180_92.png,1
kanazawa_266_310_43_233.png,6
kanazawa_266_310_123_265.png,1
kanazawa_266_310_176_33.png,6
kanazawa_266_310_227_50.png,3
kanazawa_266_310_235_162.png,3
kanazawa_266_310_170_40.png,6
kanazawa_266_310_46_104.png,6
kanazawa_266_310_84_221.png,1
kanazawa_266_310_192_262.png,3
kanazawa_266_310_183_27.png,6
kanazawa_266_310_198_78.png,3
kanazawa_266_310_54_100.png,6
kanazawa_266_310_161_19.png,6
kanazawa_266_310_73_277.png,6
kanazawa_266_310_52_264.png,6
kanazawa_266_310_162_246.png,3
kanazawa_266_310_124_203.png,5
kanazawa_266_310_45_231.png,6
kanazawa_266_310_195_235.png,3
kanazawa_266_310_44_221.png,6
kanazawa_266_310_94_202.png,5
kanazawa_266_310_59_117.png,6
kanazawa_266_310_160_107.png,5
kanazawa_266_310_50_253.png,6
kanazawa_266_310_78_108.png,6
kanazawa_266_310_80_232.png,1
kanazawa_266_310_143_112.png,3
kanazawa_266_310_157_61.png,5
kanazawa_266_310_255_208.png,3
kanazawa_266_310_143_68.png,3
kanazawa_266_310_216_203.png,3
kanazawa_266_310_163_262.png,3
kanazawa_266_310_192_50.png,5
kanazawa_266_310_149_106.png,1
kanazawa_266_310_100_211.png,5
kanazawa_266_310_173_217.png,3
kanazawa_266_310_214_20.png,5
kanazawa_266_310_73_218.png,3
kanazawa_266_310_60_254.png,6
kanazawa_266_310_228_150.png,3
kanazawa_266_310_50_276.png,6
kanazawa_266_310_58_121.png,6
kanazawa_266_310_15_89.png,6
kanazawa_266_310_184_148.png,3
kanazawa_266_310_63_251.png,6
kanazawa_266_310_108_219.png,5
kanazawa_266_310_100_210.png,5
kanazawa_266_310_48_65.png,6
kanazawa_266_310_44_91.png,6
kanazawa_266_310_63_106.png,6
kanazawa_266_310_103_184.png,5
kanazawa_266_310_77_67.png,6
kanazawa_266_310_194_89.png,3
kanazawa_266_310_255_230.png,3
kanazawa_266_310_51_299.png,6
kanazawa_266_310_171_49.png,5
kanazawa_266_310_27_73.png,6
kanazawa_266_310_205_223.png,3
kanazawa_266_310_145_98.png,1
kanazawa_266_310_215_121.png,3
kanazawa_266_310_194_104.png,3
kanazawa_266_310_60_180.png,3
kanazawa_266_310_191_263.png,3
kanazawa_266_310_236_105.png,3
kanazawa_266_310_160_79.png,5
kanazawa_266_310_82_293.png,6
kanazawa_266_310_48_86.png,6
kanazawa_266_310_236_250.png,3
kanazawa_266_310_194_169.png,3
kanazawa_266_310_205_120.png,3
kanazawa_266_310_52_298.png,6
kanazawa_266_310_28_87.png,6
kanazawa_266_310_101_284.png,1
kanazawa_266_310_221_107.png,3
kanazawa_266_310_183_150.png,3
kanazawa_266_310_150_56.png,6
kanazawa_266_310_67_216.png,5
kanazawa_266_310_12_74.png,6
kanazawa_266_310_156_262.png,3
kanazawa_266_310_231_186.png,3
kanazawa_266_310_104_55.png,6
kanazawa_266_310_131_48.png,6
kanazawa_266_310_49_149.png,3
kanazawa_266_310_147_163.png,5
kanazawa_266_310_75_104.png,6
kanazawa_266_310_100_231.png,5
kanazawa_266_310_146_179.png,5
kanazawa_266_310_45_99.png,6
kanazawa_266_310_227_233.png,3
kanazawa_266_310_64_180.png,3
kanazawa_266_310_59_280.png,6
kanazawa_266_310_130_57.png,6
kanazawa_266_310_47_77.png,6
kanazawa_266_310_105_104.png,4
kanazawa_266_310_182_137.png,3
kanazawa_266_310_121_276.png,1
kanazawa_266_310_194_137.png,3
kanazawa_266_310_35_85.png,6
kanazawa_266_310_121_227.png,3
kanazawa_266_310_96_65.png,6
kanazawa_266_310_213_122.png,3
kanazawa_266_310_112_259.png,1
kanazawa_266_310_126_58.png,6
kanazawa_266_310_142_45.png,6
kanazawa_266_310_111_76.png,6
kanazawa_266_310_100_170.png,5
kanazawa_266_310_26_58.png,6
kanazawa_266_310_98_109.png,4
kanazawa_266_310_250_229.png,3
kanazawa_266_310_52_269.png,6
kanazawa_266_310_187_24.png,6
kanazawa_266_310_75_145.png,3
kanazawa_266_310_183_122.png,3
kanazawa_266_310_163_57.png,5
kanazawa_266_310_202_132.png,3
kanazawa_266_310_206_105.png,3
kanazawa_266_310_39_74.png,6
kanazawa_266_310_229_189.png,3
kanazawa_266_310_101_59.png,6
kanazawa_266_310_125_93.png,1
kanazawa_266_310_134_46.png,6
kanazawa_266_310_134_244.png,3
kanazawa_266_310_63_183.png,3
kanazawa_266_310_192_259.png,3
kanazawa_266_310_145_146.png,3
kanazawa_266_310_93_137.png,3
kanazawa_266_310_205_37.png,3
kanazawa_266_310_219_254.png,3
kanazawa_266_310_154_230.png,3
kanazawa_266_310_94_61.png,6
kanazawa_266_310_74_117.png,6
kanazawa_266_310_81_113.png,6
kanazawa_266_310_227_145.png,3
kanazawa_266_310_201_213.png,3
kanazawa_266_310_25_67.png,6
kanazawa_266_310_67_73.png,6
kanazawa_266_310_102_275.png,1
kanazawa_266_310_116_32.png,6
kanazawa_266_310_218_152.png,3
kanazawa_266_310_70_284.png,6
kanazawa_266_310_100_220.png,5
kanazawa_266_310_109_191.png,5
kanazawa_266_310_140_25.png,6
kanazawa_266_310_153_93.png,1
kanazawa_266_310_90_263.png,5
kanazawa_266_310_175_30.png,6
kanazawa_266_310_236_133.png,3
kanazawa_266_310_148_228.png,3
kanazawa_266_310_88_143.png,3
kanazawa_266_310_44_53.png,6
kanazawa_266_310_208_27.png,1
kanazawa_266_310_122_193.png,1
kanazawa_266_310_247_203.png,3
kanazawa_266_310_46_247.png,6
kanazawa_266_310_61_53.png,6
kanazawa_266_310_55_249.png,6
kanazawa_266_310_102_67.png,6
kanazawa_266_310_234_175.png,3
kanazawa_266_310_179_20.png,6
kanazawa_266_310_64_225.png,6
kanazawa_266_310_193_48.png,5
kanazawa_266_310_143_71.png,3
kanazawa_266_310_84_49.png,6
kanazawa_266_310_28_203.png,3
kanazawa_266_310_48_54.png,6
kanazawa_266_310_196_170.png,3
kanazawa_266_310_196_158.png,3
kanazawa_266_310_52_255.png,6
kanazawa_266_310_149_153.png,3
kanazawa_266_310_79_233.png,1
kanazawa_266_310_171_235.png,3
kanazawa_266_310_168_267.png,3
kanazawa_266_310_37_132.png,3
kanazawa_266_310_91_138.png,3
kanazawa_266_310_158_150.png,3
kanazawa_266_310_65_112.png,6
kanazawa_266_310_109_171.png,1
kanazawa_266_310_27_124.png,6
kanazawa_266_310_190_262.png,3
kanazawa_266_310_94_217.png,1
kanazawa_266_310_183_59.png,5
kanazawa_266_310_112_107.png,5
kanazawa_266_310_102_50.png,6
kanazawa_266_310_78_249.png,6
kanazawa_266_310_169_184.png,3
kanazawa_266_310_129_215.png,3
kanazawa_266_310_193_134.png,3
kanazawa_266_310_112_149.png,3
kanazawa_266_310_92_63.png,6
kanazawa_266_310_214_107.png,3
kanazawa_266_310_141_91.png,1
kanazawa_266_310_206_223.png,3
kanazawa_266_310_130_201.png,5
kanazawa_266_310_11_92.png,6
kanazawa_266_310_136_189.png,5
kanazawa_266_310_81_254.png,3
kanazawa_266_310_124_68.png,6
kanazawa_266_310_150_199.png,3
kanazawa_266_310_41_92.png,6
kanazawa_266_310_18_62.png,6
kanazawa_266_310_169_62.png,1
kanazawa_266_310_44_125.png,6
kanazawa_266_310_155_250.png,3
kanazawa_266_310_197_226.png,3
kanazawa_266_310_189_185.png,3
kanazawa_266_310_261_236.png,3
kanazawa_266_310_124_82.png,3
kanazawa_266_310_45_250.png,6
kanazawa_266_310_243_179.png,3
kanazawa_266_310_174_257.png,3
kanazawa_266_310_108_177.png,5
kanazawa_266_310_79_297.png,6
kanazawa_266_310_208_208.png,3
kanazawa_266_310_227_168.png,3
kanazawa_266_310_99_208.png,5
kanazawa_266_310_160_51.png,6
kanazawa_266_310_204_165.png,3
kanazawa_266_310_226_93.png,3
kanazawa_266_310_189_165.png,3
kanazawa_266_310_98_70.png,6
kanazawa_266_310_131_124.png,3
kanazawa_266_310_189_108.png,3
kanazawa_266_310_88_208.png,1
kanazawa_266_310_58_232.png,6
kanazawa_266_310_131_180.png,5
kanazawa_266_310_183_259.png,3
kanazawa_266_310_212_40.png,3
kanazawa_266_310_151_234.png,3
kanazawa_266_310_72_299.png,6
kanazawa_266_310_160_146.png,3
kanazawa_266_310_178_203.png,3
kanazawa_266_310_120_218.png,5
kanazawa_266_310_163_139.png,3
kanazawa_266_310_39_82.png,6
kanazawa_266_310_203_176.png,3
kanazawa_266_310_191_123.png,3
kanazawa_266_310_34_78.png,6
kanazawa_266_310_119_154.png,3
kanazawa_266_310_96_282.png,1
kanazawa_266_310_52_258.png,6
kanazawa_266_310_41_246.png,6
kanazawa_266_310_22_93.png,6
kanazawa_266_310_99_40.png,6
kanazawa_266_310_116_104.png,3
kanazawa_266_310_79_285.png,6
kanazawa_266_310_150_87.png,1
kanazawa_266_310_229_154.png,3
kanazawa_266_310_86_107.png,6
kanazawa_266_310_51_180.png,3
kanazawa_266_310_153_256.png,3
kanazawa_266_310_71_56.png,6
kanazawa_266_310_89_148.png,3
kanazawa_266_310_23_85.png,6
kanazawa_266_310_34_122.png,6
kanazawa_266_310_212_168.png,3
kanazawa_266_310_113_274.png,1
kanazawa_266_310_125_73.png,3
kanazawa_266_310_69_67.png,6
kanazawa_266_310_14_89.png,6
kanazawa_266_310_221_94.png,3
kanazawa_266_310_205_158.png,3
kanazawa_266_310_92_212.png,1
kanazawa_266_310_210_147.png,3
kanazawa_266_310_53_205.png,1
kanazawa_266_310_220_70.png,3
kanazawa_266_310_233_206.png,3
kanazawa_266_310_89_231.png,5
kanazawa_266_310_49_112.png,6
kanazawa_266_310_207_176.png,3
kanazawa_266_310_58_112.png,6
kanazawa_266_310_166_33.png,6
kanazawa_266_310_47_206.png,6
kanazawa_266_310_147_58.png,6
kanazawa_266_310_199_42.png,5
kanazawa_266_310_121_65.png,6
kanazawa_266_310_19_133.png,6
kanazawa_266_310_134_250.png,5
kanazawa_266_310_178_256.png,3
kanazawa_266_310_183_144.png,3
kanazawa_266_310_78_258.png,6
kanazawa_266_310_159_142.png,3
kanazawa_266_310_80_126.png,3
kanazawa_266_310_61_260.png,6
kanazawa_266_310_144_35.png,6
kanazawa_266_310_175_180.png,3
kanazawa_266_310_219_18.png,1
kanazawa_266_310_78_172.png,3
kanazawa_266_310_87_246.png,1
kanazawa_266_310_200_98.png,3
kanazawa_266_310_184_52.png,1
kanazawa_266_310_43_284.png,6
kanazawa_266_310_165_94.png,3
kanazawa_266_310_179_25.png,6
kanazawa_266_310_184_226.png,3
kanazawa_266_310_193_87.png,3
kanazawa_266_310_44_122.png,6
kanazawa_266_310_41_106.png,6
kanazawa_266_310_250_199.png,3
kanazawa_266_310_14_71.png,6
kanazawa_266_310_87_207.png,1
kanazawa_266_310_225_180.png,3
kanazawa_266_310_197_161.png,3
kanazawa_266_310_232_91.png,3
kanazawa_266_310_110_279.png,1
kanazawa_266_310_66_247.png,6
kanazawa_266_310_121_93.png,1
kanazawa_266_310_147_203.png,3
kanazawa_266_310_92_108.png,3
kanazawa_266_310_62_272.png,6
kanazawa_266_310_40_219.png,6
kanazawa_266_310_213_209.png,3
kanazawa_266_310_127_100.png,5
kanazawa_266_310_66_216.png,5
kanazawa_266_310_27_120.png,6
kanazawa_266_310_209_88.png,3
kanazawa_266_310_75_256.png,6
kanazawa_266_310_16_74.png,6
kanazawa_266_310_53_168.png,3
kanazawa_266_310_195_121.png,3
kanazawa_266_310_198_103.png,3
kanazawa_266_310_122_150.png,3
kanazawa_266_310_108_243.png,5
kanazawa_266_310_198_160.png,3
kanazawa_266_310_242_233.png,3
kanazawa_266_310_20_163.png,3
kanazawa_266_310_258_219.png,3
kanazawa_266_310_190_135.png,3
kanazawa_266_310_101_118.png,5
kanazawa_266_310_194_139.png,3
kanazawa_266_310_133_90.png,1
kanazawa_266_310_83_96.png,6
kanazawa_266_310_75_103.png,6
kanazawa_266_310_139_64.png,6
kanazawa_266_310_214_170.png,3
kanazawa_266_310_44_115.png,6
kanazawa_266_310_17_63.png,6
kanazawa_266_310_152_113.png,1
kanazawa_266_310_47_182.png,3
kanazawa_266_310_150_116.png,3
kanazawa_266_310_115_159.png,3
kanazawa_266_310_208_14.png,5
kanazawa_266_310_65_244.png,6
kanazawa_266_310_102_289.png,1
kanazawa_266_310_133_156.png,3
kanazawa_266_310_242_221.png,3
kanazawa_266_310_172_56.png,5
kanazawa_266_310_107_202.png,1
kanazawa_266_310_89_87.png,6
kanazawa_266_310_59_300.png,6
kanazawa_266_310_90_241.png,5
kanazawa_266_310_200_179.png,3
kanazawa_266_310_179_215.png,3
kanazawa_266_310_164_142.png,3
kanazawa_266_310_87_241.png,5
kanazawa_266_310_57_245.png,6
kanazawa_266_310_181_33.png,6
kanazawa_266_310_19_130.png,6
kanazawa_266_310_89_89.png,6
kanazawa_266_310_197_219.png,3
kanazawa_266_310_52_288.png,6
kanazawa_266_310_134_205.png,5
kanazawa_266_310_211_185.png,3
kanazawa_266_310_205_121.png,3
kanazawa_266_310_234_171.png,3
kanazawa_266_310_64_267.png,6
kanazawa_266_310_129_201.png,5
kanazawa_266_310_90_93.png,6
kanazawa_266_310_132_145.png,3
kanazawa_266_310_171_23.png,6
kanazawa_266_310_196_131.png,3
kanazawa_266_310_203_132.png,3
kanazawa_266_310_87_95.png,6
kanazawa_266_310_108_56.png,6
kanazawa_266_310_80_270.png,6
kanazawa_266_310_107_146.png,3
kanazawa_266_310_189_149.png,3
kanazawa_266_310_227_57.png,3
kanazawa_266_310_140_171.png,5
kanazawa_266_310_247_185.png,3
kanazawa_266_310_20_105.png,6
kanazawa_266_310_238_227.png,3
kanazawa_266_310_162_102.png,3
kanazawa_266_310_80_92.png,6
kanazawa_266_310_88_50.png,6
kanazawa_266_310_119_70.png,6
kanazawa_266_310_117_58.png,6
kanazawa_266_310_98_220.png,5
kanazawa_266_310_56_99.png,6
kanazawa_266_310_217_8.png,3
kanazawa_266_310_40_248.png,6
kanazawa_266_310_229_209.png,3
kanazawa_266_310_144_135.png,3
kanazawa_266_310_198_109.png,3
kanazawa_266_310_177_141.png,3
kanazawa_266_310_65_201.png,5
kanazawa_266_310_68_268.png,6
kanazawa_266_310_228_176.png,3
kanazawa_266_310_193_127.png,3
kanazawa_266_310_78_173.png,5
kanazawa_266_310_247_198.png,3
kanazawa_266_310_244_162.png,3
kanazawa_266_310_234_209.png,3
kanazawa_266_310_109_59.png,6
kanazawa_266_310_227_153.png,3
kanazawa_266_310_204_143.png,3
kanazawa_266_310_179_150.png,3
kanazawa_266_310_227_238.png,3
kanazawa_266_310_115_109.png,5
kanazawa_266_310_52_262.png,6
kanazawa_266_310_109_73.png,6
kanazawa_266_310_67_199.png,5
kanazawa_266_310_68_50.png,6
kanazawa_266_310_171_100.png,3
kanazawa_266_310_173_247.png,3
kanazawa_266_310_74_87.png,6
kanazawa_266_310_37_93.png,6
kanazawa_266_310_70_265.png,6
kanazawa_266_310_240_170.png,3
kanazawa_266_310_58_290.png,6
kanazawa_266_310_12_103.png,6
kanazawa_266_310_99_38.png,6
kanazawa_266_310_99_272.png,1
kanazawa_266_310_145_64.png,1
kanazawa_266_310_99_234.png,5
kanazawa_266_310_236_225.png,3
kanazawa_266_310_77_270.png,6
kanazawa_266_310_51_240.png,6
kanazawa_266_310_103_102.png,3
kanazawa_266_310_129_240.png,3
kanazawa_266_310_229_76.png,3
kanazawa_266_310_48_116.png,6
kanazawa_266_310_9_80.png,6
kanazawa_266_310_47_203.png,5
kanazawa_266_310_97_122.png,5
kanazawa_266_310_158_102.png,4
kanazawa_266_310_117_60.png,6
kanazawa_266_310_178_146.png,3
kanazawa_266_310_100_88.png,6
kanazawa_266_310_32_113.png,6
kanazawa_266_310_51_112.png,6
kanazawa_266_310_151_51.png,6
kanazawa_266_310_99_77.png,6
kanazawa_266_310_169_33.png,6
kanazawa_266_310_72_190.png,3
kanazawa_266_310_14_131.png,6
kanazawa_266_310_151_99.png,1
kanazawa_266_310_96_95.png,6
kanazawa_266_310_188_174.png,3
kanazawa_266_310_105_279.png,1
kanazawa_266_310_61_277.png,6
kanazawa_266_310_120_162.png,5
kanazawa_266_310_200_125.png,3
kanazawa_266_310_147_60.png,3
kanazawa_266_310_172_237.png,3
kanazawa_266_310_31_210.png,6
kanazawa_266_310_164_113.png,3
kanazawa_266_310_207_129.png,3
kanazawa_266_310_57_277.png,6
kanazawa_266_310_147_90.png,1
kanazawa_266_310_38_198.png,3
kanazawa_266_310_147_207.png,3
kanazawa_266_310_186_26.png,6
kanazawa_266_310_43_65.png,6
kanazawa_266_310_147_82.png,1
kanazawa_266_310_174_44.png,1
kanazawa_266_310_164_230.png,3
kanazawa_266_310_229_126.png,3
kanazawa_266_310_52_84.png,6
kanazawa_266_310_102_175.png,3
kanazawa_266_310_206_230.png,3
kanazawa_266_310_248_201.png,3
kanazawa_266_310_127_51.png,6
kanazawa_266_310_73_72.png,6
kanazawa_266_310_104_156.png,3
kanazawa_266_310_211_67.png,3
kanazawa_266_310_181_229.png,3
kanazawa_266_310_205_167.png,3
kanazawa_266_310_194_195.png,3
kanazawa_266_310_137_57.png,6
kanazawa_266_310_242_145.png,3
kanazawa_266_310_55_187.png,3
kanazawa_266_310_252_185.png,3
kanazawa_266_310_61_51.png,6
kanazawa_266_310_34_108.png,6
kanazawa_266_310_56_114.png,6
kanazawa_266_310_208_161.png,3
kanazawa_266_310_61_94.png,6
kanazawa_266_310_128_67.png,6
kanazawa_266_310_220_11.png,5
kanazawa_266_310_253_220.png,3
kanazawa_266_310_53_142.png,5
kanazawa_266_310_219_23.png,5
kanazawa_266_310_224_235.png,3
kanazawa_266_310_224_173.png,3
kanazawa_266_310_205_35.png,5
kanazawa_266_310_53_300.png,6
kanazawa_266_310_76_134.png,3
kanazawa_266_310_151_31.png,6
kanazawa_266_310_131_72.png,6
kanazawa_266_310_116_180.png,5
kanazawa_266_310_222_153.png,3
kanazawa_266_310_188_239.png,3
kanazawa_266_310_198_221.png,3
kanazawa_266_310_119_81.png,6
kanazawa_266_310_105_177.png,5
kanazawa_266_310_115_73.png,6
kanazawa_266_310_112_283.png,1
kanazawa_266_310_99_91.png,6
kanazawa_266_310_130_47.png,6
kanazawa_266_310_200_99.png,3
kanazawa_266_310_51_287.png,6
kanazawa_266_310_95_131.png,3
kanazawa_266_310_241_140.png,3
kanazawa_266_310_10_101.png,6
kanazawa_266_310_167_146.png,3
kanazawa_266_310_101_152.png,3
kanazawa_266_310_159_218.png,3
kanazawa_266_310_180_167.png,3
kanazawa_266_310_36_141.png,5
kanazawa_266_310_98_249.png,5
kanazawa_266_310_47_105.png,6
kanazawa_266_310_49_290.png,6
kanazawa_266_310_215_100.png,3
kanazawa_266_310_245_197.png,3
kanazawa_266_310_200_260.png,3
kanazawa_266_310_226_215.png,3
kanazawa_266_310_160_123.png,3
kanazawa_266_310_199_157.png,3
kanazawa_266_310_45_239.png,6
kanazawa_266_310_222_82.png,3
kanazawa_266_310_195_11.png,6
kanazawa_266_310_181_44.png,1
kanazawa_266_310_170_94.png,3
kanazawa_266_310_225_135.png,3
kanazawa_266_310_180_123.png,3
kanazawa_266_310_236_137.png,3
kanazawa_266_310_169_30.png,6
kanazawa_266_310_6_66.png,6
kanazawa_266_310_166_208.png,3
kanazawa_266_310_68_166.png,3
kanazawa_266_310_152_119.png,3
kanazawa_266_310_166_265.png,3
kanazawa_266_310_184_250.png,3
kanazawa_266_310_242_219.png,3
kanazawa_266_310_82_51.png,6
kanazawa_266_310_89_208.png,1
kanazawa_266_310_232_166.png,3
kanazawa_266_310_95_96.png,6
kanazawa_266_310_78_111.png,6
kanazawa_266_310_131_34.png,6
kanazawa_266_310_99_288.png,1
kanazawa_266_310_196_78.png,3
kanazawa_266_310_25_78.png,6
kanazawa_266_310_100_107.png,3
kanazawa_266_310_66_300.png,6
kanazawa_266_310_172_212.png,3
kanazawa_266_310_178_19.png,6
kanazawa_266_310_214_142.png,3
kanazawa_266_310_140_29.png,6
kanazawa_266_310_190_156.png,3
kanazawa_266_310_160_46.png,6
kanazawa_266_310_66_273.png,6
kanazawa_266_310_226_154.png,3
kanazawa_266_310_112_257.png,5
kanazawa_266_310_208_72.png,3
kanazawa_266_310_92_43.png,6
kanazawa_266_310_186_88.png,3
kanazawa_266_310_75_113.png,6
kanazawa_266_310_62_257.png,6
kanazawa_266_310_158_115.png,3
kanazawa_266_310_66_254.png,6
kanazawa_266_310_103_269.png,1
kanazawa_266_310_138_90.png,1
kanazawa_266_310_57_187.png,3
kanazawa_266_310_25_92.png,6
kanazawa_266_310_220_212.png,3
kanazawa_266_310_35_126.png,6
kanazawa_266_310_233_136.png,3
kanazawa_266_310_97_257.png,1
kanazawa_266_310_99_97.png,6
kanazawa_266_310_69_226.png,3
kanazawa_266_310_174_241.png,3
kanazawa_266_310_58_50.png,6
kanazawa_266_310_138_74.png,3
kanazawa_266_310_189_258.png,3
kanazawa_266_310_216_97.png,5
kanazawa_266_310_163_76.png,5
kanazawa_266_310_47_254.png,6
kanazawa_266_310_129_203.png,5
kanazawa_266_310_227_189.png,3
kanazawa_266_310_49_215.png,6
kanazawa_266_310_143_43.png,6
kanazawa_266_310_61_235.png,6
kanazawa_266_310_205_199.png,3
kanazawa_266_310_167_108.png,3
kanazawa_266_310_73_247.png,6
kanazawa_266_310_26_183.png,3
kanazawa_266_310_61_201.png,5
kanazawa_266_310_104_58.png,6
kanazawa_266_310_234_201.png,3
kanazawa_266_310_138_92.png,1
kanazawa_266_310_210_191.png,3
kanazawa_266_310_124_62.png,6
kanazawa_266_310_249_215.png,3
kanazawa_266_310_190_225.png,3
kanazawa_266_310_43_229.png,6
kanazawa_266_310_33_229.png,6
kanazawa_266_310_184_53.png,1
kanazawa_266_310_51_305.png,6
kanazawa_266_310_48_126.png,6
kanazawa_266_310_105_186.png,5
kanazawa_266_310_226_166.png,3
kanazawa_266_310_238_105.png,3
kanazawa_266_310_94_245.png,1
kanazawa_266_310_126_278.png,5
kanazawa_266_310_91_45.png,6
kanazawa_266_310_138_270.png,5
kanazawa_266_310_135_221.png,3
kanazawa_266_310_45_297.png,6
kanazawa_266_310_195_190.png,3
kanazawa_266_310_168_55.png,5
kanazawa_266_310_238_242.png,3
kanazawa_266_310_164_103.png,3
kanazawa_266_310_134_130.png,3
kanazawa_266_310_213_180.png,3
kanazawa_266_310_149_109.png,1
kanazawa_266_310_86_94.png,6
kanazawa_266_310_219_14.png,5
kanazawa_266_310_241_205.png,3
kanazawa_266_310_193_122.png,3
kanazawa_266_310_115_40.png,6
kanazawa_266_310_119_61.png,6
kanazawa_266_310_120_44.png,6
kanazawa_266_310_123_268.png,5
kanazawa_266_310_205_115.png,3
kanazawa_266_310_193_82.png,3
kanazawa_266_310_177_117.png,3
kanazawa_266_310_198_115.png,3
kanazawa_266_310_111_91.png,6
kanazawa_266_310_159_48.png,6
kanazawa_266_310_48_92.png,6
kanazawa_266_310_61_278.png,6
kanazawa_266_310_143_118.png,3
kanazawa_266_310_98_177.png,3
kanazawa_266_310_198_226.png,3
kanazawa_266_310_146_230.png,3
kanazawa_266_310_127_89.png,5
kanazawa_266_310_8_71.png,6
kanazawa_266_310_199_216.png,3
kanazawa_266_310_120_117.png,5
kanazawa_266_310_40_136.png,6
kanazawa_266_310_151_38.png,6
kanazawa_266_310_195_237.png,3
kanazawa_266_310_99_84.png,6
kanazawa_266_310_72_69.png,6
kanazawa_266_310_233_183.png,3
kanazawa_266_310_219_78.png,3
kanazawa_266_310_96_185.png,5
kanazawa_266_310_54_288.png,6
kanazawa_266_310_134_189.png,5
kanazawa_266_310_148_126.png,3
kanazawa_266_310_212_74.png,3
kanazawa_266_310_165_192.png,3
kanazawa_266_310_106_272.png,1
kanazawa_266_310_217_55.png,3
kanazawa_266_310_88_95.png,6
kanazawa_266_310_163_125.png,3
kanazawa_266_310_184_153.png,3
kanazawa_266_310_235_204.png,3
kanazawa_266_310_145_149.png,3
kanazawa_266_310_106_208.png,5
kanazawa_266_310_21_98.png,6
kanazawa_266_310_177_134.png,3
kanazawa_266_310_200_222.png,3
kanazawa_266_310_144_116.png,3
kanazawa_266_310_214_106.png,3
kanazawa_266_310_189_166.png,3
kanazawa_266_310_176_249.png,3
kanazawa_266_310_34_89.png,6
kanazawa_266_310_202_182.png,3
kanazawa_266_310_11_96.png,6
kanazawa_266_310_120_120.png,5
kanazawa_266_310_53_294.png,6
kanazawa_266_310_220_190.png,3
kanazawa_266_310_171_170.png,3
kanazawa_266_310_200_27.png,5
kanazawa_266_310_44_266.png,6
kanazawa_266_310_39_75.png,6
kanazawa_266_310_159_194.png,3
kanazawa_266_310_221_129.png,6
kanazawa_266_310_196_100.png,3
kanazawa_266_310_105_49.png,6
kanazawa_266_310_43_124.png,6
kanazawa_266_310_240_207.png,3
kanazawa_266_310_163_66.png,5
kanazawa_266_310_50_296.png,6
kanazawa_266_310_188_133.png,3
kanazawa_266_310_67_122.png,6
kanazawa_266_310_164_260.png,3
kanazawa_266_310_181_183.png,3
kanazawa_266_310_89_234.png,5
kanazawa_266_310_254_199.png,3
kanazawa_266_310_53_239.png,6
kanazawa_266_310_154_239.png,3
kanazawa_266_310_134_85.png,1
kanazawa_266_310_132_99.png,1
kanazawa_266_310_154_176.png,5
kanazawa_266_310_134_211.png,3
kanazawa_266_310_78_242.png,1
kanazawa_266_310_85_140.png,3
kanazawa_266_310_221_71.png,3
kanazawa_266_310_146_187.png,5
kanazawa_266_310_150_227.png,3
kanazawa_266_310_101_83.png,6
kanazawa_266_310_101_148.png,3
kanazawa_266_310_126_165.png,5
kanazawa_266_310_133_216.png,3
kanazawa_266_310_206_37.png,3
kanazawa_266_310_160_211.png,3
kanazawa_266_310_87_62.png,6
kanazawa_266_310_138_112.png,3
kanazawa_266_310_197_236.png,3
kanazawa_266_310_233_149.png,6
kanazawa_266_310_20_107.png,6
kanazawa_266_310_176_154.png,3
kanazawa_266_310_168_223.png,3
kanazawa_266_310_156_144.png,3
kanazawa_266_310_60_271.png,6
kanazawa_266_310_69_272.png,6
kanazawa_266_310_49_80.png,6
kanazawa_266_310_74_296.png,6
kanazawa_266_310_206_79.png,3
kanazawa_266_310_168_263.png,3
kanazawa_266_310_171_212.png,3
kanazawa_266_310_203_25.png,5
kanazawa_266_310_182_108.png,3
kanazawa_266_310_86_59.png,6
kanazawa_266_310_170_96.png,3
kanazawa_266_310_138_257.png,3
kanazawa_266_310_145_127.png,3
kanazawa_266_310_77_272.png,6
kanazawa_266_310_143_222.png,3
kanazawa_266_310_203_159.png,3
kanazawa_266_310_204_104.png,3
kanazawa_266_310_207_224.png,3
kanazawa_266_310_216_93.png,3
kanazawa_266_310_195_45.png,1
kanazawa_266_310_233_115.png,3
kanazawa_266_310_127_281.png,5
kanazawa_266_310_166_61.png,1
kanazawa_266_310_115_278.png,1
kanazawa_266_310_141_268.png,5
kanazawa_266_310_30_126.png,6
kanazawa_266_310_207_200.png,3
kanazawa_266_310_45_290.png,6
kanazawa_266_310_208_157.png,3
kanazawa_266_310_166_189.png,3
kanazawa_266_310_114_51.png,6
kanazawa_266_310_227_87.png,3
kanazawa_266_310_66_268.png,6
kanazawa_266_310_208_36.png,6
kanazawa_266_310_135_227.png,3
kanazawa_266_310_185_242.png,3
kanazawa_266_310_160_180.png,5
kanazawa_266_310_9_91.png,6
kanazawa_266_310_192_197.png,3
kanazawa_266_310_147_125.png,3
kanazawa_266_310_226_199.png,3
kanazawa_266_310_150_183.png,5
kanazawa_266_310_214_124.png,3
kanazawa_266_310_94_55.png,6
kanazawa_266_310_124_98.png,1
kanazawa_266_310_263_237.png,3
kanazawa_266_310_42_134.png,3
kanazawa_266_310_165_209.png,3
kanazawa_266_310_39_110.png,6
kanazawa_266_310_143_41.png,6
kanazawa_266_310_55_227.png,6
kanazawa_266_310_52_125.png,6
kanazawa_266_310_153_227.png,3
kanazawa_266_310_210_181.png,3
kanazawa_266_310_130_261.png,5
kanazawa_266_310_81_78.png,6
kanazawa_266_310_57_235.png,6
kanazawa_266_310_39_65.png,6
kanazawa_266_310_139_59.png,6
kanazawa_266_310_16_137.png,4
kanazawa_266_310_127_229.png,3
kanazawa_266_310_73_168.png,3
kanazawa_266_310_36_201.png,3
kanazawa_266_310_233_138.png,3
kanazawa_266_310_85_61.png,6
kanazawa_266_310_185_55.png,5
kanazawa_266_310_196_239.png,3
kanazawa_266_310_63_54.png,6
kanazawa_266_310_81_191.png,3
kanazawa_266_310_213_173.png,3
kanazawa_266_310_136_218.png,3
kanazawa_266_310_40_59.png,6
kanazawa_266_310_162_260.png,3
kanazawa_266_310_160_99.png,3
kanazawa_266_310_181_35.png,3
kanazawa_266_310_222_235.png,3
kanazawa_266_310_159_120.png,3
kanazawa_266_310_152_273.png,3
kanazawa_266_310_208_81.png,3
kanazawa_266_310_184_251.png,3
kanazawa_266_310_42_240.png,6
kanazawa_266_310_184_116.png,3
kanazawa_266_310_29_81.png,6
kanazawa_266_310_196_15.png,6
kanazawa_266_310_192_186.png,3
kanazawa_266_310_91_272.png,5
kanazawa_266_310_42_236.png,6
kanazawa_266_310_37_84.png,6
kanazawa_266_310_64_149.png,3
kanazawa_266_310_156_217.png,3
kanazawa_266_310_52_131.png,3
kanazawa_266_310_65_164.png,3
kanazawa_266_310_84_109.png,6
kanazawa_266_310_122_132.png,4
kanazawa_266_310_217_172.png,3
kanazawa_266_310_218_159.png,3
kanazawa_266_310_202_209.png,3
kanazawa_266_310_94_226.png,1
kanazawa_266_310_58_260.png,6
kanazawa_266_310_162_91.png,1
kanazawa_266_310_186_208.png,3
kanazawa_266_310_53_92.png,6
kanazawa_266_310_57_248.png,6
kanazawa_266_310_179_117.png,3
kanazawa_266_310_53_220.png,6
kanazawa_266_310_41_230.png,6
kanazawa_266_310_229_107.png,3
kanazawa_266_310_72_228.png,1
kanazawa_266_310_208_101.png,3
kanazawa_266_310_210_67.png,3
kanazawa_266_310_59_76.png,6
kanazawa_266_310_121_251.png,5
kanazawa_266_310_11_87.png,6
kanazawa_266_310_117_89.png,6
kanazawa_266_310_155_41.png,6
kanazawa_266_310_128_51.png,6
kanazawa_266_310_137_38.png,6
kanazawa_266_310_76_87.png,6
kanazawa_266_310_211_207.png,3
kanazawa_266_310_235_195.png,6
kanazawa_266_310_52_115.png,6
kanazawa_266_310_156_266.png,3
kanazawa_266_310_104_85.png,6
kanazawa_266_310_90_165.png,3
kanazawa_266_310_229_138.png,3
kanazawa_266_310_129_29.png,6
kanazawa_266_310_240_231.png,3
kanazawa_266_310_193_255.png,3
kanazawa_266_310_127_86.png,3
kanazawa_266_310_107_244.png,2
kanazawa_266_310_57_68.png,6
kanazawa_266_310_207_192.png,3
kanazawa_266_310_191_151.png,3
kanazawa_266_310_210_222.png,3
kanazawa_266_310_205_45.png,3
kanazawa_266_310_188_158.png,3
kanazawa_266_310_36_96.png,6
kanazawa_266_310_101_261.png,1
kanazawa_266_310_197_33.png,5
kanazawa_266_310_42_70.png,6
kanazawa_266_310_242_150.png,3
kanazawa_266_310_98_205.png,5
kanazawa_266_310_109_205.png,5
kanazawa_266_310_208_199.png,3
kanazawa_266_310_41_123.png,6
kanazawa_266_310_10_67.png,6
kanazawa_266_310_21_76.png,6
kanazawa_266_310_76_213.png,3
kanazawa_266_310_43_135.png,3
kanazawa_266_310_208_179.png,3
kanazawa_266_310_184_204.png,3
kanazawa_266_310_89_110.png,6
kanazawa_266_310_35_80.png,6
kanazawa_266_310_255_198.png,3
kanazawa_266_310_149_219.png,3
kanazawa_266_310_173_188.png,3
kanazawa_266_310_216_73.png,3
kanazawa_266_310_219_71.png,3
kanazawa_266_310_237_195.png,3
kanazawa_266_310_189_167.png,3
kanazawa_266_310_199_258.png,3
kanazawa_266_310_189_55.png,5
kanazawa_266_310_120_119.png,5
kanazawa_266_310_62_92.png,6
kanazawa_266_310_220_86.png,3
kanazawa_266_310_124_59.png,6
kanazawa_266_310_7_69.png,6
kanazawa_266_310_183_18.png,6
kanazawa_266_310_242_181.png,3
kanazawa_266_310_115_204.png,5
kanazawa_266_310_204_175.png,3
kanazawa_266_310_114_117.png,3
kanazawa_266_310_109_96.png,6
kanazawa_266_310_185_140.png,3
kanazawa_266_310_177_68.png,1
kanazawa_266_310_153_140.png,3
kanazawa_266_310_227_101.png,3
kanazawa_266_310_250_235.png,3
kanazawa_266_310_25_186.png,3
kanazawa_266_310_17_84.png,6
kanazawa_266_310_82_242.png,1
kanazawa_266_310_196_210.png,3
kanazawa_266_310_157_183.png,5
kanazawa_266_310_81_64.png,6
kanazawa_266_310_89_162.png,3
kanazawa_266_310_64_256.png,6
kanazawa_266_310_52_226.png,6
kanazawa_266_310_132_80.png,3
kanazawa_266_310_153_51.png,6
kanazawa_266_310_25_139.png,5
kanazawa_266_310_189_202.png,3
kanazawa_266_310_111_69.png,6
kanazawa_266_310_36_172.png,3
kanazawa_266_310_72_282.png,6
kanazawa_266_310_201_245.png,5
kanazawa_266_310_32_153.png,3
kanazawa_266_310_221_211.png,3
kanazawa_266_310_204_225.png,3
kanazawa_266_310_252_192.png,3
kanazawa_266_310_61_291.png,6
kanazawa_266_310_213_21.png,5
kanazawa_266_310_64_82.png,6
kanazawa_266_310_155_258.png,3
kanazawa_266_310_140_37.png,6
kanazawa_266_310_138_83.png,5
kanazawa_266_310_157_86.png,1
kanazawa_266_310_55_110.png,6
kanazawa_266_310_182_153.png,3
kanazawa_266_310_86_155.png,3
kanazawa_266_310_200_254.png,3
kanazawa_266_310_128_169.png,5
kanazawa_266_310_113_119.png,5
kanazawa_266_310_57_206.png,1
kanazawa_266_310_191_14.png,6
kanazawa_266_310_175_161.png,3
kanazawa_266_310_246_208.png,3
kanazawa_266_310_186_119.png,3
kanazawa_266_310_104_157.png,3
kanazawa_266_310_38_136.png,3
kanazawa_266_310_166_219.png,3
kanazawa_266_310_93_173.png,3
kanazawa_266_310_141_184.png,5
kanazawa_266_310_196_146.png,3
kanazawa_266_310_64_54.png,6
kanazawa_266_310_124_191.png,5
kanazawa_266_310_59_257.png,6
kanazawa_266_310_52_116.png,6
kanazawa_266_310_199_135.png,3
kanazawa_266_310_28_61.png,6
kanazawa_266_310_202_179.png,3
kanazawa_266_310_116_47.png,6
kanazawa_266_310_105_275.png,1
kanazawa_266_310_132_165.png,3
kanazawa_266_310_105_285.png,1
kanazawa_266_310_61_90.png,6
kanazawa_266_310_26_131.png,3
kanazawa_266_310_26_170.png,5
kanazawa_266_310_42_278.png,6
kanazawa_266_310_167_226.png,3
kanazawa_266_310_64_265.png,6
kanazawa_266_310_23_119.png,6
kanazawa_266_310_87_210.png,1
kanazawa_266_310_237_189.png,3
kanazawa_266_310_191_189.png,3
kanazawa_266_310_198_126.png,3
kanazawa_266_310_187_218.png,3
kanazawa_266_310_88_217.png,1
kanazawa_266_310_191_233.png,3
kanazawa_266_310_43_64.png,6
kanazawa_266_310_101_61.png,6
kanazawa_266_310_103_245.png,1
kanazawa_266_310_57_237.png,6
kanazawa_266_310_128_35.png,6
kanazawa_266_310_207_100.png,3
kanazawa_266_310_79_98.png,6
kanazawa_266_310_53_213.png,6
kanazawa_266_310_57_234.png,6
kanazawa_266_310_139_51.png,6
kanazawa_266_310_204_228.png,3
kanazawa_266_310_96_60.png,6
kanazawa_266_310_98_88.png,6
kanazawa_266_310_205_242.png,3
kanazawa_266_310_93_260.png,5
kanazawa_266_310_227_174.png,3
kanazawa_266_310_60_54.png,6
kanazawa_266_310_197_115.png,3
kanazawa_266_310_103_166.png,3
kanazawa_266_310_190_26.png,6
kanazawa_266_310_114_255.png,5
kanazawa_266_310_173_31.png,6
kanazawa_266_310_76_89.png,6
kanazawa_266_310_158_56.png,3
kanazawa_266_310_126_141.png,3
kanazawa_266_310_89_45.png,6
kanazawa_266_310_153_253.png,3
kanazawa_266_310_117_195.png,5
kanazawa_266_310_184_127.png,3
kanazawa_266_310_94_76.png,6
kanazawa_266_310_124_70.png,6
kanazawa_266_310_232_168.png,3
kanazawa_266_310_87_154.png,3
kanazawa_266_310_101_115.png,5
kanazawa_266_310_146_218.png,3
kanazawa_266_310_179_46.png,5
kanazawa_266_310_106_47.png,6
kanazawa_266_310_115_236.png,3
kanazawa_266_310_184_51.png,1
kanazawa_266_310_22_87.png,6
kanazawa_266_310_187_217.png,3
kanazawa_266_310_87_67.png,6
kanazawa_266_310_16_103.png,6
kanazawa_266_310_167_195.png,3
kanazawa_266_310_135_54.png,6
kanazawa_266_310_114_41.png,6
kanazawa_266_310_238_236.png,3
kanazawa_266_310_99_85.png,6
kanazawa_266_310_151_226.png,3
kanazawa_266_310_56_199.png,3
kanazawa_266_310_68_62.png,6
kanazawa_266_310_196_97.png,3
kanazawa_266_310_113_202.png,5
kanazawa_266_310_234_141.png,3
kanazawa_266_310_122_139.png,3
kanazawa_266_310_170_155.png,3
kanazawa_266_310_241_125.png,3
kanazawa_266_310_56_146.png,3
kanazawa_266_310_239_114.png,3
kanazawa_266_310_185_175.png,3
kanazawa_266_310_201_141.png,3
kanazawa_266_310_119_88.png,6
kanazawa_266_310_47_142.png,5
kanazawa_266_310_178_20.png,6
kanazawa_266_310_130_147.png,3
kanazawa_266_310_105_257.png,3
kanazawa_266_310_222_75.png,3
kanazawa_266_310_213_208.png,3
kanazawa_266_310_103_157.png,3
kanazawa_266_310_225_164.png,3
kanazawa_266_310_80_201.png,5
kanazawa_266_310_234_229.png,3
kanazawa_266_310_65_113.png,6
kanazawa_266_310_208_97.png,3
kanazawa_266_310_217_170.png,3
kanazawa_266_310_40_128.png,6
kanazawa_266_310_237_142.png,3
kanazawa_266_310_40_242.png,6
kanazawa_266_310_66_295.png,6
kanazawa_266_310_243_164.png,3
kanazawa_266_310_132_96.png,1
kanazawa_266_310_59_292.png,6
kanazawa_266_310_242_202.png,3
kanazawa_266_310_135_180.png,5
kanazawa_266_310_204_256.png,3
kanazawa_266_310_153_219.png,3
kanazawa_266_310_67_97.png,6
kanazawa_266_310_72_219.png,3
kanazawa_266_310_166_209.png,3
kanazawa_266_310_161_135.png,3
kanazawa_266_310_206_166.png,3
kanazawa_266_310_228_187.png,3
kanazawa_266_310_208_76.png,3
kanazawa_266_310_50_130.png,3
kanazawa_266_310_51_153.png,3
kanazawa_266_310_164_71.png,5
kanazawa_266_310_140_74.png,3
kanazawa_266_310_92_206.png,5
kanazawa_266_310_40_87.png,6
kanazawa_266_310_11_112.png,6
kanazawa_266_310_67_105.png,6
kanazawa_266_310_171_181.png,3
kanazawa_266_310_175_148.png,3
kanazawa_266_310_236_147.png,3
kanazawa_266_310_51_235.png,6
kanazawa_266_310_106_135.png,3
kanazawa_266_310_40_270.png,6
kanazawa_266_310_59_95.png,6
kanazawa_266_310_248_243.png,3
kanazawa_266_310_101_58.png,6
kanazawa_266_310_28_200.png,3
kanazawa_266_310_165_142.png,3
kanazawa_266_310_201_107.png,3
kanazawa_266_310_120_49.png,6
kanazawa_266_310_76_79.png,6
kanazawa_266_310_152_51.png,6
kanazawa_266_310_45_276.png,6
kanazawa_266_310_231_182.png,3
kanazawa_266_310_177_112.png,3
kanazawa_266_310_115_121.png,5
kanazawa_266_310_91_255.png,5
kanazawa_266_310_164_84.png,5
kanazawa_266_310_187_182.png,3
kanazawa_266_310_83_290.png,3
kanazawa_266_310_121_68.png,6
kanazawa_266_310_228_149.png,3
kanazawa_266_310_114_80.png,6
kanazawa_266_310_98_39.png,6
kanazawa_266_310_120_41.png,6
kanazawa_266_310_30_57.png,6
kanazawa_266_310_227_187.png,3
kanazawa_266_310_79_136.png,3
kanazawa_266_310_220_78.png,3
kanazawa_266_310_29_176.png,3
kanazawa_266_310_210_247.png,3
kanazawa_266_310_213_192.png,3
kanazawa_266_310_207_114.png,3
kanazawa_266_310_128_38.png,6
kanazawa_266_310_124_187.png,5
kanazawa_266_310_71_120.png,3
kanazawa_266_310_83_106.png,6
kanazawa_266_310_150_102.png,1
kanazawa_266_310_113_34.png,6
kanazawa_266_310_51_123.png,6
kanazawa_266_310_64_86.png,6
kanazawa_266_310_49_86.png,6
kanazawa_266_310_155_76.png,1
kanazawa_266_310_86_80.png,6
kanazawa_266_310_81_219.png,1
kanazawa_266_310_94_256.png,1
kanazawa_266_310_83_65.png,6
kanazawa_266_310_230_111.png,3
kanazawa_266_310_167_58.png,5
kanazawa_266_310_196_24.png,2
kanazawa_266_310_198_166.png,3
kanazawa_266_310_219_53.png,3
kanazawa_266_310_121_58.png,6
kanazawa_266_310_232_134.png,3
kanazawa_266_310_25_96.png,6
kanazawa_266_310_33_105.png,6
kanazawa_266_310_135_260.png,5
kanazawa_266_310_172_36.png,6
kanazawa_266_310_104_249.png,5
kanazawa_266_310_185_174.png,3
kanazawa_266_310_178_116.png,3
kanazawa_266_310_36_136.png,3
kanazawa_266_310_151_22.png,6
kanazawa_266_310_194_249.png,3
kanazawa_266_310_246_186.png,3
kanazawa_266_310_51_289.png,6
kanazawa_266_310_214_227.png,3
kanazawa_266_310_27_127.png,6
kanazawa_266_310_72_202.png,3
kanazawa_266_310_91_76.png,6
kanazawa_266_310_101_73.png,6
kanazawa_266_310_94_238.png,5
kanazawa_266_310_76_252.png,6
kanazawa_266_310_243_205.png,3
kanazawa_266_310_50_294.png,6
kanazawa_266_310_70_290.png,6
kanazawa_266_310_42_146.png,1
kanazawa_266_310_189_238.png,3
kanazawa_266_310_203_204.png,3
kanazawa_266_310_179_40.png,1
kanazawa_266_310_123_224.png,3
kanazawa_266_310_207_14.png,1
kanazawa_266_310_51_271.png,6
kanazawa_266_310_31_130.png,6
kanazawa_266_310_111_41.png,6
kanazawa_266_310_138_135.png,3
kanazawa_266_310_94_235.png,1
kanazawa_266_310_52_247.png,6
kanazawa_266_310_166_184.png,3
kanazawa_266_310_111_183.png,5
kanazawa_266_310_222_129.png,3
kanazawa_266_310_169_145.png,3
kanazawa_266_310_153_198.png,3
kanazawa_266_310_171_18.png,6
kanazawa_266_310_67_272.png,6
kanazawa_266_310_56_262.png,6
kanazawa_266_310_191_244.png,6
kanazawa_266_310_224_91.png,3
kanazawa_266_310_134_155.png,3
kanazawa_266_310_31_95.png,6
kanazawa_266_310_190_177.png,3
kanazawa_266_310_187_102.png,3
kanazawa_266_310_107_196.png,5
kanazawa_266_310_202_102.png,3
kanazawa_266_310_222_115.png,3
kanazawa_266_310_143_26.png,6
kanazawa_266_310_81_180.png,5
kanazawa_266_310_64_107.png,6
kanazawa_266_310_123_161.png,5
kanazawa_266_310_150_26.png,6
kanazawa_266_310_179_184.png,3
kanazawa_266_310_52_66.png,6
kanazawa_266_310_224_190.png,3
kanazawa_266_310_46_143.png,5
kanazawa_266_310_157_182.png,5
kanazawa_266_310_121_77.png,6
kanazawa_266_310_211_176.png,3
kanazawa_266_310_66_233.png,6
kanazawa_266_310_148_49.png,6
kanazawa_266_310_138_113.png,3
kanazawa_266_310_40_234.png,6
kanazawa_266_310_138_198.png,5
kanazawa_266_310_59_290.png,6
kanazawa_266_310_47_259.png,6
kanazawa_266_310_163_205.png,3
kanazawa_266_310_50_250.png,6
kanazawa_266_310_150_92.png,1
kanazawa_266_310_248_220.png,3
kanazawa_266_310_65_85.png,6
kanazawa_266_310_68_251.png,6
kanazawa_266_310_74_293.png,6
kanazawa_266_310_164_265.png,3
kanazawa_266_310_148_55.png,6
kanazawa_266_310_97_205.png,5
kanazawa_266_310_105_198.png,5
kanazawa_266_310_198_168.png,3
kanazawa_266_310_240_127.png,3
kanazawa_266_310_44_117.png,6
kanazawa_266_310_235_134.png,3
kanazawa_266_310_202_148.png,3
kanazawa_266_310_140_72.png,3
kanazawa_266_310_71_114.png,6
kanazawa_266_310_8_69.png,6
kanazawa_266_310_157_63.png,5
kanazawa_266_310_65_261.png,6
kanazawa_266_310_186_31.png,3
kanazawa_266_310_128_39.png,6
kanazawa_266_310_71_277.png,6
kanazawa_266_310_32_203.png,3
kanazawa_266_310_156_155.png,3
kanazawa_266_310_181_250.png,3
kanazawa_266_310_101_186.png,1
kanazawa_266_310_117_109.png,3
kanazawa_266_310_178_117.png,3
kanazawa_266_310_142_180.png,5
kanazawa_266_310_42_71.png,6
kanazawa_266_310_53_70.png,6
kanazawa_266_310_99_203.png,5
kanazawa_266_310_37_177.png,3
kanazawa_266_310_212_120.png,3
kanazawa_266_310_81_83.png,6
kanazawa_266_310_153_97.png,1
kanazawa_266_310_221_245.png,3
kanazawa_266_310_133_262.png,5
kanazawa_266_310_160_26.png,6
kanazawa_266_310_70_259.png,6
kanazawa_266_310_215_162.png,3
kanazawa_266_310_52_260.png,6
kanazawa_266_310_91_136.png,3
kanazawa_266_310_56_271.png,6
kanazawa_266_310_218_53.png,3
kanazawa_266_310_78_169.png,3
kanazawa_266_310_203_96.png,3
kanazawa_266_310_179_230.png,3
kanazawa_266_310_209_219.png,3
kanazawa_266_310_87_209.png,1
kanazawa_266_310_180_120.png,3
kanazawa_266_310_160_143.png,3
kanazawa_266_310_159_91.png,1
kanazawa_266_310_72_294.png,6
kanazawa_266_310_244_158.png,3
kanazawa_266_310_98_137.png,3
kanazawa_266_310_164_170.png,5
kanazawa_266_310_105_67.png,6
kanazawa_266_310_67_271.png,6
kanazawa_266_310_17_95.png,6
kanazawa_266_310_168_220.png,3
kanazawa_266_310_149_26.png,6
kanazawa_266_310_73_282.png,6
kanazawa_266_310_244_205.png,3
kanazawa_266_310_95_50.png,6
kanazawa_266_310_92_178.png,3
kanazawa_266_310_131_161.png,3
kanazawa_266_310_207_98.png,3
kanazawa_266_310_175_186.png,3
kanazawa_266_310_96_165.png,3
kanazawa_266_310_160_29.png,6
kanazawa_266_310_209_104.png,3
kanazawa_266_310_189_226.png,3
kanazawa_266_310_177_243.png,3
kanazawa_266_310_163_247.png,3
kanazawa_266_310_121_69.png,6
kanazawa_266_310_156_158.png,5
kanazawa_266_310_199_127.png,3
kanazawa_266_310_159_34.png,6
kanazawa_266_310_78_215.png,3
kanazawa_266_310_162_140.png,3
kanazawa_266_310_121_97.png,1
kanazawa_266_310_57_113.png,6
kanazawa_266_310_109_54.png,6
kanazawa_266_310_208_164.png,3
kanazawa_266_310_168_218.png,3
kanazawa_266_310_43_151.png,5
kanazawa_266_310_188_90.png,3
kanazawa_266_310_232_160.png,3
kanazawa_266_310_45_184.png,3
kanazawa_266_310_119_93.png,3
kanazawa_266_310_221_250.png,3
kanazawa_266_310_262_235.png,3
kanazawa_266_310_25_180.png,3
kanazawa_266_310_137_221.png,3
kanazawa_266_310_116_218.png,5
kanazawa_266_310_158_54.png,3
kanazawa_266_310_29_126.png,6
kanazawa_266_310_221_69.png,3
kanazawa_266_310_43_132.png,3
kanazawa_266_310_136_187.png,5
kanazawa_266_310_70_237.png,6
kanazawa_266_310_202_152.png,3
kanazawa_266_310_208_180.png,3
kanazawa_266_310_190_25.png,6
kanazawa_266_310_87_140.png,3
kanazawa_266_310_190_137.png,3
kanazawa_266_310_54_168.png,3
kanazawa_266_310_38_257.png,6
kanazawa_266_310_65_220.png,3
kanazawa_266_310_228_167.png,3
kanazawa_266_310_145_200.png,1
kanazawa_266_310_27_122.png,6
kanazawa_266_310_191_254.png,3
kanazawa_266_310_218_106.png,3
kanazawa_266_310_87_93.png,6
kanazawa_266_310_201_260.png,3
kanazawa_266_310_63_208.png,5
kanazawa_266_310_24_84.png,6
kanazawa_266_310_88_124.png,5
kanazawa_266_310_214_153.png,3
kanazawa_266_310_188_252.png,6
kanazawa_266_310_44_230.png,6
kanazawa_266_310_17_73.png,6
kanazawa_266_310_93_89.png,6
kanazawa_266_310_147_257.png,3
kanazawa_266_310_164_106.png,3
kanazawa_266_310_112_281.png,1
kanazawa_266_310_63_227.png,6
kanazawa_266_310_236_123.png,3
kanazawa_266_310_167_219.png,3
kanazawa_266_310_164_270.png,3
kanazawa_266_310_92_259.png,5
kanazawa_266_310_239_166.png,3
kanazawa_266_310_128_175.png,5
kanazawa_266_310_38_121.png,6
kanazawa_266_310_182_58.png,5
kanazawa_266_310_57_215.png,6
kanazawa_266_310_230_165.png,3
kanazawa_266_310_71_241.png,6
kanazawa_266_310_13_90.png,6
kanazawa_266_310_256_201.png,3
kanazawa_266_310_40_240.png,6
kanazawa_266_310_249_168.png,3
kanazawa_266_310_131_269.png,5
kanazawa_266_310_178_66.png,5
kanazawa_266_310_127_93.png,1
kanazawa_266_310_206_127.png,3
kanazawa_266_310_62_49.png,6
kanazawa_266_310_24_182.png,3
kanazawa_266_310_148_273.png,3
kanazawa_266_310_182_157.png,3
kanazawa_266_310_40_104.png,6
kanazawa_266_310_247_224.png,3
kanazawa_266_310_96_177.png,3
kanazawa_266_310_36_69.png,6
kanazawa_266_310_144_105.png,1
kanazawa_266_310_52_236.png,6
kanazawa_266_310_34_218.png,1
kanazawa_266_310_83_49.png,6
kanazawa_266_310_208_147.png,3
kanazawa_266_310_193_177.png,3
kanazawa_266_310_131_236.png,3
kanazawa_266_310_183_247.png,3
kanazawa_266_310_51_226.png,6
kanazawa_266_310_215_156.png,3
kanazawa_266_310_135_199.png,5
kanazawa_266_310_118_73.png,6
kanazawa_266_310_70_46.png,6
kanazawa_266_310_208_106.png,3
kanazawa_266_310_122_66.png,6
kanazawa_266_310_240_117.png,3
kanazawa_266_310_57_150.png,3
kanazawa_266_310_24_60.png,6
kanazawa_266_310_36_56.png,6
kanazawa_266_310_50_227.png,6
kanazawa_266_310_128_239.png,3
kanazawa_266_310_98_61.png,6
kanazawa_266_310_214_120.png,3
kanazawa_266_310_245_182.png,3
kanazawa_266_310_39_258.png,6
kanazawa_266_310_76_102.png,6
kanazawa_266_310_21_110.png,6
kanazawa_266_310_106_66.png,6
kanazawa_266_310_118_143.png,3
kanazawa_266_310_121_47.png,6
kanazawa_266_310_215_188.png,3
kanazawa_266_310_41_181.png,3
kanazawa_266_310_41_240.png,6
kanazawa_266_310_135_213.png,3
kanazawa_266_310_119_49.png,6
kanazawa_266_310_181_226.png,3
kanazawa_266_310_64_297.png,6
kanazawa_266_310_47_261.png,6
kanazawa_266_310_116_100.png,1
kanazawa_266_310_88_79.png,6
kanazawa_266_310_195_145.png,3
kanazawa_266_310_188_152.png,3
kanazawa_266_310_33_122.png,6
kanazawa_266_310_165_57.png,5
kanazawa_266_310_149_104.png,1
kanazawa_266_310_65_167.png,3
kanazawa_266_310_195_197.png,3
kanazawa_266_310_130_35.png,6
kanazawa_266_310_42_97.png,6
kanazawa_266_310_180_239.png,3
kanazawa_266_310_200_32.png,5
kanazawa_266_310_80_213.png,5
kanazawa_266_310_63_60.png,6
kanazawa_266_310_58_250.png,6
kanazawa_266_310_187_31.png,2
kanazawa_266_310_229_171.png,3
kanazawa_266_310_55_73.png,6
kanazawa_266_310_201_49.png,3
kanazawa_266_310_230_108.png,3
kanazawa_266_310_88_255.png,5
kanazawa_266_310_38_119.png,6
kanazawa_266_310_246_209.png,3
kanazawa_266_310_163_89.png,1
kanazawa_266_310_7_97.png,6
kanazawa_266_310_220_14.png,5
kanazawa_266_310_21_87.png,6
kanazawa_266_310_37_120.png,6
kanazawa_266_310_191_205.png,3
kanazawa_266_310_49_115.png,6
kanazawa_266_310_43_150.png,5
kanazawa_266_310_33_127.png,6
kanazawa_266_310_11_110.png,6
kanazawa_266_310_124_135.png,3
kanazawa_266_310_207_105.png,3
kanazawa_266_310_120_196.png,1
kanazawa_266_310_167_103.png,3
kanazawa_266_310_50_60.png,6
kanazawa_266_310_64_96.png,6
kanazawa_266_310_210_94.png,3
kanazawa_266_310_198_60.png,5
kanazawa_266_310_134_255.png,5
kanazawa_266_310_80_107.png,6
kanazawa_266_310_51_222.png,6
kanazawa_266_310_209_248.png,3
kanazawa_266_310_162_201.png,3
kanazawa_266_310_41_219.png,6
kanazawa_266_310_129_76.png,3
kanazawa_266_310_82_224.png,1
kanazawa_266_310_39_143.png,5
kanazawa_266_310_156_254.png,3
kanazawa_266_310_227_58.png,3
kanazawa_266_310_146_160.png,3
kanazawa_266_310_172_63.png,5
kanazawa_266_310_93_132.png,3
kanazawa_266_310_75_297.png,6
kanazawa_266_310_165_41.png,6
kanazawa_266_310_84_47.png,6
kanazawa_266_310_69_239.png,6
kanazawa_266_310_57_213.png,6
kanazawa_266_310_211_30.png,1
kanazawa_266_310_72_180.png,3
kanazawa_266_310_131_42.png,6
kanazawa_266_310_66_71.png,6
kanazawa_266_310_123_238.png,5
kanazawa_266_310_47_169.png,3
kanazawa_266_310_62_164.png,3
kanazawa_266_310_165_149.png,3
kanazawa_266_310_177_21.png,6
kanazawa_266_310_54_190.png,3
kanazawa_266_310_163_19.png,6
kanazawa_266_310_68_85.png,6
kanazawa_266_310_71_156.png,3
kanazawa_266_310_24_106.png,6
kanazawa_266_310_246_201.png,3
kanazawa_266_310_34_62.png,6
kanazawa_266_310_48_62.png,6
kanazawa_266_310_150_111.png,1
kanazawa_266_310_67_85.png,6
kanazawa_266_310_57_107.png,6
kanazawa_266_310_102_117.png,5
kanazawa_266_310_203_49.png,3
kanazawa_266_310_217_237.png,3
kanazawa_266_310_163_45.png,3
kanazawa_266_310_177_102.png,3
kanazawa_266_310_86_128.png,3
kanazawa_266_310_11_90.png,6
kanazawa_266_310_221_183.png,3
kanazawa_266_310_65_282.png,6
kanazawa_266_310_117_177.png,5
kanazawa_266_310_106_94.png,6
kanazawa_266_310_163_84.png,5
kanazawa_266_310_222_173.png,3
kanazawa_266_310_79_115.png,6
kanazawa_266_310_203_214.png,3
kanazawa_266_310_164_258.png,3
kanazawa_266_310_35_96.png,6
kanazawa_266_310_66_231.png,6
kanazawa_266_310_106_283.png,1
kanazawa_266_310_199_141.png,3
kanazawa_266_310_103_69.png,6
kanazawa_266_310_66_87.png,6
kanazawa_266_310_85_105.png,6
kanazawa_266_310_213_108.png,3
kanazawa_266_310_90_250.png,5
kanazawa_266_310_184_168.png,3
kanazawa_266_310_65_120.png,6
kanazawa_266_310_75_226.png,1
kanazawa_266_310_110_257.png,5
kanazawa_266_310_51_283.png,6
kanazawa_266_310_181_254.png,3
kanazawa_266_310_161_148.png,3
kanazawa_266_310_251_244.png,3
kanazawa_266_310_164_246.png,3
kanazawa_266_310_220_165.png,3
kanazawa_266_310_104_174.png,5
kanazawa_266_310_34_133.png,3
kanazawa_266_310_136_58.png,6
kanazawa_266_310_233_142.png,3
kanazawa_266_310_139_101.png,1
kanazawa_266_310_64_275.png,6
kanazawa_266_310_117_144.png,3
kanazawa_266_310_144_194.png,5
kanazawa_266_310_86_110.png,6
kanazawa_266_310_148_62.png,6
kanazawa_266_310_211_113.png,3
kanazawa_266_310_88_251.png,5
kanazawa_266_310_112_44.png,6
kanazawa_266_310_78_252.png,6
kanazawa_266_310_42_77.png,6
kanazawa_266_310_162_95.png,3
kanazawa_266_310_192_244.png,3
kanazawa_266_310_141_36.png,6
kanazawa_266_310_161_49.png,6
kanazawa_266_310_223_223.png,3
kanazawa_266_310_184_106.png,3
kanazawa_266_310_42_253.png,6
kanazawa_266_310_148_236.png,3
kanazawa_266_310_207_126.png,3
kanazawa_266_310_38_117.png,6
kanazawa_266_310_70_167.png,3
kanazawa_266_310_113_154.png,3
kanazawa_266_310_77_53.png,6
kanazawa_266_310_56_257.png,6
kanazawa_266_310_171_33.png,6
kanazawa_266_310_142_41.png,6
kanazawa_266_310_211_128.png,3
kanazawa_266_310_181_142.png,3
kanazawa_266_310_140_34.png,6
kanazawa_266_310_58_273.png,6
kanazawa_266_310_186_98.png,3
kanazawa_266_310_131_200.png,5
kanazawa_266_310_49_268.png,6
kanazawa_266_310_187_201.png,3
kanazawa_266_310_186_107.png,3
kanazawa_266_310_143_44.png,6
kanazawa_266_310_204_146.png,3
kanazawa_266_310_139_93.png,1
kanazawa_266_310_18_73.png,6
kanazawa_266_310_129_158.png,3
kanazawa_266_310_158_255.png,3
kanazawa_266_310_196_155.png,3
kanazawa_266_310_237_100.png,3
kanazawa_266_310_50_128.png,6
kanazawa_266_310_43_281.png,6
kanazawa_266_310_246_188.png,3
kanazawa_266_310_183_25.png,6
kanazawa_266_310_158_42.png,6
kanazawa_266_310_126_51.png,6
kanazawa_266_310_182_99.png,3
kanazawa_266_310_209_172.png,3
kanazawa_266_310_113_183.png,5
kanazawa_266_310_44_116.png,6
kanazawa_266_310_110_119.png,5
kanazawa_266_310_108_96.png,6
kanazawa_266_310_92_136.png,3
kanazawa_266_310_108_127.png,3
kanazawa_266_310_204_204.png,3
kanazawa_266_310_67_81.png,6
kanazawa_266_310_201_194.png,3
kanazawa_266_310_138_191.png,5
kanazawa_266_310_233_120.png,3
kanazawa_266_310_77_121.png,3
kanazawa_266_310_104_76.png,6
kanazawa_266_310_208_125.png,3
kanazawa_266_310_226_155.png,3
kanazawa_266_310_157_186.png,5
kanazawa_266_310_36_166.png,3
kanazawa_266_310_228_59.png,3
kanazawa_266_310_59_119.png,6
kanazawa_266_310_154_57.png,6
kanazawa_266_310_157_90.png,1
kanazawa_266_310_164_223.png,3
kanazawa_266_310_184_135.png,3
kanazawa_266_310_52_124.png,6
kanazawa_266_310_246_231.png,3
kanazawa_266_310_168_227.png,3
kanazawa_266_310_156_43.png,6
kanazawa_266_310_16_100.png,6
kanazawa_266_310_59_105.png,6
kanazawa_266_310_78_101.png,6
kanazawa_266_310_220_185.png,3
kanazawa_266_310_216_224.png,3
kanazawa_266_310_58_99.png,6
kanazawa_266_310_219_126.png,3
kanazawa_266_310_194_91.png,3
kanazawa_266_310_187_53.png,5
kanazawa_266_310_195_139.png,3
kanazawa_266_310_220_138.png,3
kanazawa_266_310_184_123.png,3
kanazawa_266_310_176_21.png,6
kanazawa_266_310_128_224.png,3
kanazawa_266_310_46_87.png,6
kanazawa_266_310_128_188.png,5
kanazawa_266_310_115_108.png,5
kanazawa_266_310_106_68.png,6
kanazawa_266_310_193_38.png,1
kanazawa_266_310_82_217.png,1
kanazawa_266_310_140_267.png,5
kanazawa_266_310_72_144.png,3
kanazawa_266_310_247_215.png,3
kanazawa_266_310_99_58.png,6
kanazawa_266_310_143_33.png,6
kanazawa_266_310_26_97.png,6
kanazawa_266_310_142_189.png,5
kanazawa_266_310_227_177.png,3
kanazawa_266_310_162_155.png,3
kanazawa_266_310_147_209.png,3
kanazawa_266_310_136_157.png,3
kanazawa_266_310_210_130.png,3
kanazawa_266_310_179_259.png,3
kanazawa_266_310_60_91.png,6
kanazawa_266_310_88_258.png,5
kanazawa_266_310_155_146.png,3
kanazawa_266_310_109_153.png,3
kanazawa_266_310_34_81.png,6
kanazawa_266_310_79_90.png,6
kanazawa_266_310_191_214.png,3
kanazawa_266_310_99_78.png,6
kanazawa_266_310_195_101.png,3
kanazawa_266_310_95_45.png,6
kanazawa_266_310_207_128.png,3
kanazawa_266_310_81_285.png,6
kanazawa_266_310_208_144.png,3
kanazawa_266_310_122_233.png,3
kanazawa_266_310_79_222.png,1
kanazawa_266_310_39_225.png,6
kanazawa_266_310_94_240.png,5
kanazawa_266_310_177_136.png,3
kanazawa_266_310_190_108.png,3
kanazawa_266_310_146_27.png,6
kanazawa_266_310_63_284.png,6
kanazawa_266_310_86_86.png,6
kanazawa_266_310_212_30.png,1
kanazawa_266_310_195_109.png,3
kanazawa_266_310_131_40.png,6
kanazawa_266_310_152_238.png,3
kanazawa_266_310_231_84.png,3
kanazawa_266_310_224_205.png,3
kanazawa_266_310_22_129.png,6
kanazawa_266_310_236_131.png,3
kanazawa_266_310_200_68.png,3
kanazawa_266_310_72_99.png,6
kanazawa_266_310_228_189.png,3
kanazawa_266_310_192_192.png,3
kanazawa_266_310_26_74.png,6
kanazawa_266_310_16_64.png,6
kanazawa_266_310_70_89.png,6
kanazawa_266_310_51_252.png,6
kanazawa_266_310_101_87.png,6
kanazawa_266_310_184_30.png,3
kanazawa_266_310_87_132.png,3
kanazawa_266_310_197_205.png,3
kanazawa_266_310_165_225.png,3
kanazawa_266_310_24_102.png,6
kanazawa_266_310_33_156.png,5
kanazawa_266_310_40_230.png,6
kanazawa_266_310_179_94.png,3
kanazawa_266_310_232_99.png,3
kanazawa_266_310_178_187.png,3
kanazawa_266_310_135_70.png,6
kanazawa_266_310_59_283.png,6
kanazawa_266_310_114_143.png,3
kanazawa_266_310_213_128.png,3
kanazawa_266_310_129_78.png,3
kanazawa_266_310_22_72.png,6
kanazawa_266_310_208_104.png,3
kanazawa_266_310_72_266.png,6
kanazawa_266_310_161_207.png,3
kanazawa_266_310_134_30.png,6
kanazawa_266_310_76_50.png,6
kanazawa_266_310_205_139.png,3
kanazawa_266_310_136_212.png,3
kanazawa_266_310_98_276.png,1
kanazawa_266_310_123_38.png,6
kanazawa_266_310_103_149.png,3
kanazawa_266_310_242_168.png,3
kanazawa_266_310_185_106.png,3
kanazawa_266_310_105_100.png,3
kanazawa_266_310_83_113.png,6
kanazawa_266_310_131_41.png,6
kanazawa_266_310_180_66.png,5
kanazawa_266_310_168_268.png,3
kanazawa_266_310_196_102.png,3
kanazawa_266_310_106_207.png,5
kanazawa_266_310_46_173.png,5
kanazawa_266_310_102_37.png,6
kanazawa_266_310_188_170.png,3
kanazawa_266_310_101_200.png,5
kanazawa_266_310_40_164.png,3
kanazawa_266_310_143_144.png,3
kanazawa_266_310_98_201.png,5
kanazawa_266_310_247_165.png,3
kanazawa_266_310_198_102.png,3
kanazawa_266_310_90_173.png,3
kanazawa_266_310_69_255.png,6
kanazawa_266_310_52_73.png,6
kanazawa_266_310_244_183.png,3
kanazawa_266_310_206_141.png,3
kanazawa_266_310_151_81.png,5
kanazawa_266_310_132_220.png,3
kanazawa_266_310_166_111.png,3
kanazawa_266_310_55_292.png,6
kanazawa_266_310_99_227.png,5
kanazawa_266_310_104_69.png,6
kanazawa_266_310_52_259.png,6
kanazawa_266_310_152_234.png,3
kanazawa_266_310_10_75.png,6
kanazawa_266_310_222_114.png,3
kanazawa_266_310_143_62.png,3
kanazawa_266_310_74_277.png,6
kanazawa_266_310_156_34.png,6
kanazawa_266_310_128_65.png,6
kanazawa_266_310_99_103.png,6
kanazawa_266_310_170_93.png,3
kanazawa_266_310_191_80.png,3
kanazawa_266_310_213_189.png,3
kanazawa_266_310_80_287.png,6
kanazawa_266_310_70_165.png,3
kanazawa_266_310_192_87.png,3
kanazawa_266_310_222_193.png,3
kanazawa_266_310_206_101.png,3
kanazawa_266_310_120_199.png,5
kanazawa_266_310_111_188.png,5
kanazawa_266_310_46_69.png,6
kanazawa_266_310_144_98.png,1
kanazawa_266_310_155_94.png,1
kanazawa_266_310_216_138.png,3
kanazawa_266_310_92_224.png,1
kanazawa_266_310_55_259.png,6
kanazawa_266_310_60_255.png,6
kanazawa_266_310_125_70.png,6
kanazawa_266_310_167_69.png,5
kanazawa_266_310_126_81.png,3
kanazawa_266_310_207_215.png,3
kanazawa_266_310_196_148.png,3
kanazawa_266_310_11_82.png,6
kanazawa_266_310_25_84.png,6
kanazawa_266_310_165_210.png,3
kanazawa_266_310_127_48.png,6
kanazawa_266_310_97_280.png,1
kanazawa_266_310_195_156.png,3
kanazawa_266_310_152_39.png,6
kanazawa_266_310_212_245.png,3
kanazawa_266_310_179_18.png,6
kanazawa_266_310_143_105.png,1
kanazawa_266_310_218_92.png,3
kanazawa_266_310_121_234.png,3
kanazawa_266_310_192_220.png,3
kanazawa_266_310_200_53.png,4
kanazawa_266_310_153_176.png,5
kanazawa_266_310_152_94.png,1
kanazawa_266_310_47_274.png,6
kanazawa_266_310_40_150.png,5
kanazawa_266_310_216_82.png,3
kanazawa_266_310_64_210.png,5
kanazawa_266_310_183_222.png,3
kanazawa_266_310_233_127.png,6
kanazawa_266_310_45_247.png,6
kanazawa_266_310_184_152.png,3
kanazawa_266_310_183_254.png,3
kanazawa_266_310_168_97.png,3
kanazawa_266_310_45_249.png,6
kanazawa_266_310_121_233.png,3
kanazawa_266_310_248_168.png,3
kanazawa_266_310_176_73.png,5
kanazawa_266_310_187_98.png,3
kanazawa_266_310_252_232.png,3
kanazawa_266_310_46_236.png,6
kanazawa_266_310_95_87.png,6
kanazawa_266_310_162_104.png,5
kanazawa_266_310_154_191.png,3
kanazawa_266_310_61_276.png,6
kanazawa_266_310_171_172.png,3
kanazawa_266_310_199_126.png,3
kanazawa_266_310_62_115.png,6
kanazawa_266_310_82_193.png,3
kanazawa_266_310_57_79.png,6
kanazawa_266_310_171_42.png,3
kanazawa_266_310_18_107.png,6
kanazawa_266_310_181_255.png,3
kanazawa_266_310_204_188.png,3
kanazawa_266_310_83_55.png,6
kanazawa_266_310_112_96.png,3
kanazawa_266_310_252_188.png,3
kanazawa_266_310_197_203.png,3
kanazawa_266_310_206_112.png,3
kanazawa_266_310_182_41.png,5
kanazawa_266_310_170_261.png,3
kanazawa_266_310_203_57.png,3
kanazawa_266_310_112_218.png,5
kanazawa_266_310_245_162.png,3
kanazawa_266_310_195_258.png,3
kanazawa_266_310_42_189.png,3
kanazawa_266_310_49_198.png,3
kanazawa_266_310_228_184.png,3
kanazawa_266_310_113_52.png,6
kanazawa_266_310_157_149.png,3
kanazawa_266_310_81_115.png,3
kanazawa_266_310_200_58.png,3
kanazawa_266_310_148_91.png,1
kanazawa_266_310_175_178.png,3
kanazawa_266_310_210_234.png,3
kanazawa_266_310_161_83.png,5
kanazawa_266_310_152_212.png,3
kanazawa_266_310_38_60.png,6
kanazawa_266_310_138_58.png,6
kanazawa_266_310_229_243.png,3
kanazawa_266_310_170_29.png,6
kanazawa_266_310_159_28.png,6
kanazawa_266_310_240_217.png,3
kanazawa_266_310_124_114.png,5
kanazawa_266_310_222_23.png,3
kanazawa_266_310_57_229.png,6
kanazawa_266_310_203_193.png,3
kanazawa_266_310_202_82.png,3
kanazawa_266_310_129_48.png,6
kanazawa_266_310_83_143.png,3
kanazawa_266_310_60_238.png,6
kanazawa_266_310_43_131.png,3
kanazawa_266_310_48_194.png,3
kanazawa_266_310_164_78.png,5
kanazawa_266_310_167_41.png,6
kanazawa_266_310_212_78.png,3
kanazawa_266_310_150_82.png,1
kanazawa_266_310_50_235.png,6
kanazawa_266_310_7_79.png,6
kanazawa_266_310_185_98.png,3
kanazawa_266_310_66_119.png,6
kanazawa_266_310_191_60.png,1
kanazawa_266_310_174_99.png,3
kanazawa_266_310_114_38.png,6
kanazawa_266_310_55_105.png,6
kanazawa_266_310_237_102.png,3
kanazawa_266_310_122_137.png,3
kanazawa_266_310_122_225.png,3
kanazawa_266_310_90_181.png,3
kanazawa_266_310_168_197.png,3
kanazawa_266_310_41_129.png,6
kanazawa_266_310_33_75.png,6
kanazawa_266_310_166_47.png,3
kanazawa_266_310_45_56.png,6
kanazawa_266_310_103_66.png,6
kanazawa_266_310_31_88.png,6
kanazawa_266_310_58_210.png,3
kanazawa_266_310_170_242.png,3
kanazawa_266_310_81_293.png,6
kanazawa_266_310_136_239.png,3
kanazawa_266_310_192_233.png,3
kanazawa_266_310_112_284.png,1
kanazawa_266_310_58_101.png,6
kanazawa_266_310_116_78.png,6
kanazawa_266_310_78_278.png,6
kanazawa_266_310_89_219.png,1
kanazawa_266_310_37_156.png,5
kanazawa_266_310_189_186.png,3
kanazawa_266_310_219_110.png,3
kanazawa_266_310_171_88.png,5
kanazawa_266_310_13_63.png,6
kanazawa_266_310_164_87.png,1
kanazawa_266_310_209_105.png,3
kanazawa_266_310_61_60.png,6
kanazawa_266_310_33_77.png,6
kanazawa_266_310_239_206.png,3
kanazawa_266_310_231_251.png,3
kanazawa_266_310_117_217.png,5
kanazawa_266_310_155_202.png,3
kanazawa_266_310_227_192.png,3
kanazawa_266_310_112_125.png,1
kanazawa_266_310_35_183.png,3
kanazawa_266_310_11_88.png,6
kanazawa_266_310_117_210.png,1
kanazawa_266_310_35_199.png,3
kanazawa_266_310_214_179.png,3
kanazawa_266_310_121_262.png,5
kanazawa_266_310_157_128.png,3
kanazawa_266_310_176_195.png,3
kanazawa_266_310_35_223.png,6
kanazawa_266_310_201_52.png,3
kanazawa_266_310_102_159.png,3
kanazawa_266_310_113_145.png,3
kanazawa_266_310_196_43.png,5
kanazawa_266_310_194_144.png,3
kanazawa_266_310_64_228.png,6
kanazawa_266_310_114_64.png,6
kanazawa_266_310_36_70.png,6
kanazawa_266_310_148_194.png,5
kanazawa_266_310_47_102.png,6
kanazawa_266_310_177_160.png,3
kanazawa_266_310_182_63.png,5
kanazawa_266_310_164_26.png,6
kanazawa_266_310_105_208.png,5
kanazawa_266_310_217_153.png,3
kanazawa_266_310_117_33.png,6
kanazawa_266_310_69_51.png,6
kanazawa_266_310_51_113.png,6
kanazawa_266_310_28_158.png,5
kanazawa_266_310_114_166.png,5
kanazawa_266_310_146_227.png,3
kanazawa_266_310_184_257.png,3
kanazawa_266_310_249_164.png,3
kanazawa_266_310_175_107.png,3
kanazawa_266_310_199_38.png,1
kanazawa_266_310_185_263.png,3
kanazawa_266_310_228_135.png,3
kanazawa_266_310_142_186.png,5
kanazawa_266_310_190_48.png,5
kanazawa_266_310_7_86.png,6
kanazawa_266_310_35_198.png,3
kanazawa_266_310_193_156.png,3
kanazawa_266_310_100_232.png,5
kanazawa_266_310_230_157.png,3
kanazawa_266_310_63_58.png,6
kanazawa_266_310_127_74.png,3
kanazawa_266_310_172_185.png,3
kanazawa_266_310_186_29.png,3
kanazawa_266_310_132_143.png,3
kanazawa_266_310_137_148.png,3
kanazawa_266_310_227_52.png,3
kanazawa_266_310_27_202.png,3
kanazawa_266_310_26_95.png,6
kanazawa_266_310_12_86.png,6
kanazawa_266_310_223_111.png,3
kanazawa_266_310_162_43.png,6
kanazawa_266_310_176_120.png,3
kanazawa_266_310_109_42.png,6
kanazawa_266_310_208_201.png,3
kanazawa_266_310_98_233.png,5
kanazawa_266_310_117_223.png,3
kanazawa_266_310_230_138.png,3
kanazawa_266_310_50_265.png,6
kanazawa_266_310_202_144.png,3
kanazawa_266_310_218_172.png,3
kanazawa_266_310_208_57.png,3
kanazawa_266_310_11_104.png,6
kanazawa_266_310_101_64.png,6
kanazawa_266_310_128_40.png,6
kanazawa_266_310_74_168.png,3
kanazawa_266_310_41_170.png,3
kanazawa_266_310_184_138.png,3
kanazawa_266_310_175_215.png,3
kanazawa_266_310_106_98.png,6
kanazawa_266_310_211_155.png,3
kanazawa_266_310_222_222.png,3
kanazawa_266_310_164_95.png,3
kanazawa_266_310_71_54.png,6
kanazawa_266_310_194_167.png,3
kanazawa_266_310_260_233.png,3
kanazawa_266_310_218_126.png,3
kanazawa_266_310_48_231.png,6
kanazawa_266_310_257_209.png,3
kanazawa_266_310_169_73.png,5
kanazawa_266_310_180_187.png,3
kanazawa_266_310_93_73.png,6
kanazawa_266_310_115_58.png,6
kanazawa_266_310_206_192.png,3
kanazawa_266_310_215_22.png,5
kanazawa_266_310_205_191.png,3
kanazawa_266_310_106_195.png,5
kanazawa_266_310_149_115.png,3
kanazawa_266_310_165_263.png,3
kanazawa_266_310_80_257.png,6
kanazawa_266_310_121_38.png,6
kanazawa_266_310_145_67.png,3
kanazawa_266_310_135_32.png,6
kanazawa_266_310_184_179.png,3
kanazawa_266_310_92_254.png,5
kanazawa_266_310_152_275.png,3
kanazawa_266_310_78_124.png,2
kanazawa_266_310_169_189.png,3
kanazawa_266_310_78_273.png,6
kanazawa_266_310_212_236.png,3
kanazawa_266_310_225_192.png,3
kanazawa_266_310_141_102.png,1
kanazawa_266_310_129_153.png,3
kanazawa_266_310_41_180.png,3
kanazawa_266_310_217_113.png,3
kanazawa_266_310_226_45.png,3
kanazawa_266_310_231_133.png,3
kanazawa_266_310_208_189.png,3
kanazawa_266_310_62_78.png,6
kanazawa_266_310_88_272.png,5
kanazawa_266_310_109_133.png,3
kanazawa_266_310_177_262.png,3
kanazawa_266_310_64_75.png,6
kanazawa_266_310_212_50.png,3
kanazawa_266_310_91_44.png,6
kanazawa_266_310_238_182.png,3
kanazawa_266_310_251_180.png,3
kanazawa_266_310_158_243.png,3
kanazawa_266_310_105_118.png,5
kanazawa_266_310_144_156.png,3
kanazawa_266_310_73_94.png,6
kanazawa_266_310_91_176.png,3
kanazawa_266_310_22_67.png,6
kanazawa_266_310_233_212.png,3
kanazawa_266_310_214_229.png,3
kanazawa_266_310_83_164.png,3
kanazawa_266_310_39_223.png,6
kanazawa_266_310_195_229.png,3
kanazawa_266_310_114_145.png,3
kanazawa_266_310_97_62.png,6
kanazawa_266_310_117_203.png,5
kanazawa_266_310_100_192.png,5
kanazawa_266_310_125_253.png,5
kanazawa_266_310_111_56.png,6
kanazawa_266_310_122_196.png,1
kanazawa_266_310_110_99.png,3
kanazawa_266_310_109_180.png,5
kanazawa_266_310_43_149.png,5
kanazawa_266_310_124_255.png,5
kanazawa_266_310_111_118.png,5
kanazawa_266_310_221_80.png,3
kanazawa_266_310_64_85.png,6
kanazawa_266_310_70_285.png,6
kanazawa_266_310_126_32.png,6
kanazawa_266_310_72_274.png,6
kanazawa_266_310_120_86.png,3
kanazawa_266_310_82_227.png,5
kanazawa_266_310_75_102.png,6
kanazawa_266_310_102_148.png,3
kanazawa_266_310_86_287.png,1
kanazawa_266_310_175_202.png,3
kanazawa_266_310_219_167.png,3
kanazawa_266_310_206_224.png,3
kanazawa_266_310_138_230.png,3
kanazawa_266_310_39_150.png,5
kanazawa_266_310_246_225.png,3
kanazawa_266_310_39_93.png,6
kanazawa_266_310_86_219.png,1
kanazawa_266_310_185_41.png,5
kanazawa_266_310_198_79.png,3
kanazawa_266_310_224_157.png,3
kanazawa_266_310_52_127.png,6
kanazawa_266_310_78_203.png,3
kanazawa_266_310_16_118.png,6
kanazawa_266_310_8_66.png,6
kanazawa_266_310_194_236.png,3
kanazawa_266_310_80_124.png,1
kanazawa_266_310_20_128.png,6
kanazawa_266_310_151_178.png,5
kanazawa_266_310_202_155.png,3
kanazawa_266_310_155_201.png,3
kanazawa_266_310_50_114.png,6
kanazawa_266_310_208_162.png,3
kanazawa_266_310_115_56.png,6
kanazawa_266_310_149_200.png,3
kanazawa_266_310_175_249.png,3
kanazawa_266_310_56_103.png,6
kanazawa_266_310_44_134.png,3
kanazawa_266_310_99_195.png,5
kanazawa_266_310_197_248.png,3
kanazawa_266_310_122_114.png,5
kanazawa_266_310_246_233.png,3
kanazawa_266_310_197_213.png,3
kanazawa_266_310_254_233.png,3
kanazawa_266_310_172_22.png,6
kanazawa_266_310_205_188.png,3
kanazawa_266_310_108_150.png,3
kanazawa_266_310_107_185.png,5
kanazawa_266_310_113_277.png,1
kanazawa_266_310_162_244.png,3
kanazawa_266_310_107_182.png,5
kanazawa_266_310_219_77.png,3
kanazawa_266_310_177_105.png,3
kanazawa_266_310_89_289.png,5
kanazawa_266_310_47_83.png,6
kanazawa_266_310_189_154.png,3
kanazawa_266_310_163_216.png,3
kanazawa_266_310_92_71.png,6
kanazawa_266_310_33_78.png,6
kanazawa_266_310_103_54.png,6
kanazawa_266_310_104_184.png,5
kanazawa_266_310_49_208.png,6
kanazawa_266_310_181_211.png,3
kanazawa_266_310_203_247.png,3
kanazawa_266_310_235_209.png,3
kanazawa_266_310_160_199.png,3
kanazawa_266_310_180_154.png,3
kanazawa_266_310_200_149.png,3
kanazawa_266_310_68_199.png,5
kanazawa_266_310_157_47.png,6
kanazawa_266_310_174_234.png,3
kanazawa_266_310_225_148.png,3
kanazawa_266_310_190_187.png,3
kanazawa_266_310_78_274.png,6
kanazawa_266_310_165_189.png,3
kanazawa_266_310_90_262.png,5
kanazawa_266_310_55_269.png,6
kanazawa_266_310_103_284.png,1
kanazawa_266_310_163_95.png,3
kanazawa_266_310_244_208.png,3
kanazawa_266_310_47_193.png,3
kanazawa_266_310_240_152.png,3
kanazawa_266_310_148_127.png,3
kanazawa_266_310_139_156.png,3
kanazawa_266_310_192_231.png,3
kanazawa_266_310_86_60.png,6
kanazawa_266_310_87_206.png,1
kanazawa_266_310_150_160.png,5
kanazawa_266_310_131_68.png,6
kanazawa_266_310_201_145.png,3
kanazawa_266_310_159_116.png,4
kanazawa_266_310_44_121.png,6
kanazawa_266_310_49_245.png,6
kanazawa_266_310_143_40.png,6
kanazawa_266_310_214_190.png,3
kanazawa_266_310_144_137.png,3
kanazawa_266_310_205_103.png,3
kanazawa_266_310_181_186.png,3
kanazawa_266_310_114_87.png,6
kanazawa_266_310_163_266.png,3
kanazawa_266_310_180_64.png,5
kanazawa_266_310_180_133.png,3
kanazawa_266_310_114_74.png,6
kanazawa_266_310_68_79.png,6
kanazawa_266_310_144_213.png,3
kanazawa_266_310_189_18.png,6
kanazawa_266_310_22_171.png,5
kanazawa_266_310_170_35.png,6
kanazawa_266_310_227_211.png,3
kanazawa_266_310_32_109.png,6
kanazawa_266_310_152_272.png,3
kanazawa_266_310_177_114.png,3
kanazawa_266_310_27_67.png,6
kanazawa_266_310_217_222.png,3
kanazawa_266_310_65_277.png,6
kanazawa_266_310_101_151.png,3
kanazawa_266_310_198_38.png,1
kanazawa_266_310_57_269.png,6
kanazawa_266_310_18_127.png,6
kanazawa_266_310_163_39.png,6
kanazawa_266_310_19_83.png,6
kanazawa_266_310_187_12.png,6
kanazawa_266_310_25_128.png,6
kanazawa_266_310_96_100.png,6
kanazawa_266_310_89_213.png,1
kanazawa_266_310_214_242.png,3
kanazawa_266_310_60_247.png,6
kanazawa_266_310_96_82.png,6
kanazawa_266_310_33_81.png,6
kanazawa_266_310_100_223.png,5
kanazawa_266_310_237_231.png,3
kanazawa_266_310_46_256.png,6
kanazawa_266_310_110_77.png,6
kanazawa_266_310_36_76.png,6
kanazawa_266_310_98_277.png,1
kanazawa_266_310_12_69.png,6
kanazawa_266_310_55_56.png,6
kanazawa_266_310_199_190.png,3
kanazawa_266_310_71_242.png,6
kanazawa_266_310_182_238.png,3
kanazawa_266_310_110_81.png,6
kanazawa_266_310_131_279.png,5
kanazawa_266_310_122_61.png,6
kanazawa_266_310_90_137.png,3
kanazawa_266_310_11_103.png,6
kanazawa_266_310_105_115.png,5
kanazawa_266_310_55_68.png,6
kanazawa_266_310_25_111.png,6
kanazawa_266_310_186_87.png,3
kanazawa_266_310_175_196.png,3
kanazawa_266_310_195_83.png,3
kanazawa_266_310_189_142.png,3
kanazawa_266_310_119_42.png,6
kanazawa_266_310_187_156.png,3
kanazawa_266_310_15_124.png,6
kanazawa_266_310_44_232.png,6
kanazawa_266_310_20_130.png,6
kanazawa_266_310_137_199.png,5
kanazawa_266_310_116_46.png,6
kanazawa_266_310_200_203.png,3
kanazawa_266_310_87_247.png,1
kanazawa_266_310_97_100.png,6
kanazawa_266_310_116_221.png,5
kanazawa_266_310_91_184.png,3
kanazawa_266_310_257_219.png,3
kanazawa_266_310_114_83.png,6
kanazawa_266_310_140_133.png,5
kanazawa_266_310_189_216.png,3
kanazawa_266_310_133_194.png,5
kanazawa_266_310_233_190.png,3
kanazawa_266_310_38_160.png,3
kanazawa_266_310_113_37.png,6
kanazawa_266_310_83_262.png,3
kanazawa_266_310_184_186.png,3
kanazawa_266_310_238_151.png,3
kanazawa_266_310_30_107.png,6
kanazawa_266_310_246_237.png,3
kanazawa_266_310_150_34.png,6
kanazawa_266_310_63_91.png,6
kanazawa_266_310_100_93.png,6
kanazawa_266_310_45_172.png,3
kanazawa_266_310_192_252.png,3
kanazawa_266_310_178_224.png,3
kanazawa_266_310_17_101.png,6
kanazawa_266_310_220_119.png,3
kanazawa_266_310_244_226.png,3
kanazawa_266_310_161_82.png,5
kanazawa_266_310_220_229.png,3
kanazawa_266_310_112_39.png,6
kanazawa_266_310_92_78.png,6
kanazawa_266_310_200_227.png,3
kanazawa_266_310_47_164.png,3
kanazawa_266_310_100_263.png,1
kanazawa_266_310_116_48.png,6
kanazawa_266_310_127_53.png,6
kanazawa_266_310_63_261.png,6
kanazawa_266_310_236_128.png,3
kanazawa_266_310_163_40.png,6
kanazawa_266_310_223_205.png,3
kanazawa_266_310_221_165.png,3
kanazawa_266_310_29_145.png,3
kanazawa_266_310_132_51.png,6
kanazawa_266_310_144_29.png,6
kanazawa_266_310_115_257.png,1
kanazawa_266_310_136_118.png,3
kanazawa_266_310_39_84.png,6
kanazawa_266_310_188_160.png,3
kanazawa_266_310_225_158.png,3
kanazawa_266_310_177_209.png,3
kanazawa_266_310_233_171.png,3
kanazawa_266_310_194_203.png,3
kanazawa_266_310_165_25.png,6
kanazawa_266_310_59_128.png,3
kanazawa_266_310_145_73.png,1
kanazawa_266_310_115_57.png,6
kanazawa_266_310_146_191.png,5
kanazawa_266_310_40_94.png,6
kanazawa_266_310_186_112.png,3
kanazawa_266_310_220_168.png,3
kanazawa_266_310_5_71.png,6
kanazawa_266_310_162_269.png,3
kanazawa_266_310_75_220.png,3
kanazawa_266_310_119_142.png,3
kanazawa_266_310_25_144.png,5
kanazawa_266_310_61_209.png,1
kanazawa_266_310_127_186.png,5
kanazawa_266_310_255_216.png,3
kanazawa_266_310_107_130.png,3
kanazawa_266_310_38_63.png,6
kanazawa_266_310_67_53.png,6
kanazawa_266_310_107_89.png,6
kanazawa_266_310_190_217.png,3
kanazawa_266_310_230_196.png,3
kanazawa_266_310_186_143.png,3
kanazawa_266_310_250_181.png,3
kanazawa_266_310_155_104.png,3
kanazawa_266_310_218_170.png,3
kanazawa_266_310_42_231.png,6
kanazawa_266_310_192_152.png,3
kanazawa_266_310_162_205.png,3
kanazawa_266_310_72_142.png,3
kanazawa_266_310_40_225.png,6
kanazawa_266_310_90_159.png,3
kanazawa_266_310_182_59.png,5
kanazawa_266_310_207_66.png,3
kanazawa_266_310_181_249.png,3
kanazawa_266_310_97_87.png,6
kanazawa_266_310_110_261.png,3
kanazawa_266_310_109_82.png,6
kanazawa_266_310_47_66.png,6
kanazawa_266_310_102_74.png,6
kanazawa_266_310_32_74.png,6
kanazawa_266_310_157_143.png,3
kanazawa_266_310_260_228.png,3
kanazawa_266_310_187_15.png,6
kanazawa_266_310_63_152.png,3
kanazawa_266_310_196_165.png,3
kanazawa_266_310_66_255.png,6
kanazawa_266_310_192_11.png,6
kanazawa_266_310_172_245.png,3
kanazawa_266_310_116_224.png,3
kanazawa_266_310_211_241.png,3
kanazawa_266_310_116_148.png,3
kanazawa_266_310_183_130.png,3
kanazawa_266_310_77_43.png,6
kanazawa_266_310_134_257.png,5
kanazawa_266_310_114_35.png,6
kanazawa_266_310_169_69.png,5
kanazawa_266_310_34_94.png,6
kanazawa_266_310_58_160.png,3
kanazawa_266_310_34_227.png,6
kanazawa_266_310_57_69.png,6
kanazawa_266_310_148_163.png,5
kanazawa_266_310_157_81.png,1
kanazawa_266_310_114_216.png,5
kanazawa_266_310_19_117.png,6
kanazawa_266_310_70_95.png,6
kanazawa_266_310_160_205.png,3
kanazawa_266_310_60_245.png,6
kanazawa_266_310_134_215.png,3
kanazawa_266_310_86_100.png,6
kanazawa_266_310_62_256.png,6
kanazawa_266_310_48_232.png,6
kanazawa_266_310_100_40.png,6
kanazawa_266_310_85_107.png,6
kanazawa_266_310_201_119.png,3
kanazawa_266_310_70_275.png,6
kanazawa_266_310_226_89.png,3
kanazawa_266_310_117_104.png,3
kanazawa_266_310_207_108.png,3
kanazawa_266_310_146_35.png,6
kanazawa_266_310_166_155.png,3
kanazawa_266_310_64_89.png,6
kanazawa_266_310_137_86.png,1
kanazawa_266_310_252_239.png,3
kanazawa_266_310_77_86.png,6
kanazawa_266_310_234_227.png,3
kanazawa_266_310_147_193.png,5
kanazawa_266_310_220_209.png,3
kanazawa_266_310_133_98.png,1
kanazawa_266_310_254_225.png,3
kanazawa_266_310_112_252.png,5
kanazawa_266_310_46_275.png,6
kanazawa_266_310_130_206.png,5
kanazawa_266_310_88_207.png,1
kanazawa_266_310_237_135.png,3
kanazawa_266_310_175_223.png,3
kanazawa_266_310_84_117.png,3
kanazawa_266_310_153_98.png,1
kanazawa_266_310_138_108.png,1
kanazawa_266_310_257_217.png,3
kanazawa_266_310_54_117.png,6
kanazawa_266_310_120_52.png,6
kanazawa_266_310_165_143.png,3
kanazawa_266_310_238_137.png,3
kanazawa_266_310_212_129.png,3
kanazawa_266_310_24_110.png,6
kanazawa_266_310_25_89.png,6
kanazawa_266_310_181_138.png,3
kanazawa_266_310_120_148.png,3
kanazawa_266_310_115_63.png,6
kanazawa_266_310_63_250.png,6
kanazawa_266_310_93_131.png,3
kanazawa_266_310_199_52.png,3
kanazawa_266_310_81_88.png,6
kanazawa_266_310_223_229.png,3
kanazawa_266_310_163_184.png,3
kanazawa_266_310_57_118.png,6
kanazawa_266_310_117_55.png,6
kanazawa_266_310_73_231.png,6
kanazawa_266_310_45_230.png,6
kanazawa_266_310_104_65.png,6
kanazawa_266_310_135_266.png,5
kanazawa_266_310_151_39.png,6
kanazawa_266_310_228_67.png,3
kanazawa_266_310_114_125.png,1
kanazawa_266_310_183_108.png,3
kanazawa_266_310_221_210.png,3
kanazawa_266_310_103_52.png,6
kanazawa_266_310_49_266.png,6
kanazawa_266_310_221_157.png,3
kanazawa_266_310_98_223.png,5
kanazawa_266_310_180_47.png,5
kanazawa_266_310_156_148.png,3
kanazawa_266_310_206_182.png,3
kanazawa_266_310_115_176.png,5
kanazawa_266_310_222_134.png,3
kanazawa_266_310_246_223.png,3
kanazawa_266_310_59_151.png,3
kanazawa_266_310_68_206.png,5
kanazawa_266_310_31_177.png,3
kanazawa_266_310_180_138.png,3
kanazawa_266_310_241_183.png,3
kanazawa_266_310_177_204.png,3
kanazawa_266_310_54_98.png,6
kanazawa_266_310_148_207.png,3
kanazawa_266_310_43_94.png,6
kanazawa_266_310_187_172.png,3
kanazawa_266_310_105_65.png,6
kanazawa_266_310_36_66.png,6
kanazawa_266_310_66_238.png,6
kanazawa_266_310_136_179.png,5
kanazawa_266_310_123_132.png,3
kanazawa_266_310_143_63.png,6
kanazawa_266_310_45_238.png,6
kanazawa_266_310_228_161.png,3
kanazawa_266_310_216_7.png,5
kanazawa_266_310_23_73.png,6
kanazawa_266_310_261_226.png,3
kanazawa_266_310_78_56.png,6
kanazawa_266_310_171_193.png,3
kanazawa_266_310_240_245.png,3
kanazawa_266_310_132_97.png,1
kanazawa_266_310_232_121.png,3
kanazawa_266_310_103_270.png,1
kanazawa_266_310_91_210.png,1
kanazawa_266_310_94_97.png,6
kanazawa_266_310_108_82.png,6
kanazawa_266_310_157_49.png,6
kanazawa_266_310_228_85.png,3
kanazawa_266_310_132_166.png,3
kanazawa_266_310_194_243.png,3
kanazawa_266_310_123_206.png,5
kanazawa_266_310_100_178.png,3
kanazawa_266_310_148_95.png,1
kanazawa_266_310_127_211.png,5
kanazawa_266_310_154_234.png,3
kanazawa_266_310_62_74.png,6
kanazawa_266_310_190_190.png,3
kanazawa_266_310_198_254.png,3
kanazawa_266_310_158_140.png,3
kanazawa_266_310_225_173.png,3
kanazawa_266_310_199_94.png,3
kanazawa_266_310_131_252.png,5
kanazawa_266_310_108_143.png,3
kanazawa_266_310_47_64.png,6
kanazawa_266_310_76_251.png,6
kanazawa_266_310_154_21.png,6
kanazawa_266_310_37_78.png,6
kanazawa_266_310_155_149.png,3
kanazawa_266_310_146_66.png,3
kanazawa_266_310_63_238.png,6
kanazawa_266_310_221_234.png,3
kanazawa_266_310_160_108.png,5
kanazawa_266_310_216_78.png,3
kanazawa_266_310_189_13.png,6
kanazawa_266_310_144_164.png,5
kanazawa_266_310_43_237.png,6
kanazawa_266_310_159_150.png,3
kanazawa_266_310_230_70.png,3
kanazawa_266_310_188_198.png,3
kanazawa_266_310_227_206.png,3
kanazawa_266_310_113_122.png,5
kanazawa_266_310_33_227.png,6
kanazawa_266_310_234_157.png,3
kanazawa_266_310_143_132.png,3
kanazawa_266_310_205_258.png,3
kanazawa_266_310_64_250.png,6
kanazawa_266_310_96_267.png,1
kanazawa_266_310_190_251.png,3
kanazawa_266_310_222_112.png,3
kanazawa_266_310_200_145.png,3
kanazawa_266_310_208_244.png,3
kanazawa_266_310_52_114.png,6
kanazawa_266_310_177_267.png,3
kanazawa_266_310_253_228.png,3
kanazawa_266_310_215_248.png,3
kanazawa_266_310_57_77.png,6
kanazawa_266_310_197_13.png,6
kanazawa_266_310_51_124.png,6
kanazawa_266_310_93_109.png,3
kanazawa_266_310_73_102.png,6
kanazawa_266_310_64_249.png,6
kanazawa_266_310_194_149.png,3
kanazawa_266_310_171_143.png,3
kanazawa_266_310_49_182.png,3
kanazawa_266_310_160_54.png,3
kanazawa_266_310_90_189.png,5
kanazawa_266_310_153_91.png,1
kanazawa_266_310_256_223.png,3
kanazawa_266_310_194_163.png,3
kanazawa_266_310_170_255.png,3
kanazawa_266_310_186_118.png,3
kanazawa_266_310_210_152.png,3
kanazawa_266_310_14_110.png,6
kanazawa_266_310_210_227.png,6
kanazawa_266_310_141_278.png,5
kanazawa_266_310_117_204.png,5
kanazawa_266_310_226_151.png,3
kanazawa_266_310_193_133.png,3
kanazawa_266_310_177_185.png,3
kanazawa_266_310_114_71.png,6
kanazawa_266_310_164_44.png,6
kanazawa_266_310_113_98.png,3
kanazawa_266_310_235_199.png,3
kanazawa_266_310_131_169.png,5
kanazawa_266_310_105_129.png,3
kanazawa_266_310_116_252.png,5
kanazawa_266_310_235_203.png,3
kanazawa_266_310_138_30.png,6
kanazawa_266_310_219_184.png,3
kanazawa_266_310_124_46.png,6
kanazawa_266_310_76_193.png,3
kanazawa_266_310_53_274.png,6
kanazawa_266_310_211_62.png,3
kanazawa_266_310_74_268.png,6
kanazawa_266_310_61_207.png,1
kanazawa_266_310_7_88.png,6
kanazawa_266_310_62_151.png,3
kanazawa_266_310_133_153.png,3
kanazawa_266_310_236_113.png,4
kanazawa_266_310_93_153.png,3
kanazawa_266_310_165_78.png,5
kanazawa_266_310_197_218.png,3
kanazawa_266_310_221_173.png,3
kanazawa_266_310_81_104.png,6
kanazawa_266_310_251_217.png,3
kanazawa_266_310_223_182.png,3
kanazawa_266_310_96_58.png,6
kanazawa_266_310_154_131.png,3
kanazawa_266_310_39_88.png,6
kanazawa_266_310_81_269.png,6
kanazawa_266_310_112_203.png,5
kanazawa_266_310_249_225.png,3
kanazawa_266_310_245_166.png,3
kanazawa_266_310_188_218.png,3
kanazawa_266_310_37_105.png,6
kanazawa_266_310_147_215.png,3
kanazawa_266_310_173_20.png,6
kanazawa_266_310_20_111.png,6
kanazawa_266_310_204_191.png,3
kanazawa_266_310_173_99.png,3
kanazawa_266_310_185_21.png,6
kanazawa_266_310_179_264.png,3
kanazawa_266_310_25_113.png,6
kanazawa_266_310_231_123.png,3
kanazawa_266_310_155_204.png,3
kanazawa_266_310_129_163.png,3
kanazawa_266_310_185_200.png,3
kanazawa_266_310_167_110.png,3
kanazawa_266_310_145_43.png,6
kanazawa_266_310_107_248.png,5
kanazawa_266_310_91_71.png,6
kanazawa_266_310_88_53.png,6
kanazawa_266_310_56_294.png,6
kanazawa_266_310_129_139.png,3
kanazawa_266_310_213_195.png,3
kanazawa_266_310_248_233.png,3
kanazawa_266_310_240_186.png,3
kanazawa_266_310_243_203.png,3
kanazawa_266_310_39_125.png,6
kanazawa_266_310_181_237.png,3
kanazawa_266_310_113_156.png,3
kanazawa_266_310_54_303.png,6
kanazawa_266_310_130_65.png,6
kanazawa_266_310_50_141.png,5
kanazawa_266_310_10_106.png,6
kanazawa_266_310_195_130.png,3
kanazawa_266_310_191_135.png,3
kanazawa_266_310_109_262.png,3
kanazawa_266_310_129_110.png,1
kanazawa_266_310_194_131.png,3
kanazawa_266_310_57_262.png,6
kanazawa_266_310_111_96.png,3
kanazawa_266_310_50_121.png,6
kanazawa_266_310_135_101.png,5
kanazawa_266_310_133_114.png,3
kanazawa_266_310_95_194.png,5
kanazawa_266_310_178_141.png,3
kanazawa_266_310_134_210.png,3
kanazawa_266_310_137_55.png,6
kanazawa_266_310_70_273.png,6
kanazawa_266_310_31_75.png,6
kanazawa_266_310_121_202.png,5
kanazawa_266_310_143_253.png,5
kanazawa_266_310_46_90.png,6
kanazawa_266_310_199_208.png,3
kanazawa_266_310_67_99.png,6
kanazawa_266_310_128_140.png,3
kanazawa_266_310_117_182.png,5
kanazawa_266_310_228_195.png,3
kanazawa_266_310_243_206.png,3
kanazawa_266_310_121_76.png,6
kanazawa_266_310_181_42.png,1
kanazawa_266_310_127_202.png,5
kanazawa_266_310_90_205.png,1
kanazawa_266_310_85_219.png,1
kanazawa_266_310_191_17.png,6
kanazawa_266_310_142_25.png,6
kanazawa_266_310_108_95.png,6
kanazawa_266_310_180_178.png,3
kanazawa_266_310_139_103.png,1
kanazawa_266_310_31_199.png,3
kanazawa_266_310_199_144.png,3
kanazawa_266_310_144_59.png,6
kanazawa_266_310_60_252.png,6
kanazawa_266_310_204_246.png,3
kanazawa_266_310_146_237.png,3
kanazawa_266_310_176_247.png,3
kanazawa_266_310_149_225.png,3
kanazawa_266_310_246_164.png,5
kanazawa_266_310_52_132.png,3
kanazawa_266_310_136_210.png,3
kanazawa_266_310_107_174.png,5
kanazawa_266_310_181_258.png,3
kanazawa_266_310_40_177.png,3
kanazawa_266_310_93_241.png,5
kanazawa_266_310_41_223.png,6
kanazawa_266_310_178_215.png,3
kanazawa_266_310_150_264.png,3
kanazawa_266_310_41_275.png,6
kanazawa_266_310_240_211.png,3
kanazawa_266_310_36_246.png,6
kanazawa_266_310_178_30.png,6
kanazawa_266_310_78_159.png,3
kanazawa_266_310_179_162.png,3
kanazawa_266_310_30_80.png,6
kanazawa_266_310_101_211.png,5
kanazawa_266_310_16_61.png,6
kanazawa_266_310_156_130.png,3
kanazawa_266_310_196_126.png,3
kanazawa_266_310_169_42.png,6
kanazawa_266_310_161_60.png,5
kanazawa_266_310_163_185.png,3
kanazawa_266_310_25_151.png,3
kanazawa_266_310_84_129.png,3
kanazawa_266_310_179_214.png,3
kanazawa_266_310_169_223.png,3
kanazawa_266_310_38_129.png,6
kanazawa_266_310_148_82.png,1
kanazawa_266_310_136_160.png,3
kanazawa_266_310_137_59.png,6
kanazawa_266_310_201_233.png,3
kanazawa_266_310_36_238.png,6
kanazawa_266_310_179_101.png,3
kanazawa_266_310_61_127.png,3
kanazawa_266_310_109_174.png,5
kanazawa_266_310_59_59.png,6
kanazawa_266_310_94_176.png,3
kanazawa_266_310_105_81.png,6
kanazawa_266_310_30_95.png,6
kanazawa_266_310_185_194.png,3
kanazawa_266_310_48_143.png,5
kanazawa_266_310_46_214.png,6
kanazawa_266_310_171_253.png,3
kanazawa_266_310_121_184.png,5
kanazawa_266_310_181_46.png,1
kanazawa_266_310_153_211.png,3
kanazawa_266_310_134_261.png,5
kanazawa_266_310_58_229.png,6
kanazawa_266_310_191_114.png,3
kanazawa_266_310_154_135.png,3
kanazawa_266_310_63_282.png,6
kanazawa_266_310_228_143.png,3
kanazawa_266_310_191_196.png,3
kanazawa_266_310_182_193.png,3
kanazawa_266_310_74_84.png,6
kanazawa_266_310_170_172.png,3
kanazawa_266_310_217_40.png,3
kanazawa_266_310_197_139.png,3
kanazawa_266_310_151_121.png,3
kanazawa_266_310_74_140.png,3
kanazawa_266_310_37_215.png,3
kanazawa_266_310_94_161.png,3
kanazawa_266_310_217_191.png,3
kanazawa_266_310_95_48.png,6
kanazawa_266_310_120_278.png,5
kanazawa_266_310_45_127.png,6
kanazawa_266_310_18_61.png,6
kanazawa_266_310_218_198.png,3
kanazawa_266_310_26_161.png,5
kanazawa_266_310_114_195.png,5
kanazawa_266_310_65_116.png,6
kanazawa_266_310_36_129.png,6
kanazawa_266_310_39_219.png,6
kanazawa_266_310_136_94.png,1
kanazawa_266_310_117_282.png,1
kanazawa_266_310_103_131.png,3
kanazawa_266_310_81_58.png,6
kanazawa_266_310_68_290.png,6
kanazawa_266_310_148_25.png,6
kanazawa_266_310_20_84.png,6
kanazawa_266_310_79_43.png,6
kanazawa_266_310_52_220.png,6
kanazawa_266_310_123_73.png,6
kanazawa_266_310_62_258.png,6
kanazawa_266_310_122_48.png,6
kanazawa_266_310_189_164.png,3
kanazawa_266_310_234_212.png,3
kanazawa_266_310_54_296.png,6
kanazawa_266_310_180_114.png,3
kanazawa_266_310_111_169.png,1
kanazawa_266_310_52_135.png,4
kanazawa_266_310_174_168.png,3
kanazawa_266_310_149_37.png,6
kanazawa_266_310_157_103.png,3
kanazawa_266_310_118_174.png,5
kanazawa_266_310_44_278.png,6
kanazawa_266_310_29_65.png,6
kanazawa_266_310_172_77.png,5
kanazawa_266_310_26_134.png,3
kanazawa_266_310_71_107.png,6
kanazawa_266_310_67_249.png,6
kanazawa_266_310_85_102.png,6
kanazawa_266_310_100_229.png,5
kanazawa_266_310_119_175.png,5
kanazawa_266_310_212_71.png,3
kanazawa_266_310_70_262.png,6
kanazawa_266_310_112_81.png,6
kanazawa_266_310_211_101.png,3
kanazawa_266_310_244_189.png,3
kanazawa_266_310_240_162.png,6
kanazawa_266_310_91_154.png,3
kanazawa_266_310_95_224.png,1
kanazawa_266_310_116_57.png,6
kanazawa_266_310_224_160.png,3
kanazawa_266_310_72_203.png,3
kanazawa_266_310_65_74.png,6
kanazawa_266_310_224_204.png,3
kanazawa_266_310_161_140.png,3
kanazawa_266_310_91_99.png,6
kanazawa_266_310_189_106.png,3
kanazawa_266_310_217_215.png,3
kanazawa_266_310_216_111.png,3
kanazawa_266_310_162_149.png,3
kanazawa_266_310_161_35.png,6
kanazawa_266_310_109_68.png,6
kanazawa_266_310_213_113.png,3
kanazawa_266_310_206_129.png,3
kanazawa_266_310_86_218.png,1
kanazawa_266_310_185_184.png,3
kanazawa_266_310_62_105.png,6
kanazawa_266_310_47_71.png,6
kanazawa_266_310_146_208.png,3
kanazawa_266_310_156_181.png,5
kanazawa_266_310_208_190.png,3
kanazawa_266_310_44_268.png,6
kanazawa_266_310_107_177.png,5
kanazawa_266_310_253_230.png,3
kanazawa_266_310_221_201.png,3
kanazawa_266_310_230_223.png,3
kanazawa_266_310_173_149.png,3
kanazawa_266_310_184_160.png,3
kanazawa_266_310_213_119.png,3
kanazawa_266_310_252_215.png,3
kanazawa_266_310_83_197.png,3
kanazawa_266_310_186_48.png,5
kanazawa_266_310_77_185.png,3
kanazawa_266_310_75_52.png,6
kanazawa_266_310_190_110.png,3
kanazawa_266_310_64_84.png,6
kanazawa_266_310_154_86.png,1
kanazawa_266_310_101_70.png,6
kanazawa_266_310_203_243.png,3
kanazawa_266_310_54_234.png,6
kanazawa_266_310_177_202.png,3
kanazawa_266_310_84_188.png,3
kanazawa_266_310_30_210.png,3
kanazawa_266_310_237_112.png,3
kanazawa_266_310_120_250.png,5
kanazawa_266_310_220_74.png,3
kanazawa_266_310_136_196.png,5
kanazawa_266_310_184_182.png,3
kanazawa_266_310_176_175.png,3
kanazawa_266_310_72_150.png,3
kanazawa_266_310_96_195.png,5
kanazawa_266_310_253_187.png,3
kanazawa_266_310_197_247.png,6
kanazawa_266_310_192_150.png,3
kanazawa_266_310_244_222.png,3
kanazawa_266_310_152_102.png,1
kanazawa_266_310_130_95.png,1
kanazawa_266_310_196_14.png,6
kanazawa_266_310_65_291.png,6
kanazawa_266_310_206_225.png,6
kanazawa_266_310_175_243.png,3
kanazawa_266_310_245_154.png,3
kanazawa_266_310_206_185.png,3
kanazawa_266_310_166_56.png,5
kanazawa_266_310_75_67.png,6
kanazawa_266_310_78_161.png,3
kanazawa_266_310_211_116.png,3
kanazawa_266_310_31_150.png,5
kanazawa_266_310_55_117.png,6
kanazawa_266_310_243_170.png,3
kanazawa_266_310_261_230.png,3
kanazawa_266_310_229_118.png,3
kanazawa_266_310_174_191.png,3
kanazawa_266_310_110_80.png,6
kanazawa_266_310_215_24.png,1
kanazawa_266_310_78_113.png,6
kanazawa_266_310_256_241.png,3
kanazawa_266_310_76_76.png,6
kanazawa_266_310_191_153.png,3
kanazawa_266_310_93_55.png,6
kanazawa_266_310_162_231.png,3
kanazawa_266_310_148_153.png,3
kanazawa_266_310_193_19.png,6
kanazawa_266_310_110_92.png,6
kanazawa_266_310_201_75.png,3
kanazawa_266_310_110_113.png,5
kanazawa_266_310_127_108.png,5
kanazawa_266_310_109_53.png,6
kanazawa_266_310_121_109.png,5
kanazawa_266_310_58_61.png,6
kanazawa_266_310_121_87.png,3
kanazawa_266_310_186_133.png,3
kanazawa_266_310_92_171.png,3
kanazawa_266_310_170_196.png,3
kanazawa_266_310_229_155.png,3
kanazawa_266_310_84_154.png,3
kanazawa_266_310_116_53.png,6
kanazawa_266_310_63_224.png,6
kanazawa_266_310_65_279.png,6
kanazawa_266_310_194_194.png,3
kanazawa_266_310_75_116.png,6
kanazawa_266_310_140_40.png,6
kanazawa_266_310_114_50.png,6
kanazawa_266_310_112_87.png,6
kanazawa_266_310_188_93.png,3
kanazawa_266_310_127_255.png,5
kanazawa_266_310_167_76.png,5
kanazawa_266_310_114_81.png,6
kanazawa_266_310_22_127.png,6
kanazawa_266_310_145_27.png,6
kanazawa_266_310_200_110.png,3
kanazawa_266_310_61_76.png,6
kanazawa_266_310_88_163.png,3
kanazawa_266_310_123_127.png,3
kanazawa_266_310_27_132.png,3
kanazawa_266_310_213_91.png,3
kanazawa_266_310_103_216.png,5
kanazawa_266_310_110_190.png,5
kanazawa_266_310_182_239.png,3
kanazawa_266_310_54_73.png,6
kanazawa_266_310_68_164.png,3
kanazawa_266_310_121_245.png,5
kanazawa_266_310_157_251.png,3
kanazawa_266_310_43_122.png,6
kanazawa_266_310_217_249.png,3
kanazawa_266_310_210_137.png,3
kanazawa_266_310_170_203.png,3
kanazawa_266_310_205_112.png,3
kanazawa_266_310_32_125.png,6
kanazawa_266_310_97_232.png,5
kanazawa_266_310_244_141.png,3
kanazawa_266_310_131_253.png,5
kanazawa_266_310_200_236.png,3
kanazawa_266_310_162_103.png,3
kanazawa_266_310_133_66.png,3
kanazawa_266_310_49_246.png,6
kanazawa_266_310_41_79.png,6
kanazawa_266_310_103_215.png,5
kanazawa_266_310_191_145.png,3
kanazawa_266_310_171_242.png,3
kanazawa_266_310_132_32.png,6
kanazawa_266_310_170_193.png,3
kanazawa_266_310_220_140.png,3
kanazawa_266_310_151_45.png,6
kanazawa_266_310_92_55.png,6
kanazawa_266_310_37_118.png,6
kanazawa_266_310_63_290.png,6
kanazawa_266_310_247_221.png,3
kanazawa_266_310_150_224.png,3
kanazawa_266_310_154_218.png,3
kanazawa_266_310_189_129.png,3
kanazawa_266_310_149_272.png,3
kanazawa_266_310_232_127.png,3
kanazawa_266_310_135_116.png,3
kanazawa_266_310_53_64.png,6
kanazawa_266_310_248_212.png,3
kanazawa_266_310_172_23.png,6
kanazawa_266_310_116_58.png,6
kanazawa_266_310_87_257.png,5
kanazawa_266_310_202_81.png,3
kanazawa_266_310_181_218.png,3
kanazawa_266_310_149_41.png,6
kanazawa_266_310_74_101.png,6
kanazawa_266_310_213_147.png,3
kanazawa_266_310_171_248.png,3
kanazawa_266_310_217_219.png,3
kanazawa_266_310_47_120.png,6
kanazawa_266_310_228_131.png,6
kanazawa_266_310_217_23.png,5
kanazawa_266_310_158_33.png,6
kanazawa_266_310_40_229.png,6
kanazawa_266_310_218_60.png,3
kanazawa_266_310_191_15.png,6
kanazawa_266_310_166_25.png,6
kanazawa_266_310_83_108.png,6
kanazawa_266_310_171_53.png,5
kanazawa_266_310_169_104.png,3
kanazawa_266_310_191_104.png,3
kanazawa_266_310_46_288.png,6
kanazawa_266_310_17_90.png,6
kanazawa_266_310_199_77.png,3
kanazawa_266_310_55_229.png,6
kanazawa_266_310_62_263.png,6
kanazawa_266_310_191_208.png,3
kanazawa_266_310_35_56.png,6
kanazawa_266_310_233_193.png,3
kanazawa_266_310_44_95.png,6
kanazawa_266_310_200_154.png,3
kanazawa_266_310_76_48.png,6
kanazawa_266_310_137_88.png,1
kanazawa_266_310_68_225.png,3
kanazawa_266_310_212_142.png,3
kanazawa_266_310_239_215.png,3
kanazawa_266_310_78_92.png,6
kanazawa_266_310_228_137.png,3
kanazawa_266_310_63_127.png,6
kanazawa_266_310_169_88.png,5
kanazawa_266_310_32_205.png,3
kanazawa_266_310_156_73.png,1
kanazawa_266_310_159_186.png,5
kanazawa_266_310_86_108.png,6
kanazawa_266_310_181_109.png,3
kanazawa_266_310_156_249.png,3
kanazawa_266_310_217_208.png,3
kanazawa_266_310_214_226.png,3
kanazawa_266_310_157_174.png,5
kanazawa_266_310_207_258.png,3
kanazawa_266_310_136_31.png,6
kanazawa_266_310_195_239.png,3
kanazawa_266_310_167_28.png,6
kanazawa_266_310_97_82.png,6
kanazawa_266_310_225_47.png,3
kanazawa_266_310_171_35.png,6
kanazawa_266_310_37_234.png,6
kanazawa_266_310_229_221.png,3
kanazawa_266_310_197_158.png,3
kanazawa_266_310_180_105.png,3
kanazawa_266_310_158_209.png,3
kanazawa_266_310_118_162.png,5
kanazawa_266_310_39_252.png,6
kanazawa_266_310_234_238.png,3
kanazawa_266_310_212_161.png,3
kanazawa_266_310_181_262.png,3
kanazawa_266_310_91_62.png,6
kanazawa_266_310_151_92.png,1
kanazawa_266_310_149_239.png,3
kanazawa_266_310_39_62.png,6
kanazawa_266_310_91_289.png,5
kanazawa_266_310_140_33.png,6
kanazawa_266_310_142_119.png,3
kanazawa_266_310_149_139.png,3
kanazawa_266_310_170_111.png,3
kanazawa_266_310_191_52.png,5
kanazawa_266_310_167_36.png,6
kanazawa_266_310_205_244.png,3
kanazawa_266_310_95_178.png,3
kanazawa_266_310_261_231.png,3
kanazawa_266_310_201_156.png,3
kanazawa_266_310_119_171.png,5
kanazawa_266_310_167_177.png,5
kanazawa_266_310_40_65.png,6
kanazawa_266_310_157_256.png,3
kanazawa_266_310_206_58.png,3
kanazawa_266_310_55_208.png,6
kanazawa_266_310_220_71.png,3
kanazawa_266_310_100_247.png,5
kanazawa_266_310_109_200.png,5
kanazawa_266_310_172_166.png,3
kanazawa_266_310_118_227.png,3
kanazawa_266_310_141_68.png,6
kanazawa_266_310_182_254.png,3
kanazawa_266_310_227_246.png,3
kanazawa_266_310_102_197.png,5
kanazawa_266_310_187_198.png,3
kanazawa_266_310_194_132.png,3
kanazawa_266_310_201_230.png,3
kanazawa_266_310_236_122.png,3
kanazawa_266_310_74_57.png,6
kanazawa_266_310_222_159.png,3
kanazawa_266_310_184_103.png,3
kanazawa_266_310_151_162.png,5
kanazawa_266_310_24_112.png,6
kanazawa_266_310_203_104.png,3
kanazawa_266_310_151_62.png,3
kanazawa_266_310_41_91.png,6
kanazawa_266_310_28_154.png,5
kanazawa_266_310_186_240.png,3
kanazawa_266_310_81_52.png,6
kanazawa_266_310_167_144.png,3
kanazawa_266_310_71_58.png,6
kanazawa_266_310_183_232.png,3
kanazawa_266_310_199_221.png,3
kanazawa_266_310_135_56.png,6
kanazawa_266_310_61_163.png,3
kanazawa_266_310_135_212.png,3
kanazawa_266_310_30_65.png,6
kanazawa_266_310_145_93.png,1
kanazawa_266_310_38_194.png,3
kanazawa_266_310_69_47.png,6
kanazawa_266_310_84_283.png,1
kanazawa_266_310_70_281.png,6
kanazawa_266_310_126_276.png,5
kanazawa_266_310_75_261.png,6
kanazawa_266_310_73_71.png,6
kanazawa_266_310_224_188.png,3
kanazawa_266_310_182_124.png,3
kanazawa_266_310_236_231.png,3
kanazawa_266_310_76_93.png,6
kanazawa_266_310_231_197.png,3
kanazawa_266_310_259_224.png,3
kanazawa_266_310_96_52.png,6
kanazawa_266_310_199_95.png,3
kanazawa_266_310_198_169.png,3
kanazawa_266_310_178_204.png,3
kanazawa_266_310_174_208.png,3
kanazawa_266_310_38_225.png,6
kanazawa_266_310_54_300.png,6
kanazawa_266_310_37_204.png,3
kanazawa_266_310_205_162.png,3
kanazawa_266_310_23_135.png,3
kanazawa_266_310_114_114.png,5
kanazawa_266_310_111_254.png,5
kanazawa_266_310_108_174.png,5
kanazawa_266_310_105_175.png,5
kanazawa_266_310_166_59.png,5
kanazawa_266_310_238_192.png,3
kanazawa_266_310_195_98.png,3
kanazawa_266_310_249_201.png,3
kanazawa_266_310_96_257.png,5
kanazawa_266_310_50_259.png,6
kanazawa_266_310_70_147.png,3
kanazawa_266_310_57_224.png,6
kanazawa_266_310_34_149.png,6
kanazawa_266_310_139_89.png,1
kanazawa_266_310_107_245.png,5
kanazawa_266_310_22_78.png,6
kanazawa_266_310_100_278.png,1
kanazawa_266_310_130_68.png,6
kanazawa_266_310_107_54.png,6
kanazawa_266_310_157_106.png,3
kanazawa_266_310_255_205.png,3
kanazawa_266_310_104_78.png,6
kanazawa_266_310_151_113.png,1
kanazawa_266_310_90_53.png,6
kanazawa_266_310_17_67.png,6
kanazawa_266_310_102_258.png,4
kanazawa_266_310_209_73.png,3
kanazawa_266_310_202_226.png,3
kanazawa_266_310_95_248.png,5
kanazawa_266_310_94_283.png,1
kanazawa_266_310_81_103.png,6
kanazawa_266_310_51_221.png,6
kanazawa_266_310_197_204.png,3
kanazawa_266_310_38_88.png,6
kanazawa_266_310_149_222.png,3
kanazawa_266_310_15_113.png,6
kanazawa_266_310_100_179.png,3
kanazawa_266_310_106_193.png,5
kanazawa_266_310_220_93.png,3
kanazawa_266_310_147_44.png,6
kanazawa_266_310_122_49.png,6
kanazawa_266_310_57_98.png,6
kanazawa_266_310_217_241.png,3
kanazawa_266_310_68_169.png,3
kanazawa_266_310_124_134.png,3
kanazawa_266_310_188_145.png,3
kanazawa_266_310_158_273.png,3
kanazawa_266_310_163_200.png,3
kanazawa_266_310_118_254.png,5
kanazawa_266_310_116_185.png,5
kanazawa_266_310_67_92.png,6
kanazawa_266_310_73_109.png,6
kanazawa_266_310_70_112.png,6
kanazawa_266_310_164_231.png,3
kanazawa_266_310_72_59.png,6
kanazawa_266_310_210_249.png,3
kanazawa_266_310_205_204.png,3
kanazawa_266_310_183_162.png,3
kanazawa_266_310_126_73.png,3
kanazawa_266_310_196_109.png,3
kanazawa_266_310_54_104.png,6
kanazawa_266_310_119_200.png,5
kanazawa_266_310_148_83.png,1
kanazawa_266_310_229_239.png,3
kanazawa_266_310_182_240.png,3
kanazawa_266_310_192_169.png,3
kanazawa_266_310_40_237.png,6
kanazawa_266_310_201_126.png,3
kanazawa_266_310_172_249.png,3
kanazawa_266_310_76_47.png,6
kanazawa_266_310_191_32.png,5
kanazawa_266_310_120_31.png,6
kanazawa_266_310_172_72.png,5
kanazawa_266_310_202_138.png,3
kanazawa_266_310_172_261.png,3
kanazawa_266_310_168_194.png,3
kanazawa_266_310_85_276.png,1
kanazawa_266_310_135_43.png,6
kanazawa_266_310_197_32.png,5
kanazawa_266_310_85_143.png,3
kanazawa_266_310_162_245.png,3
kanazawa_266_310_227_164.png,3
kanazawa_266_310_181_223.png,3
kanazawa_266_310_110_74.png,6
kanazawa_266_310_129_270.png,5
kanazawa_266_310_208_177.png,3
kanazawa_266_310_56_88.png,6
kanazawa_266_310_69_98.png,6
kanazawa_266_310_156_194.png,3
kanazawa_266_310_201_240.png,3
kanazawa_266_310_55_231.png,6
kanazawa_266_310_185_232.png,3
kanazawa_266_310_184_231.png,3
kanazawa_266_310_77_152.png,3
kanazawa_266_310_19_68.png,6
kanazawa_266_310_132_50.png,6
kanazawa_266_310_205_182.png,3
kanazawa_266_310_148_105.png,1
kanazawa_266_310_29_100.png,6
kanazawa_266_310_138_36.png,6
kanazawa_266_310_211_141.png,3
kanazawa_266_310_245_203.png,3
kanazawa_266_310_248_159.png,6
kanazawa_266_310_195_112.png,3
kanazawa_266_310_74_126.png,3
kanazawa_266_310_242_248.png,3
kanazawa_266_310_44_182.png,3
kanazawa_266_310_71_252.png,6
kanazawa_266_310_216_208.png,3
kanazawa_266_310_183_124.png,3
kanazawa_266_310_174_200.png,3
kanazawa_266_310_62_107.png,6
kanazawa_266_310_184_235.png,3
kanazawa_266_310_150_91.png,1
kanazawa_266_310_73_155.png,3
kanazawa_266_310_213_39.png,3
kanazawa_266_310_191_33.png,5
kanazawa_266_310_159_148.png,3
kanazawa_266_310_74_171.png,6
kanazawa_266_310_24_166.png,5
kanazawa_266_310_227_104.png,3
kanazawa_266_310_218_95.png,3
kanazawa_266_310_125_142.png,3
kanazawa_266_310_146_47.png,6
kanazawa_266_310_115_140.png,3
kanazawa_266_310_190_235.png,3
kanazawa_266_310_128_101.png,5
kanazawa_266_310_230_64.png,3
kanazawa_266_310_52_69.png,6
kanazawa_266_310_174_240.png,3
kanazawa_266_310_211_52.png,3
kanazawa_266_310_175_259.png,3
kanazawa_266_310_203_194.png,3
kanazawa_266_310_193_75.png,3
kanazawa_266_310_77_56.png,6
kanazawa_266_310_158_82.png,5
kanazawa_266_310_144_109.png,3
kanazawa_266_310_251_223.png,3
kanazawa_266_310_65_297.png,6
kanazawa_266_310_206_36.png,3
kanazawa_266_310_120_145.png,3
kanazawa_266_310_169_171.png,3
kanazawa_266_310_211_229.png,3
kanazawa_266_310_31_120.png,6
kanazawa_266_310_68_96.png,6
kanazawa_266_310_199_136.png,3
kanazawa_266_310_210_21.png,5
kanazawa_266_310_46_161.png,3
kanazawa_266_310_23_118.png,6
kanazawa_266_310_49_58.png,6
kanazawa_266_310_149_50.png,6
kanazawa_266_310_209_7.png,5
kanazawa_266_310_123_135.png,3
kanazawa_266_310_137_242.png,3
kanazawa_266_310_148_106.png,1
kanazawa_266_310_42_73.png,6
kanazawa_266_310_118_148.png,3
kanazawa_266_310_141_96.png,1
kanazawa_266_310_162_79.png,5
kanazawa_266_310_137_45.png,6
kanazawa_266_310_236_205.png,3
kanazawa_266_310_108_80.png,6
kanazawa_266_310_225_229.png,3
kanazawa_266_310_106_265.png,5
kanazawa_266_310_179_220.png,3
kanazawa_266_310_85_129.png,3
kanazawa_266_310_54_248.png,6
kanazawa_266_310_168_252.png,3
kanazawa_266_310_97_89.png,6
kanazawa_266_310_244_173.png,3
kanazawa_266_310_196_127.png,3
kanazawa_266_310_209_130.png,3
kanazawa_266_310_103_223.png,5
kanazawa_266_310_158_99.png,5
kanazawa_266_310_105_195.png,5
kanazawa_266_310_188_237.png,3
kanazawa_266_310_222_213.png,3
kanazawa_266_310_155_54.png,6
kanazawa_266_310_236_222.png,3
kanazawa_266_310_120_173.png,5
kanazawa_266_310_223_156.png,3
kanazawa_266_310_115_153.png,3
kanazawa_266_310_234_219.png,3
kanazawa_266_310_194_172.png,3
kanazawa_266_310_210_102.png,3
kanazawa_266_310_199_152.png,3
kanazawa_266_310_177_93.png,3
kanazawa_266_310_26_99.png,6
kanazawa_266_310_50_272.png,6
kanazawa_266_310_66_97.png,6
kanazawa_266_310_192_263.png,3
kanazawa_266_310_110_56.png,6
kanazawa_266_310_29_58.png,6
kanazawa_266_310_207_161.png,3
kanazawa_266_310_44_92.png,6
kanazawa_266_310_33_221.png,6
kanazawa_266_310_196_189.png,3
kanazawa_266_310_164_154.png,3
kanazawa_266_310_68_83.png,6
kanazawa_266_310_104_47.png,6
kanazawa_266_310_97_85.png,6
kanazawa_266_310_33_167.png,3
kanazawa_266_310_57_93.png,6
kanazawa_266_310_234_130.png,3
kanazawa_266_310_118_193.png,5
kanazawa_266_310_192_250.png,3
kanazawa_266_310_105_220.png,5
kanazawa_266_310_96_117.png,1
kanazawa_266_310_211_136.png,3
kanazawa_266_310_138_189.png,5
kanazawa_266_310_153_67.png,5
kanazawa_266_310_56_235.png,6
kanazawa_266_310_28_199.png,3
kanazawa_266_310_116_129.png,3
kanazawa_266_310_180_200.png,3
kanazawa_266_310_49_97.png,6
kanazawa_266_310_106_77.png,6
kanazawa_266_310_84_65.png,6
kanazawa_266_310_14_92.png,6
kanazawa_266_310_121_236.png,3
kanazawa_266_310_116_230.png,3
kanazawa_266_310_143_274.png,1
kanazawa_266_310_100_226.png,5
kanazawa_266_310_43_58.png,6
kanazawa_266_310_157_27.png,6
kanazawa_266_310_256_226.png,3
kanazawa_266_310_40_264.png,6
kanazawa_266_310_166_237.png,3
kanazawa_266_310_139_157.png,3
kanazawa_266_310_114_155.png,3
kanazawa_266_310_40_269.png,6
kanazawa_266_310_183_237.png,3
kanazawa_266_310_196_136.png,3
kanazawa_266_310_145_47.png,6
kanazawa_266_310_82_149.png,3
kanazawa_266_310_127_70.png,6
kanazawa_266_310_25_124.png,6
kanazawa_266_310_221_217.png,3
kanazawa_266_310_75_51.png,6
kanazawa_266_310_123_95.png,1
kanazawa_266_310_100_257.png,5
kanazawa_266_310_172_78.png,5
kanazawa_266_310_194_94.png,5
kanazawa_266_310_128_99.png,5
kanazawa_266_310_102_136.png,3
kanazawa_266_310_169_36.png,6
kanazawa_266_310_102_82.png,6
kanazawa_266_310_48_287.png,6
kanazawa_266_310_163_199.png,3
kanazawa_266_310_240_132.png,3
kanazawa_266_310_216_134.png,3
kanazawa_266_310_113_48.png,6
kanazawa_266_310_63_105.png,6
kanazawa_266_310_205_185.png,3
kanazawa_266_310_56_117.png,6
kanazawa_266_310_167_201.png,3
kanazawa_266_310_186_21.png,6
kanazawa_266_310_212_135.png,3
kanazawa_266_310_134_78.png,3
kanazawa_266_310_41_256.png,6
kanazawa_266_310_65_109.png,6
kanazawa_266_310_131_178.png,5
kanazawa_266_310_40_223.png,6
kanazawa_266_310_77_205.png,3
kanazawa_266_310_204_25.png,5
kanazawa_266_310_167_20.png,6
kanazawa_266_310_56_64.png,6
kanazawa_266_310_137_29.png,6
kanazawa_266_310_210_199.png,3
kanazawa_266_310_65_139.png,5
kanazawa_266_310_37_253.png,6
kanazawa_266_310_127_174.png,5
kanazawa_266_310_175_86.png,5
kanazawa_266_310_98_78.png,6
kanazawa_266_310_90_156.png,3
kanazawa_266_310_240_116.png,3
kanazawa_266_310_57_288.png,6
kanazawa_266_310_207_208.png,3
kanazawa_266_310_129_81.png,3
kanazawa_266_310_185_137.png,3
kanazawa_266_310_200_243.png,3
kanazawa_266_310_102_98.png,6
kanazawa_266_310_66_123.png,6
kanazawa_266_310_200_200.png,3
kanazawa_266_310_110_89.png,6
kanazawa_266_310_144_145.png,3
kanazawa_266_310_57_105.png,6
kanazawa_266_310_207_80.png,3
kanazawa_266_310_147_43.png,6
kanazawa_266_310_198_122.png,3
kanazawa_266_310_171_96.png,3
kanazawa_266_310_32_229.png,6
kanazawa_266_310_44_82.png,6
kanazawa_266_310_155_98.png,1
kanazawa_266_310_151_80.png,5
kanazawa_266_310_195_110.png,3
kanazawa_266_310_126_101.png,5
kanazawa_266_310_55_113.png,6
kanazawa_266_310_89_169.png,3
kanazawa_266_310_122_41.png,6
kanazawa_266_310_100_55.png,6
kanazawa_266_310_45_149.png,5
kanazawa_266_310_241_222.png,3
kanazawa_266_310_238_131.png,3
kanazawa_266_310_24_100.png,6
kanazawa_266_310_213_114.png,3
kanazawa_266_310_55_279.png,6
kanazawa_266_310_114_205.png,5
kanazawa_266_310_26_162.png,5
kanazawa_266_310_166_212.png,3
kanazawa_266_310_95_72.png,6
kanazawa_266_310_251_226.png,3
kanazawa_266_310_148_28.png,6
kanazawa_266_310_21_103.png,6
kanazawa_266_310_92_100.png,6
kanazawa_266_310_207_15.png,2
kanazawa_266_310_125_77.png,3
kanazawa_266_310_120_163.png,5
kanazawa_266_310_112_76.png,6
kanazawa_266_310_64_295.png,6
kanazawa_266_310_72_107.png,6
kanazawa_266_310_224_182.png,3
kanazawa_266_310_27_99.png,6
kanazawa_266_310_12_120.png,6
kanazawa_266_310_219_102.png,3
kanazawa_266_310_220_164.png,3
kanazawa_266_310_129_221.png,3
kanazawa_266_310_95_139.png,3
kanazawa_266_310_243_228.png,3
kanazawa_266_310_193_101.png,3
kanazawa_266_310_212_191.png,3
kanazawa_266_310_173_234.png,3
kanazawa_266_310_97_43.png,6
kanazawa_266_310_88_193.png,5
kanazawa_266_310_55_93.png,6
kanazawa_266_310_15_92.png,6
kanazawa_266_310_220_124.png,3
kanazawa_266_310_52_242.png,6
kanazawa_266_310_223_88.png,3
kanazawa_266_310_235_200.png,3
kanazawa_266_310_153_72.png,5
kanazawa_266_310_186_140.png,3
kanazawa_266_310_216_101.png,3
kanazawa_266_310_198_153.png,3
kanazawa_266_310_240_150.png,3
kanazawa_266_310_94_72.png,6
kanazawa_266_310_142_150.png,3
kanazawa_266_310_115_284.png,5
kanazawa_266_310_114_69.png,6
kanazawa_266_310_114_148.png,3
kanazawa_266_310_236_142.png,3
kanazawa_266_310_168_25.png,6
kanazawa_266_310_242_136.png,3
kanazawa_266_310_247_155.png,3
kanazawa_266_310_174_165.png,3
kanazawa_266_310_42_245.png,6
kanazawa_266_310_37_90.png,6
kanazawa_266_310_63_229.png,6
kanazawa_266_310_209_241.png,3
kanazawa_266_310_229_158.png,3
kanazawa_266_310_58_202.png,5
kanazawa_266_310_214_149.png,3
kanazawa_266_310_101_44.png,6
kanazawa_266_310_220_41.png,3
kanazawa_266_310_53_290.png,6
kanazawa_266_310_31_138.png,3
kanazawa_266_310_158_231.png,3
kanazawa_266_310_173_50.png,5
kanazawa_266_310_35_77.png,6
kanazawa_266_310_253_202.png,3
kanazawa_266_310_196_246.png,3
kanazawa_266_310_152_92.png,1
kanazawa_266_310_195_202.png,3
kanazawa_266_310_41_271.png,6
kanazawa_266_310_199_45.png,5
kanazawa_266_310_221_192.png,3
kanazawa_266_310_39_262.png,6
kanazawa_266_310_242_187.png,3
kanazawa_266_310_229_187.png,3
kanazawa_266_310_228_105.png,3
kanazawa_266_310_181_227.png,3
kanazawa_266_310_42_99.png,6
kanazawa_266_310_152_56.png,3
kanazawa_266_310_209_252.png,3
kanazawa_266_310_117_208.png,5
kanazawa_266_310_220_169.png,3
kanazawa_266_310_76_169.png,3
kanazawa_266_310_196_120.png,3
kanazawa_266_310_35_182.png,3
kanazawa_266_310_47_280.png,6
kanazawa_266_310_41_59.png,6
kanazawa_266_310_239_201.png,3
kanazawa_266_310_245_211.png,3
kanazawa_266_310_66_234.png,6
kanazawa_266_310_134_263.png,5
kanazawa_266_310_218_173.png,3
kanazawa_266_310_218_213.png,3
kanazawa_266_310_194_260.png,3
kanazawa_266_310_223_174.png,3
kanazawa_266_310_81_46.png,6
kanazawa_266_310_146_143.png,3
kanazawa_266_310_102_126.png,3
kanazawa_266_310_54_101.png,6
kanazawa_266_310_204_223.png,3
kanazawa_266_310_8_89.png,6
kanazawa_266_310_207_202.png,3
kanazawa_266_310_233_232.png,3
kanazawa_266_310_73_227.png,1
kanazawa_266_310_44_254.png,6
kanazawa_266_310_199_151.png,3
kanazawa_266_310_70_115.png,6
kanazawa_266_310_244_215.png,3
kanazawa_266_310_225_92.png,3
kanazawa_266_310_195_165.png,3
kanazawa_266_310_153_261.png,3
kanazawa_266_310_187_264.png,3
kanazawa_266_310_16_86.png,6
kanazawa_266_310_234_131.png,3
kanazawa_266_310_46_286.png,6
kanazawa_266_310_141_175.png,5
kanazawa_266_310_57_256.png,6
kanazawa_266_310_117_77.png,6
kanazawa_266_310_159_190.png,3
kanazawa_266_310_30_66.png,6
kanazawa_266_310_188_16.png,6
kanazawa_266_310_87_68.png,6
kanazawa_266_310_137_192.png,5
kanazawa_266_310_104_159.png,3
kanazawa_266_310_119_86.png,3
kanazawa_266_310_133_275.png,5
kanazawa_266_310_182_119.png,3
kanazawa_266_310_195_147.png,3
kanazawa_266_310_28_183.png,3
kanazawa_266_310_193_137.png,3
kanazawa_266_310_222_154.png,3
kanazawa_266_310_205_178.png,3
kanazawa_266_310_221_126.png,3
kanazawa_266_310_172_28.png,6
kanazawa_266_310_103_73.png,6
kanazawa_266_310_221_37.png,3
kanazawa_266_310_55_71.png,6
kanazawa_266_310_160_166.png,5
kanazawa_266_310_214_250.png,3
kanazawa_266_310_71_164.png,3
kanazawa_266_310_73_239.png,6
kanazawa_266_310_212_255.png,3
kanazawa_266_310_219_95.png,3
kanazawa_266_310_228_177.png,3
kanazawa_266_310_161_52.png,3
kanazawa_266_310_217_17.png,5
kanazawa_266_310_55_210.png,6
kanazawa_266_310_216_120.png,3
kanazawa_266_310_178_121.png,3
kanazawa_266_310_16_95.png,6
kanazawa_266_310_64_135.png,5
kanazawa_266_310_147_56.png,6
kanazawa_266_310_81_231.png,5
kanazawa_266_310_65_245.png,6
kanazawa_266_310_144_150.png,3
kanazawa_266_310_74_184.png,3
kanazawa_266_310_115_226.png,3
kanazawa_266_310_15_64.png,6
kanazawa_266_310_187_121.png,3
kanazawa_266_310_156_165.png,5
kanazawa_266_310_126_69.png,6
kanazawa_266_310_193_172.png,3
kanazawa_266_310_58_106.png,6
kanazawa_266_310_245_208.png,3
kanazawa_266_310_199_223.png,3
kanazawa_266_310_108_110.png,5
kanazawa_266_310_203_113.png,3
kanazawa_266_310_165_131.png,3
kanazawa_266_310_187_93.png,3
kanazawa_266_310_103_153.png,3
kanazawa_266_310_112_253.png,5
kanazawa_266_310_120_248.png,5
kanazawa_266_310_159_144.png,3
kanazawa_266_310_199_197.png,3
kanazawa_266_310_168_33.png,6
kanazawa_266_310_205_202.png,3
kanazawa_266_310_242_242.png,3
kanazawa_266_310_88_222.png,1
kanazawa_266_310_58_119.png,6
kanazawa_266_310_56_299.png,6
kanazawa_266_310_27_115.png,6
kanazawa_266_310_204_158.png,3
kanazawa_266_310_52_61.png,6
kanazawa_266_310_137_103.png,1
kanazawa_266_310_86_215.png,1
kanazawa_266_310_58_95.png,6
kanazawa_266_310_63_167.png,3
kanazawa_266_310_163_72.png,5
kanazawa_266_310_157_21.png,6
kanazawa_266_310_142_44.png,6
kanazawa_266_310_228_196.png,3
kanazawa_266_310_14_98.png,6
kanazawa_266_310_189_246.png,3
kanazawa_266_310_203_184.png,3
kanazawa_266_310_171_210.png,3
kanazawa_266_310_173_62.png,5
kanazawa_266_310_36_98.png,6
kanazawa_266_310_87_287.png,1
kanazawa_266_310_58_209.png,4
kanazawa_266_310_196_214.png,3
kanazawa_266_310_178_46.png,5
kanazawa_266_310_71_230.png,6
kanazawa_266_310_117_94.png,3
kanazawa_266_310_243_229.png,3
kanazawa_266_310_191_199.png,3
kanazawa_266_310_203_94.png,3
kanazawa_266_310_143_114.png,3
kanazawa_266_310_69_271.png,6
kanazawa_266_310_219_203.png,3
kanazawa_266_310_156_55.png,3
kanazawa_266_310_76_241.png,3
kanazawa_266_310_17_120.png,6
kanazawa_266_310_11_117.png,6
kanazawa_266_310_98_246.png,1
kanazawa_266_310_218_179.png,3
kanazawa_266_310_45_218.png,6
kanazawa_266_310_108_190.png,5
kanazawa_266_310_40_213.png,3
kanazawa_266_310_126_229.png,3
kanazawa_266_310_112_216.png,5
kanazawa_266_310_211_19.png,5
kanazawa_266_310_91_203.png,1
kanazawa_266_310_137_205.png,5
kanazawa_266_310_228_233.png,3
kanazawa_266_310_140_61.png,6
kanazawa_266_310_101_138.png,3
kanazawa_266_310_196_220.png,3
kanazawa_266_310_220_174.png,3
kanazawa_266_310_178_156.png,3
kanazawa_266_310_195_242.png,3
kanazawa_266_310_234_137.png,6
kanazawa_266_310_247_153.png,3
kanazawa_266_310_66_69.png,6
kanazawa_266_310_65_180.png,3
kanazawa_266_310_43_80.png,6
kanazawa_266_310_88_118.png,1
kanazawa_266_310_45_223.png,6
kanazawa_266_310_227_65.png,3
kanazawa_266_310_252_234.png,3
kanazawa_266_310_132_83.png,1
kanazawa_266_310_171_237.png,3
kanazawa_266_310_220_31.png,3
kanazawa_266_310_130_216.png,3
kanazawa_266_310_88_264.png,5
kanazawa_266_310_50_277.png,6
kanazawa_266_310_166_130.png,3
kanazawa_266_310_119_201.png,5
kanazawa_266_310_214_181.png,3
kanazawa_266_310_156_93.png,1
kanazawa_266_310_52_223.png,6
kanazawa_266_310_74_69.png,6
kanazawa_266_310_156_22.png,6
kanazawa_266_310_157_221.png,3
kanazawa_266_310_214_195.png,3
kanazawa_266_310_111_95.png,3
kanazawa_266_310_45_246.png,6
kanazawa_266_310_194_202.png,3
kanazawa_266_310_168_95.png,3
kanazawa_266_310_124_88.png,5
kanazawa_266_310_185_182.png,3
kanazawa_266_310_220_42.png,3
kanazawa_266_310_198_17.png,3
kanazawa_266_310_213_96.png,3
kanazawa_266_310_195_129.png,3
kanazawa_266_310_221_105.png,3
kanazawa_266_310_83_82.png,6
kanazawa_266_310_163_106.png,3
kanazawa_266_310_127_37.png,6
kanazawa_266_310_178_113.png,3
kanazawa_266_310_102_103.png,3
kanazawa_266_310_180_95.png,3
kanazawa_266_310_179_148.png,3
kanazawa_266_310_104_185.png,5
kanazawa_266_310_155_270.png,3
kanazawa_266_310_3_71.png,6
kanazawa_266_310_90_130.png,3
kanazawa_266_310_201_152.png,3
kanazawa_266_310_169_208.png,3
kanazawa_266_310_221_233.png,3
kanazawa_266_310_157_198.png,3
kanazawa_266_310_190_239.png,3
kanazawa_266_310_237_218.png,3
kanazawa_266_310_90_216.png,1
kanazawa_266_310_37_136.png,3
kanazawa_266_310_203_246.png,3
kanazawa_266_310_208_226.png,3
kanazawa_266_310_80_255.png,3
kanazawa_266_310_93_224.png,1
kanazawa_266_310_187_169.png,3
kanazawa_266_310_188_101.png,3
kanazawa_266_310_93_162.png,3
kanazawa_266_310_62_268.png,6
kanazawa_266_310_102_132.png,5
kanazawa_266_310_160_253.png,3
kanazawa_266_310_143_27.png,6
kanazawa_266_310_13_82.png,6
kanazawa_266_310_189_241.png,3
kanazawa_266_310_188_24.png,6
kanazawa_266_310_82_59.png,6
kanazawa_266_310_109_152.png,5
kanazawa_266_310_177_206.png,3
kanazawa_266_310_84_74.png,6
kanazawa_266_310_198_125.png,3
kanazawa_266_310_189_178.png,3
kanazawa_266_310_171_259.png,3
kanazawa_266_310_117_61.png,6
kanazawa_266_310_83_92.png,6
kanazawa_266_310_68_203.png,3
kanazawa_266_310_204_173.png,3
kanazawa_266_310_90_92.png,6
kanazawa_266_310_162_77.png,5
kanazawa_266_310_30_130.png,6
kanazawa_266_310_62_299.png,6
kanazawa_266_310_204_133.png,3
kanazawa_266_310_192_261.png,3
kanazawa_266_310_230_248.png,3
kanazawa_266_310_214_78.png,3
kanazawa_266_310_92_83.png,6
kanazawa_266_310_128_71.png,3
kanazawa_266_310_161_269.png,3
kanazawa_266_310_163_60.png,5
kanazawa_266_310_33_145.png,5
kanazawa_266_310_91_41.png,6
kanazawa_266_310_202_133.png,3
kanazawa_266_310_127_61.png,6
kanazawa_266_310_71_170.png,3
kanazawa_266_310_203_199.png,3
kanazawa_266_310_176_26.png,6
kanazawa_266_310_207_196.png,3
kanazawa_266_310_15_87.png,6
kanazawa_266_310_55_139.png,5
kanazawa_266_310_243_212.png,3
kanazawa_266_310_199_113.png,3
kanazawa_266_310_170_214.png,3
kanazawa_266_310_127_30.png,6
kanazawa_266_310_77_48.png,6
kanazawa_266_310_27_201.png,3
kanazawa_266_310_19_93.png,6
kanazawa_266_310_225_66.png,3
kanazawa_266_310_144_162.png,3
kanazawa_266_310_171_55.png,5
kanazawa_266_310_96_146.png,3
kanazawa_266_310_177_253.png,3
kanazawa_266_310_77_150.png,3
kanazawa_266_310_151_90.png,1
kanazawa_266_310_217_197.png,3
kanazawa_266_310_198_145.png,3
kanazawa_266_310_32_108.png,6
kanazawa_266_310_126_48.png,6
kanazawa_266_310_84_71.png,6
kanazawa_266_310_65_293.png,6
kanazawa_266_310_202_172.png,3
kanazawa_266_310_185_152.png,3
kanazawa_266_310_145_34.png,6
kanazawa_266_310_92_68.png,6
kanazawa_266_310_127_113.png,5
kanazawa_266_310_216_200.png,3
kanazawa_266_310_37_117.png,6
kanazawa_266_310_162_211.png,3
kanazawa_266_310_59_103.png,6
kanazawa_266_310_179_174.png,3
kanazawa_266_310_228_236.png,3
kanazawa_266_310_77_180.png,3
kanazawa_266_310_175_39.png,3
kanazawa_266_310_104_186.png,5
kanazawa_266_310_193_243.png,3
kanazawa_266_310_123_196.png,1
kanazawa_266_310_67_287.png,6
kanazawa_266_310_134_62.png,6
kanazawa_266_310_97_71.png,6
kanazawa_266_310_155_243.png,3
kanazawa_266_310_17_123.png,6
kanazawa_266_310_115_270.png,1
kanazawa_266_310_232_175.png,3
kanazawa_266_310_201_182.png,3
kanazawa_266_310_208_55.png,3
kanazawa_266_310_125_85.png,6
kanazawa_266_310_110_125.png,1
kanazawa_266_310_181_14.png,6
kanazawa_266_310_101_140.png,3
kanazawa_266_310_249_170.png,3
kanazawa_266_310_52_51.png,6
kanazawa_266_310_142_48.png,6
kanazawa_266_310_59_182.png,3
kanazawa_266_310_83_263.png,6
kanazawa_266_310_48_93.png,6
kanazawa_266_310_232_156.png,3
kanazawa_266_310_55_207.png,3
kanazawa_266_310_180_74.png,5
kanazawa_266_310_24_171.png,5
kanazawa_266_310_213_248.png,3
kanazawa_266_310_84_102.png,6
kanazawa_266_310_13_84.png,6
kanazawa_266_310_180_113.png,3
kanazawa_266_310_179_16.png,6
kanazawa_266_310_102_216.png,5
kanazawa_266_310_166_230.png,3
kanazawa_266_310_169_210.png,3
kanazawa_266_310_89_84.png,6
kanazawa_266_310_188_130.png,3
kanazawa_266_310_69_70.png,6
kanazawa_266_310_163_193.png,3
kanazawa_266_310_51_304.png,6
kanazawa_266_310_32_186.png,3
kanazawa_266_310_181_238.png,3
kanazawa_266_310_213_250.png,3
kanazawa_266_310_46_91.png,6
kanazawa_266_310_27_189.png,3
kanazawa_266_310_101_270.png,1
kanazawa_266_310_56_79.png,6
kanazawa_266_310_98_93.png,6
kanazawa_266_310_212_42.png,3
kanazawa_266_310_168_264.png,3
kanazawa_266_310_159_100.png,3
kanazawa_266_310_137_118.png,3
kanazawa_266_310_144_60.png,6
kanazawa_266_310_42_141.png,1
kanazawa_266_310_197_160.png,3
kanazawa_266_310_171_74.png,5
kanazawa_266_310_172_255.png,3
kanazawa_266_310_107_198.png,5
kanazawa_266_310_191_226.png,3
kanazawa_266_310_182_42.png,5
kanazawa_266_310_174_102.png,3
kanazawa_266_310_119_168.png,5
kanazawa_266_310_37_70.png,6
kanazawa_266_310_145_156.png,3
kanazawa_266_310_72_197.png,3
kanazawa_266_310_141_35.png,6
kanazawa_266_310_16_120.png,6
kanazawa_266_310_161_67.png,5
kanazawa_266_310_76_98.png,6
kanazawa_266_310_152_49.png,6
kanazawa_266_310_93_99.png,6
kanazawa_266_310_85_131.png,3
kanazawa_266_310_242_135.png,3
kanazawa_266_310_204_144.png,3
kanazawa_266_310_224_180.png,3
kanazawa_266_310_54_211.png,6
kanazawa_266_310_59_242.png,6
kanazawa_266_310_82_99.png,6
kanazawa_266_310_136_197.png,5
kanazawa_266_310_28_168.png,5
kanazawa_266_310_64_231.png,6
kanazawa_266_310_108_121.png,5
kanazawa_266_310_110_146.png,3
kanazawa_266_310_233_155.png,3
kanazawa_266_310_253_215.png,3
kanazawa_266_310_247_237.png,3
kanazawa_266_310_99_201.png,5
kanazawa_266_310_131_92.png,1
kanazawa_266_310_193_136.png,3
kanazawa_266_310_102_41.png,6
kanazawa_266_310_132_66.png,6
kanazawa_266_310_208_225.png,3
kanazawa_266_310_59_256.png,6
kanazawa_266_310_164_88.png,1
kanazawa_266_310_109_204.png,5
kanazawa_266_310_70_123.png,3
kanazawa_266_310_151_166.png,5
kanazawa_266_310_50_76.png,6
kanazawa_266_310_114_92.png,3
kanazawa_266_310_45_278.png,6
kanazawa_266_310_85_77.png,6
kanazawa_266_310_134_181.png,5
kanazawa_266_310_227_221.png,3
kanazawa_266_310_244_238.png,3
kanazawa_266_310_31_97.png,6
kanazawa_266_310_44_109.png,6
kanazawa_266_310_62_119.png,6
kanazawa_266_310_76_127.png,3
kanazawa_266_310_187_55.png,5
kanazawa_266_310_79_267.png,6
kanazawa_266_310_219_97.png,5
kanazawa_266_310_235_92.png,3
kanazawa_266_310_164_210.png,3
kanazawa_266_310_98_108.png,3
kanazawa_266_310_168_63.png,5
kanazawa_266_310_165_199.png,3
kanazawa_266_310_190_127.png,3
kanazawa_266_310_155_32.png,6
kanazawa_266_310_236_208.png,3
kanazawa_266_310_146_172.png,1
kanazawa_266_310_245_177.png,3
kanazawa_266_310_228_108.png,3
kanazawa_266_310_195_141.png,3
kanazawa_266_310_53_301.png,6
kanazawa_266_310_160_157.png,3
kanazawa_266_310_76_156.png,3
kanazawa_266_310_218_117.png,3
kanazawa_266_310_125_173.png,5
kanazawa_266_310_19_85.png,6
kanazawa_266_310_72_291.png,6
kanazawa_266_310_225_235.png,3
kanazawa_266_310_69_284.png,6
kanazawa_266_310_182_215.png,3
kanazawa_266_310_63_209.png,5
kanazawa_266_310_59_272.png,6
kanazawa_266_310_195_155.png,3
kanazawa_266_310_86_195.png,5
kanazawa_266_310_109_76.png,6
kanazawa_266_310_103_243.png,5
kanazawa_266_310_113_146.png,3
kanazawa_266_310_203_206.png,3
kanazawa_266_310_255_229.png,3
kanazawa_266_310_47_208.png,6
kanazawa_266_310_175_248.png,3
kanazawa_266_310_183_185.png,3
kanazawa_266_310_122_165.png,5
kanazawa_266_310_179_177.png,3
kanazawa_266_310_206_151.png,3
kanazawa_266_310_104_49.png,6
kanazawa_266_310_60_181.png,3
kanazawa_266_310_241_141.png,3
kanazawa_266_310_104_266.png,5
kanazawa_266_310_185_218.png,3
kanazawa_266_310_223_148.png,3
kanazawa_266_310_9_98.png,6
kanazawa_266_310_20_109.png,6
kanazawa_266_310_212_254.png,3
kanazawa_266_310_47_250.png,6
kanazawa_266_310_244_166.png,3
kanazawa_266_310_230_188.png,3
kanazawa_266_310_29_159.png,5
kanazawa_266_310_54_116.png,6
kanazawa_266_310_147_228.png,3
kanazawa_266_310_194_204.png,3
kanazawa_266_310_187_250.png,3
kanazawa_266_310_120_56.png,6
kanazawa_266_310_24_121.png,6
kanazawa_266_310_142_199.png,5
kanazawa_266_310_105_159.png,3
kanazawa_266_310_101_78.png,6
kanazawa_266_310_176_125.png,3
kanazawa_266_310_150_46.png,6
kanazawa_266_310_129_106.png,5
kanazawa_266_310_44_292.png,6
kanazawa_266_310_143_75.png,1
kanazawa_266_310_128_241.png,3
kanazawa_266_310_131_162.png,3
kanazawa_266_310_213_215.png,3
kanazawa_266_310_153_53.png,6
kanazawa_266_310_55_61.png,6
kanazawa_266_310_62_281.png,6
kanazawa_266_310_192_38.png,1
kanazawa_266_310_92_86.png,6
kanazawa_266_310_180_103.png,3
kanazawa_266_310_43_67.png,6
kanazawa_266_310_56_67.png,6
kanazawa_266_310_106_110.png,5
kanazawa_266_310_79_66.png,6
kanazawa_266_310_165_100.png,3
kanazawa_266_310_104_209.png,5
kanazawa_266_310_203_122.png,3
kanazawa_266_310_190_125.png,3
kanazawa_266_310_56_107.png,6
kanazawa_266_310_194_150.png,3
kanazawa_266_310_231_68.png,3
kanazawa_266_310_193_245.png,3
kanazawa_266_310_172_167.png,3
kanazawa_266_310_67_103.png,6
kanazawa_266_310_51_52.png,6
kanazawa_266_310_102_58.png,6
kanazawa_266_310_189_124.png,3
kanazawa_266_310_35_226.png,6
kanazawa_266_310_174_166.png,3
kanazawa_266_310_164_203.png,3
kanazawa_266_310_140_184.png,5
kanazawa_266_310_243_240.png,3
kanazawa_266_310_137_92.png,1
kanazawa_266_310_143_58.png,6
kanazawa_266_310_60_86.png,6
kanazawa_266_310_256_228.png,3
kanazawa_266_310_158_258.png,3
kanazawa_266_310_80_292.png,1
kanazawa_266_310_178_54.png,1
kanazawa_266_310_145_166.png,5
kanazawa_266_310_164_150.png,3
kanazawa_266_310_56_246.png,6
kanazawa_266_310_144_49.png,6
kanazawa_266_310_236_115.png,3
kanazawa_266_310_71_255.png,6
kanazawa_266_310_78_233.png,1
kanazawa_266_310_81_63.png,6
kanazawa_266_310_157_109.png,5
kanazawa_266_310_57_242.png,6
kanazawa_266_310_182_186.png,3
kanazawa_266_310_188_41.png,5
kanazawa_266_310_76_108.png,6
kanazawa_266_310_236_248.png,3
kanazawa_266_310_190_104.png,3
kanazawa_266_310_165_32.png,6
kanazawa_266_310_140_60.png,6
kanazawa_266_310_245_155.png,3
kanazawa_266_310_52_265.png,6
kanazawa_266_310_114_211.png,1
kanazawa_266_310_223_175.png,3
kanazawa_266_310_226_234.png,3
kanazawa_266_310_32_149.png,5
kanazawa_266_310_91_282.png,1
kanazawa_266_310_58_237.png,6
kanazawa_266_310_149_165.png,5
kanazawa_266_310_187_50.png,1
kanazawa_266_310_50_263.png,6
kanazawa_266_310_55_250.png,6
kanazawa_266_310_63_256.png,6
kanazawa_266_310_196_173.png,3
kanazawa_266_310_98_225.png,5
kanazawa_266_310_89_77.png,6
kanazawa_266_310_221_134.png,3
kanazawa_266_310_242_201.png,3
kanazawa_266_310_225_202.png,3
kanazawa_266_310_5_79.png,6
kanazawa_266_310_180_100.png,3
kanazawa_266_310_185_101.png,3
kanazawa_266_310_33_90.png,6
kanazawa_266_310_128_247.png,5
kanazawa_266_310_59_248.png,6
kanazawa_266_310_80_234.png,1
kanazawa_266_310_172_265.png,3
kanazawa_266_310_227_237.png,3
kanazawa_266_310_32_150.png,5
kanazawa_266_310_12_70.png,6
kanazawa_266_310_175_96.png,3
kanazawa_266_310_198_138.png,3
kanazawa_266_310_168_79.png,5
kanazawa_266_310_156_220.png,3
kanazawa_266_310_39_257.png,6
kanazawa_266_310_200_108.png,3
kanazawa_266_310_166_132.png,3
kanazawa_266_310_218_249.png,3
kanazawa_266_310_228_157.png,3
kanazawa_266_310_257_229.png,3
kanazawa_266_310_74_165.png,3
kanazawa_266_310_148_191.png,5
kanazawa_266_310_118_256.png,5
kanazawa_266_310_68_248.png,6
kanazawa_266_310_92_228.png,1
kanazawa_266_310_207_155.png,3
kanazawa_266_310_146_32.png,6
kanazawa_266_310_24_77.png,6
kanazawa_266_310_178_176.png,3
kanazawa_266_310_52_263.png,6
kanazawa_266_310_85_217.png,1
kanazawa_266_310_66_256.png,6
kanazawa_266_310_105_97.png,6
kanazawa_266_310_60_88.png,6
kanazawa_266_310_179_238.png,3
kanazawa_266_310_103_201.png,5
kanazawa_266_310_82_158.png,3
kanazawa_266_310_129_249.png,5
kanazawa_266_310_154_204.png,3
kanazawa_266_310_222_252.png,3
kanazawa_266_310_221_143.png,3
kanazawa_266_310_179_53.png,5
kanazawa_266_310_82_238.png,1
kanazawa_266_310_32_79.png,6
kanazawa_266_310_85_235.png,1
kanazawa_266_310_177_240.png,3
kanazawa_266_310_101_102.png,6
kanazawa_266_310_79_88.png,6
kanazawa_266_310_44_158.png,3
kanazawa_266_310_172_241.png,3
kanazawa_266_310_99_191.png,5
kanazawa_266_310_154_43.png,6
kanazawa_266_310_124_175.png,5
kanazawa_266_310_164_61.png,5
kanazawa_266_310_111_37.png,6
kanazawa_266_310_144_175.png,5
kanazawa_266_310_164_227.png,3
kanazawa_266_310_163_210.png,3
kanazawa_266_310_235_156.png,3
kanazawa_266_310_156_52.png,6
kanazawa_266_310_60_299.png,6
kanazawa_266_310_55_74.png,6
kanazawa_266_310_148_124.png,3
kanazawa_266_310_26_110.png,6
kanazawa_266_310_153_111.png,1
kanazawa_266_310_171_73.png,5
kanazawa_266_310_29_198.png,3
kanazawa_266_310_217_196.png,3
kanazawa_266_310_53_111.png,6
kanazawa_266_310_233_118.png,3
kanazawa_266_310_255_242.png,3
kanazawa_266_310_37_108.png,6
kanazawa_266_310_169_65.png,5
kanazawa_266_310_17_134.png,3
kanazawa_266_310_104_269.png,1
kanazawa_266_310_117_281.png,1
kanazawa_266_310_176_70.png,5
kanazawa_266_310_62_243.png,6
kanazawa_266_310_116_95.png,3
kanazawa_266_310_182_136.png,3
kanazawa_266_310_76_95.png,6
kanazawa_266_310_175_264.png,3
kanazawa_266_310_124_95.png,1
kanazawa_266_310_239_155.png,3
kanazawa_266_310_142_230.png,3
kanazawa_266_310_139_60.png,6
kanazawa_266_310_101_238.png,1
kanazawa_266_310_179_104.png,3
kanazawa_266_310_106_87.png,6
kanazawa_266_310_148_65.png,3
kanazawa_266_310_118_87.png,3
kanazawa_266_310_232_233.png,3
kanazawa_266_310_81_153.png,3
kanazawa_266_310_194_177.png,3
kanazawa_266_310_142_39.png,6
kanazawa_266_310_53_207.png,6
kanazawa_266_310_202_86.png,5
kanazawa_266_310_7_83.png,6
kanazawa_266_310_100_69.png,6
kanazawa_266_310_50_269.png,6
kanazawa_266_310_186_122.png,3
kanazawa_266_310_23_80.png,6
kanazawa_266_310_143_277.png,5
kanazawa_266_310_203_166.png,3
kanazawa_266_310_14_84.png,6
kanazawa_266_310_33_108.png,6
kanazawa_266_310_132_71.png,6
kanazawa_266_310_184_32.png,3
kanazawa_266_310_179_138.png,3
kanazawa_266_310_131_201.png,5
kanazawa_266_310_232_207.png,3
kanazawa_266_310_80_184.png,3
kanazawa_266_310_163_187.png,3
kanazawa_266_310_70_117.png,6
kanazawa_266_310_65_211.png,5
kanazawa_266_310_196_218.png,3
kanazawa_266_310_183_175.png,3
kanazawa_266_310_120_89.png,3
kanazawa_266_310_37_197.png,3
kanazawa_266_310_151_183.png,5
kanazawa_266_310_90_98.png,6
kanazawa_266_310_158_154.png,3
kanazawa_266_310_91_265.png,5
kanazawa_266_310_88_262.png,5
kanazawa_266_310_239_117.png,3
kanazawa_266_310_145_45.png,6
kanazawa_266_310_190_111.png,3
kanazawa_266_310_67_55.png,6
kanazawa_266_310_56_61.png,6
kanazawa_266_310_179_151.png,3
kanazawa_266_310_110_38.png,6
kanazawa_266_310_187_173.png,3
kanazawa_266_310_56_84.png,6
kanazawa_266_310_41_215.png,6
kanazawa_266_310_69_286.png,6
kanazawa_266_310_106_281.png,1
kanazawa_266_310_119_95.png,5
kanazawa_266_310_116_175.png,5
kanazawa_266_310_103_83.png,6
kanazawa_266_310_89_215.png,1
kanazawa_266_310_233_87.png,3
kanazawa_266_310_176_209.png,3
kanazawa_266_310_72_263.png,6
kanazawa_266_310_97_91.png,6
kanazawa_266_310_152_252.png,3
kanazawa_266_310_129_219.png,3
kanazawa_266_310_117_224.png,3
kanazawa_266_310_85_222.png,1
kanazawa_266_310_139_162.png,3
kanazawa_266_310_179_260.png,3
kanazawa_266_310_229_248.png,3
kanazawa_266_310_82_103.png,6
kanazawa_266_310_174_40.png,3
kanazawa_266_310_142_40.png,6
kanazawa_266_310_94_44.png,6
kanazawa_266_310_198_129.png,3
kanazawa_266_310_96_118.png,1
kanazawa_266_310_136_64.png,6
kanazawa_266_310_164_241.png,3
kanazawa_266_310_216_12.png,2
kanazawa_266_310_113_73.png,6
kanazawa_266_310_35_168.png,3
kanazawa_266_310_243_191.png,3
kanazawa_266_310_108_203.png,1
kanazawa_266_310_162_230.png,3
kanazawa_266_310_161_142.png,3
kanazawa_266_310_15_134.png,3
kanazawa_266_310_99_220.png,5
kanazawa_266_310_102_267.png,1
kanazawa_266_310_183_30.png,6
kanazawa_266_310_206_198.png,3
kanazawa_266_310_80_188.png,3
kanazawa_266_310_237_144.png,3
kanazawa_266_310_102_130.png,3
kanazawa_266_310_160_53.png,3
kanazawa_266_310_231_154.png,3
kanazawa_266_310_180_177.png,3
kanazawa_266_310_109_281.png,1
kanazawa_266_310_180_77.png,5
kanazawa_266_310_21_122.png,6
kanazawa_266_310_178_114.png,3
kanazawa_266_310_139_98.png,1
kanazawa_266_310_200_250.png,3
kanazawa_266_310_95_159.png,3
kanazawa_266_310_68_144.png,3
kanazawa_266_310_72_290.png,6
kanazawa_266_310_129_38.png,6
kanazawa_266_310_171_254.png,3
kanazawa_266_310_48_66.png,6
kanazawa_266_310_62_245.png,6
kanazawa_266_310_102_198.png,5
kanazawa_266_310_210_148.png,3
kanazawa_266_310_210_78.png,3
kanazawa_266_310_114_285.png,5
kanazawa_266_310_110_51.png,6
kanazawa_266_310_151_185.png,5
kanazawa_266_310_49_291.png,6
kanazawa_266_310_183_228.png,3
kanazawa_266_310_227_188.png,3
kanazawa_266_310_54_293.png,6
kanazawa_266_310_32_221.png,3
kanazawa_266_310_177_132.png,3
kanazawa_266_310_88_133.png,3
kanazawa_266_310_190_105.png,3
kanazawa_266_310_61_123.png,6
kanazawa_266_310_170_142.png,3
kanazawa_266_310_21_102.png,6
kanazawa_266_310_186_101.png,3
kanazawa_266_310_180_41.png,1
kanazawa_266_310_142_58.png,6
kanazawa_266_310_75_194.png,3
kanazawa_266_310_46_68.png,6
kanazawa_266_310_155_47.png,6
kanazawa_266_310_250_204.png,3
kanazawa_266_310_148_39.png,6
kanazawa_266_310_43_60.png,6
kanazawa_266_310_129_123.png,3
kanazawa_266_310_72_72.png,6
kanazawa_266_310_177_130.png,3
kanazawa_266_310_50_133.png,3
kanazawa_266_310_49_279.png,6
kanazawa_266_310_185_247.png,3
kanazawa_266_310_10_96.png,6
kanazawa_266_310_223_131.png,3
kanazawa_266_310_54_292.png,6
kanazawa_266_310_234_165.png,3
kanazawa_266_310_191_234.png,3
kanazawa_266_310_26_91.png,6
kanazawa_266_310_76_250.png,6
kanazawa_266_310_253_243.png,3
kanazawa_266_310_45_75.png,6
kanazawa_266_310_49_132.png,3
kanazawa_266_310_70_159.png,3
kanazawa_266_310_214_133.png,3
kanazawa_266_310_96_121.png,5
kanazawa_266_310_192_49.png,5
kanazawa_266_310_38_106.png,6
kanazawa_266_310_34_128.png,6
kanazawa_266_310_75_224.png,1
kanazawa_266_310_117_225.png,3
kanazawa_266_310_248_191.png,3
kanazawa_266_310_104_286.png,1
kanazawa_266_310_227_203.png,3
kanazawa_266_310_97_219.png,5
kanazawa_266_310_116_49.png,6
kanazawa_266_310_60_294.png,6
kanazawa_266_310_158_27.png,6
kanazawa_266_310_54_257.png,6
kanazawa_266_310_219_245.png,3
kanazawa_266_310_73_220.png,3
kanazawa_266_310_185_254.png,3
kanazawa_266_310_184_98.png,3
kanazawa_266_310_75_251.png,6
kanazawa_266_310_168_41.png,6
kanazawa_266_310_40_99.png,6
kanazawa_266_310_193_257.png,3
kanazawa_266_310_61_283.png,6
kanazawa_266_310_239_207.png,3
kanazawa_266_310_201_244.png,3
kanazawa_266_310_186_252.png,6
kanazawa_266_310_44_174.png,3
kanazawa_266_310_14_77.png,6
kanazawa_266_310_237_249.png,3
kanazawa_266_310_219_155.png,3
kanazawa_266_310_216_68.png,3
kanazawa_266_310_243_142.png,3
kanazawa_266_310_154_36.png,6
kanazawa_266_310_192_208.png,3
kanazawa_266_310_106_262.png,1
kanazawa_266_310_200_31.png,5
kanazawa_266_310_182_187.png,3
kanazawa_266_310_140_99.png,1
kanazawa_266_310_142_105.png,1
kanazawa_266_310_236_201.png,3
kanazawa_266_310_49_274.png,6
kanazawa_266_310_19_70.png,6
kanazawa_266_310_88_135.png,3
kanazawa_266_310_111_148.png,5
kanazawa_266_310_159_61.png,5
kanazawa_266_310_76_57.png,6
kanazawa_266_310_125_277.png,5
kanazawa_266_310_117_242.png,3
kanazawa_266_310_155_191.png,3
kanazawa_266_310_164_132.png,3
kanazawa_266_310_129_159.png,3
kanazawa_266_310_242_139.png,3
kanazawa_266_310_55_115.png,6
kanazawa_266_310_196_107.png,3
kanazawa_266_310_226_114.png,3
kanazawa_266_310_129_271.png,5
kanazawa_266_310_193_180.png,3
kanazawa_266_310_201_179.png,3
kanazawa_266_310_174_227.png,3
kanazawa_266_310_59_273.png,6
kanazawa_266_310_181_212.png,3
kanazawa_266_310_46_111.png,6
kanazawa_266_310_193_22.png,3
kanazawa_266_310_112_160.png,3
kanazawa_266_310_135_79.png,6
kanazawa_266_310_124_48.png,6
kanazawa_266_310_168_60.png,5
kanazawa_266_310_135_265.png,5
kanazawa_266_310_61_264.png,6
kanazawa_266_310_168_74.png,5
kanazawa_266_310_67_83.png,6
kanazawa_266_310_222_230.png,3
kanazawa_266_310_203_233.png,3
kanazawa_266_310_212_240.png,3
kanazawa_266_310_201_231.png,3
kanazawa_266_310_55_171.png,3
kanazawa_266_310_159_104.png,3
kanazawa_266_310_226_123.png,3
kanazawa_266_310_191_163.png,3
kanazawa_266_310_135_263.png,5
kanazawa_266_310_88_74.png,6
kanazawa_266_310_211_228.png,3
kanazawa_266_310_37_203.png,3
kanazawa_266_310_65_241.png,6
kanazawa_266_310_97_138.png,3
kanazawa_266_310_77_268.png,6
kanazawa_266_310_63_275.png,6
kanazawa_266_310_181_171.png,3
kanazawa_266_310_189_53.png,5
kanazawa_266_310_199_11.png,6
kanazawa_266_310_87_113.png,3
kanazawa_266_310_33_223.png,6
kanazawa_266_310_129_217.png,3
kanazawa_266_310_195_225.png,3
kanazawa_266_310_80_57.png,6
kanazawa_266_310_210_155.png,3
kanazawa_266_310_142_97.png,1
kanazawa_266_310_225_153.png,3
kanazawa_266_310_199_183.png,3
kanazawa_266_310_207_120.png,3
kanazawa_266_310_66_246.png,6
kanazawa_266_310_115_46.png,6
kanazawa_266_310_238_157.png,3
kanazawa_266_310_197_143.png,3
kanazawa_266_310_43_236.png,6
kanazawa_266_310_106_179.png,5
kanazawa_266_310_147_171.png,1
kanazawa_266_310_180_16.png,6
kanazawa_266_310_230_164.png,3
kanazawa_266_310_160_227.png,3
kanazawa_266_310_145_177.png,5
kanazawa_266_310_94_88.png,6
kanazawa_266_310_55_265.png,6
kanazawa_266_310_167_62.png,1
kanazawa_266_310_122_261.png,5
kanazawa_266_310_69_112.png,6
kanazawa_266_310_180_224.png,3
kanazawa_266_310_68_88.png,6
kanazawa_266_310_215_71.png,3
kanazawa_266_310_225_150.png,3
kanazawa_266_310_222_238.png,3
kanazawa_266_310_80_274.png,3
kanazawa_266_310_151_29.png,6
kanazawa_266_310_83_42.png,6
kanazawa_266_310_21_73.png,6
kanazawa_266_310_64_103.png,6
kanazawa_266_310_112_184.png,5
kanazawa_266_310_260_236.png,3
kanazawa_266_310_95_264.png,5
kanazawa_266_310_141_99.png,1
kanazawa_266_310_93_250.png,5
kanazawa_266_310_111_75.png,6
kanazawa_266_310_228_142.png,3
kanazawa_266_310_231_87.png,3
kanazawa_266_310_241_232.png,3
kanazawa_266_310_166_52.png,5
kanazawa_266_310_58_300.png,6
kanazawa_266_310_92_225.png,1
kanazawa_266_310_47_100.png,6
kanazawa_266_310_147_65.png,3
kanazawa_266_310_169_25.png,6
kanazawa_266_310_125_260.png,5
kanazawa_266_310_63_291.png,6
kanazawa_266_310_203_124.png,3
kanazawa_266_310_131_107.png,1
kanazawa_266_310_54_274.png,6
kanazawa_266_310_55_219.png,6
kanazawa_266_310_26_171.png,5
kanazawa_266_310_92_58.png,6
kanazawa_266_310_73_171.png,3
kanazawa_266_310_141_151.png,3
kanazawa_266_310_169_152.png,3
kanazawa_266_310_227_197.png,3
kanazawa_266_310_181_236.png,3
kanazawa_266_310_131_271.png,5
kanazawa_266_310_87_92.png,6
kanazawa_266_310_67_115.png,6
kanazawa_266_310_224_230.png,3
kanazawa_266_310_210_176.png,3
kanazawa_266_310_223_220.png,6
kanazawa_266_310_160_88.png,1
kanazawa_266_310_223_216.png,3
kanazawa_266_310_133_30.png,6
kanazawa_266_310_74_235.png,3
kanazawa_266_310_90_59.png,6
kanazawa_266_310_117_193.png,5
kanazawa_266_310_37_240.png,6
kanazawa_266_310_194_206.png,3
kanazawa_266_310_79_266.png,3
kanazawa_266_310_122_146.png,3
kanazawa_266_310_49_120.png,6
kanazawa_266_310_229_216.png,3
kanazawa_266_310_209_121.png,3
kanazawa_266_310_193_13.png,6
kanazawa_266_310_157_144.png,3
kanazawa_266_310_234_158.png,3
kanazawa_266_310_78_297.png,6
kanazawa_266_310_70_86.png,6
kanazawa_266_310_37_56.png,6
kanazawa_266_310_162_254.png,3
kanazawa_266_310_173_256.png,3
kanazawa_266_310_182_118.png,3
kanazawa_266_310_215_114.png,3
kanazawa_266_310_58_279.png,6
kanazawa_266_310_196_143.png,3
kanazawa_266_310_40_125.png,6
kanazawa_266_310_26_119.png,6
kanazawa_266_310_198_250.png,3
kanazawa_266_310_242_195.png,3
kanazawa_266_310_95_195.png,1
kanazawa_266_310_214_110.png,3
kanazawa_266_310_201_228.png,3
kanazawa_266_310_124_194.png,1
kanazawa_266_310_57_153.png,3
kanazawa_266_310_57_96.png,6
kanazawa_266_310_96_258.png,5
kanazawa_266_310_239_200.png,3
kanazawa_266_310_69_147.png,3
kanazawa_266_310_184_218.png,3
kanazawa_266_310_230_200.png,3
kanazawa_266_310_35_224.png,6
kanazawa_266_310_235_137.png,3
kanazawa_266_310_214_108.png,3
kanazawa_266_310_152_109.png,1
kanazawa_266_310_87_256.png,5
kanazawa_266_310_190_178.png,3
kanazawa_266_310_146_108.png,1
kanazawa_266_310_112_183.png,5
kanazawa_266_310_192_172.png,3
kanazawa_266_310_221_187.png,3
kanazawa_266_310_44_60.png,6
kanazawa_266_310_98_74.png,6
kanazawa_266_310_153_117.png,3
kanazawa_266_310_106_162.png,3
kanazawa_266_310_56_278.png,6
kanazawa_266_310_31_100.png,6
kanazawa_266_310_239_112.png,3
kanazawa_266_310_245_215.png,3
kanazawa_266_310_161_248.png,3
kanazawa_266_310_93_225.png,1
kanazawa_266_310_119_121.png,5
kanazawa_266_310_177_96.png,3
kanazawa_266_310_103_121.png,5
kanazawa_266_310_229_236.png,3
kanazawa_266_310_71_65.png,6
kanazawa_266_310_32_116.png,6
kanazawa_266_310_152_82.png,5
kanazawa_266_310_165_79.png,5
kanazawa_266_310_60_99.png,6
kanazawa_266_310_115_252.png,5
kanazawa_266_310_52_71.png,6
kanazawa_266_310_70_297.png,6
kanazawa_266_310_116_205.png,5
kanazawa_266_310_46_212.png,6
kanazawa_266_310_232_238.png,3
kanazawa_266_310_154_136.png,3
kanazawa_266_310_54_55.png,6
kanazawa_266_310_206_124.png,3
kanazawa_266_310_209_158.png,3
kanazawa_266_310_85_117.png,4
kanazawa_266_310_133_147.png,3
kanazawa_266_310_209_257.png,3
kanazawa_266_310_230_240.png,3
kanazawa_266_310_118_64.png,6
kanazawa_266_310_33_225.png,1
kanazawa_266_310_34_56.png,6
kanazawa_266_310_88_92.png,6
kanazawa_266_310_237_246.png,3
kanazawa_266_310_139_66.png,6
kanazawa_266_310_196_152.png,3
kanazawa_266_310_108_75.png,6
kanazawa_266_310_45_262.png,6
kanazawa_266_310_196_235.png,3
kanazawa_266_310_118_275.png,1
kanazawa_266_310_126_230.png,3
kanazawa_266_310_188_116.png,3
kanazawa_266_310_36_224.png,6
kanazawa_266_310_173_267.png,3
kanazawa_266_310_173_95.png,3
kanazawa_266_310_175_252.png,3
kanazawa_266_310_19_107.png,6
kanazawa_266_310_163_173.png,5
kanazawa_266_310_111_34.png,6
kanazawa_266_310_208_130.png,3
kanazawa_266_310_216_77.png,3
kanazawa_266_310_122_128.png,3
kanazawa_266_310_209_215.png,3
kanazawa_266_310_186_20.png,6
kanazawa_266_310_169_41.png,6
kanazawa_266_310_233_110.png,3
kanazawa_266_310_39_149.png,5
kanazawa_266_310_80_233.png,1
kanazawa_266_310_212_134.png,3
kanazawa_266_310_73_63.png,6
kanazawa_266_310_60_105.png,6
kanazawa_266_310_147_104.png,1
kanazawa_266_310_39_230.png,6
kanazawa_266_310_200_241.png,3
kanazawa_266_310_92_110.png,3
kanazawa_266_310_148_240.png,3
kanazawa_266_310_195_119.png,3
kanazawa_266_310_72_242.png,6
kanazawa_266_310_96_180.png,3
kanazawa_266_310_49_218.png,6
kanazawa_266_310_189_194.png,3
kanazawa_266_310_220_224.png,6
kanazawa_266_310_207_49.png,3
kanazawa_266_310_204_182.png,3
kanazawa_266_310_230_233.png,3
kanazawa_266_310_74_275.png,6
kanazawa_266_310_69_296.png,6
kanazawa_266_310_47_303.png,6
kanazawa_266_310_102_118.png,5
kanazawa_266_310_42_233.png,6
kanazawa_266_310_112_41.png,6
kanazawa_266_310_96_98.png,6
kanazawa_266_310_197_39.png,1
kanazawa_266_310_61_259.png,6
kanazawa_266_310_42_188.png,3
kanazawa_266_310_149_56.png,6
kanazawa_266_310_137_195.png,5
kanazawa_266_310_227_167.png,3
kanazawa_266_310_171_197.png,3
kanazawa_266_310_197_255.png,3
kanazawa_266_310_113_213.png,5
kanazawa_266_310_154_42.png,6
kanazawa_266_310_229_225.png,3
kanazawa_266_310_11_91.png,6
kanazawa_266_310_37_244.png,6
kanazawa_266_310_128_58.png,6
kanazawa_266_310_251_232.png,3
kanazawa_266_310_152_26.png,6
kanazawa_266_310_50_98.png,6
kanazawa_266_310_221_34.png,5
kanazawa_266_310_62_288.png,6
kanazawa_266_310_111_173.png,5
kanazawa_266_310_69_63.png,6
kanazawa_266_310_191_195.png,3
kanazawa_266_310_10_109.png,6
kanazawa_266_310_89_101.png,6
kanazawa_266_310_206_119.png,3
kanazawa_266_310_85_146.png,3
kanazawa_266_310_65_275.png,6
kanazawa_266_310_191_144.png,3
kanazawa_266_310_69_205.png,3
kanazawa_266_310_129_105.png,5
kanazawa_266_310_40_126.png,6
kanazawa_266_310_117_127.png,3
kanazawa_266_310_106_194.png,5
kanazawa_266_310_169_97.png,3
kanazawa_266_310_48_157.png,3
kanazawa_266_310_228_55.png,3
kanazawa_266_310_240_192.png,3
kanazawa_266_310_102_95.png,6
kanazawa_266_310_210_166.png,3
kanazawa_266_310_201_16.png,1
kanazawa_266_310_71_293.png,6
kanazawa_266_310_198_154.png,3
kanazawa_266_310_3_65.png,6
kanazawa_266_310_69_100.png,6
kanazawa_266_310_176_196.png,3
kanazawa_266_310_190_207.png,3
kanazawa_266_310_13_64.png,6
kanazawa_266_310_40_191.png,3
kanazawa_266_310_227_158.png,3
kanazawa_266_310_164_188.png,3
kanazawa_266_310_147_105.png,1
kanazawa_266_310_231_94.png,3
kanazawa_266_310_206_249.png,3
kanazawa_266_310_139_151.png,3
kanazawa_266_310_87_49.png,6
kanazawa_266_310_213_71.png,3
kanazawa_266_310_102_80.png,6
kanazawa_266_310_121_145.png,3
kanazawa_266_310_76_54.png,6
kanazawa_266_310_125_41.png,6
kanazawa_266_310_49_210.png,6
kanazawa_266_310_52_300.png,6
kanazawa_266_310_160_202.png,3
kanazawa_266_310_199_73.png,3
kanazawa_266_310_198_164.png,3
kanazawa_266_310_219_138.png,3
kanazawa_266_310_200_218.png,3
kanazawa_266_310_124_110.png,5
kanazawa_266_310_194_227.png,3
kanazawa_266_310_9_94.png,6
kanazawa_266_310_124_130.png,3
kanazawa_266_310_56_119.png,6
kanazawa_266_310_164_206.png,3
kanazawa_266_310_165_244.png,3
kanazawa_266_310_127_72.png,3
kanazawa_266_310_143_100.png,1
kanazawa_266_310_200_138.png,3
kanazawa_266_310_194_126.png,3
kanazawa_266_310_40_54.png,6
kanazawa_266_310_231_222.png,3
kanazawa_266_310_81_57.png,6
kanazawa_266_310_217_149.png,5
kanazawa_266_310_121_61.png,6
kanazawa_266_310_195_53.png,5
kanazawa_266_310_157_58.png,3
kanazawa_266_310_183_129.png,3
kanazawa_266_310_123_174.png,5
kanazawa_266_310_143_52.png,6
kanazawa_266_310_78_118.png,3
kanazawa_266_310_86_127.png,3
kanazawa_266_310_104_270.png,1
kanazawa_266_310_63_247.png,6
kanazawa_266_310_33_107.png,6
kanazawa_266_310_164_183.png,3
kanazawa_266_310_68_102.png,6
kanazawa_266_310_161_243.png,3
kanazawa_266_310_165_241.png,3
kanazawa_266_310_156_185.png,5
kanazawa_266_310_80_93.png,6
kanazawa_266_310_36_244.png,6
kanazawa_266_310_73_163.png,3
kanazawa_266_310_28_111.png,6
kanazawa_266_310_62_168.png,3
kanazawa_266_310_41_61.png,6
kanazawa_266_310_93_145.png,3
kanazawa_266_310_123_74.png,6
kanazawa_266_310_46_75.png,6
kanazawa_266_310_17_61.png,6
kanazawa_266_310_193_33.png,5
kanazawa_266_310_245_201.png,3
kanazawa_266_310_190_183.png,3
kanazawa_266_310_125_254.png,5
kanazawa_266_310_39_79.png,6
kanazawa_266_310_173_203.png,3
kanazawa_266_310_93_52.png,6
kanazawa_266_310_115_168.png,5
kanazawa_266_310_242_138.png,3
kanazawa_266_310_172_250.png,3
kanazawa_266_310_115_207.png,5
kanazawa_266_310_226_186.png,3
kanazawa_266_310_160_61.png,5
kanazawa_266_310_15_114.png,6
kanazawa_266_310_220_148.png,6
kanazawa_266_310_188_183.png,3
kanazawa_266_310_207_97.png,3
kanazawa_266_310_161_218.png,3
kanazawa_266_310_144_81.png,1
kanazawa_266_310_186_23.png,6
kanazawa_266_310_151_198.png,3
kanazawa_266_310_189_197.png,3
kanazawa_266_310_93_283.png,1
kanazawa_266_310_43_74.png,6
kanazawa_266_310_156_44.png,6
kanazawa_266_310_38_100.png,6
kanazawa_266_310_28_132.png,6
kanazawa_266_310_187_100.png,3
kanazawa_266_310_72_120.png,6
kanazawa_266_310_243_199.png,3
kanazawa_266_310_154_271.png,3
kanazawa_266_310_224_183.png,3
kanazawa_266_310_177_248.png,3
kanazawa_266_310_8_94.png,6
kanazawa_266_310_91_43.png,6
kanazawa_266_310_93_262.png,5
kanazawa_266_310_161_232.png,3
kanazawa_266_310_51_257.png,6
kanazawa_266_310_248_194.png,3
kanazawa_266_310_46_206.png,1
kanazawa_266_310_227_235.png,3
kanazawa_266_310_247_223.png,3
kanazawa_266_310_162_138.png,3
kanazawa_266_310_52_82.png,6
kanazawa_266_310_256_206.png,3
kanazawa_266_310_53_229.png,6
kanazawa_266_310_58_271.png,6
kanazawa_266_310_132_175.png,5
kanazawa_266_310_4_75.png,6
kanazawa_266_310_146_190.png,5
kanazawa_266_310_149_226.png,3
kanazawa_266_310_140_278.png,5
kanazawa_266_310_134_97.png,1
kanazawa_266_310_118_119.png,5
kanazawa_266_310_192_175.png,3
kanazawa_266_310_37_247.png,6
kanazawa_266_310_28_167.png,5
kanazawa_266_310_83_231.png,5
kanazawa_266_310_203_39.png,5
kanazawa_266_310_238_107.png,5
kanazawa_266_310_56_115.png,6
kanazawa_266_310_218_217.png,3
kanazawa_266_310_191_82.png,3
kanazawa_266_310_174_180.png,3
kanazawa_266_310_28_189.png,3
kanazawa_266_310_44_224.png,6
kanazawa_266_310_97_115.png,1
kanazawa_266_310_61_130.png,5
kanazawa_266_310_74_93.png,6
kanazawa_266_310_203_237.png,3
kanazawa_266_310_155_81.png,1
kanazawa_266_310_8_82.png,6
kanazawa_266_310_180_165.png,3
kanazawa_266_310_181_118.png,3
kanazawa_266_310_210_117.png,3
kanazawa_266_310_58_85.png,6
kanazawa_266_310_147_138.png,3
kanazawa_266_310_149_88.png,1
kanazawa_266_310_160_181.png,5
kanazawa_266_310_183_153.png,3
kanazawa_266_310_88_82.png,6
kanazawa_266_310_151_78.png,5
kanazawa_266_310_247_184.png,3
kanazawa_266_310_244_190.png,3
kanazawa_266_310_105_284.png,1
kanazawa_266_310_212_151.png,3
kanazawa_266_310_159_231.png,3
kanazawa_266_310_230_123.png,3
kanazawa_266_310_218_141.png,3
kanazawa_266_310_84_210.png,1
kanazawa_266_310_66_63.png,6
kanazawa_266_310_47_79.png,6
kanazawa_266_310_202_212.png,3
kanazawa_266_310_142_55.png,6
kanazawa_266_310_174_79.png,1
kanazawa_266_310_156_75.png,1
kanazawa_266_310_129_83.png,3
kanazawa_266_310_98_48.png,6
kanazawa_266_310_165_140.png,3
kanazawa_266_310_38_182.png,3
kanazawa_266_310_241_174.png,3
kanazawa_266_310_191_84.png,3
kanazawa_266_310_34_240.png,6
kanazawa_266_310_225_149.png,3
kanazawa_266_310_98_86.png,6
kanazawa_266_310_57_239.png,6
kanazawa_266_310_139_90.png,1
kanazawa_266_310_159_153.png,3
kanazawa_266_310_117_81.png,6
kanazawa_266_310_195_170.png,3
kanazawa_266_310_76_122.png,4
kanazawa_266_310_177_212.png,3
kanazawa_266_310_132_58.png,6
kanazawa_266_310_209_137.png,3
kanazawa_266_310_126_136.png,5
kanazawa_266_310_135_153.png,3
kanazawa_266_310_222_243.png,3
kanazawa_266_310_220_161.png,3
kanazawa_266_310_51_233.png,6
kanazawa_266_310_177_38.png,3
kanazawa_266_310_196_150.png,3
kanazawa_266_310_219_187.png,3
kanazawa_266_310_130_113.png,1
kanazawa_266_310_101_189.png,5
kanazawa_266_310_94_50.png,6
kanazawa_266_310_211_152.png,3
kanazawa_266_310_35_125.png,6
kanazawa_266_310_16_69.png,6
kanazawa_266_310_116_260.png,1
kanazawa_266_310_45_216.png,6
kanazawa_266_310_51_105.png,6
kanazawa_266_310_60_279.png,6
kanazawa_266_310_197_176.png,3
kanazawa_266_310_156_211.png,3
kanazawa_266_310_169_254.png,3
kanazawa_266_310_38_242.png,6
kanazawa_266_310_90_147.png,3
kanazawa_266_310_109_46.png,6
kanazawa_266_310_208_136.png,3
kanazawa_266_310_182_31.png,3
kanazawa_266_310_183_110.png,3
kanazawa_266_310_50_74.png,6
kanazawa_266_310_26_115.png,6
kanazawa_266_310_245_236.png,3
kanazawa_266_310_48_237.png,6
kanazawa_266_310_201_131.png,3
kanazawa_266_310_255_243.png,3
kanazawa_266_310_189_90.png,3
kanazawa_266_310_197_253.png,3
kanazawa_266_310_63_122.png,6
kanazawa_266_310_67_273.png,6
kanazawa_266_310_26_108.png,6
kanazawa_266_310_121_129.png,3
kanazawa_266_310_159_257.png,3
kanazawa_266_310_48_299.png,6
kanazawa_266_310_179_167.png,3
kanazawa_266_310_67_169.png,3
kanazawa_266_310_180_25.png,6
kanazawa_266_310_38_240.png,6
kanazawa_266_310_107_186.png,5
kanazawa_266_310_162_34.png,6
kanazawa_266_310_212_99.png,3
kanazawa_266_310_243_223.png,3
kanazawa_266_310_110_170.png,1
kanazawa_266_310_145_60.png,3
kanazawa_266_310_96_242.png,1
kanazawa_266_310_75_59.png,6
kanazawa_266_310_208_236.png,3
kanazawa_266_310_34_113.png,6
kanazawa_266_310_211_247.png,3
kanazawa_266_310_33_222.png,6
kanazawa_266_310_24_180.png,3
kanazawa_266_310_157_154.png,3
kanazawa_266_310_47_146.png,5
kanazawa_266_310_179_190.png,3
kanazawa_266_310_203_241.png,3
kanazawa_266_310_179_185.png,3
kanazawa_266_310_237_173.png,3
kanazawa_266_310_176_85.png,5
kanazawa_266_310_33_56.png,6
kanazawa_266_310_127_39.png,6
kanazawa_266_310_219_131.png,3
kanazawa_266_310_91_96.png,6
kanazawa_266_310_114_222.png,3
kanazawa_266_310_217_137.png,3
kanazawa_266_310_159_166.png,5
kanazawa_266_310_41_169.png,3
kanazawa_266_310_70_69.png,6
kanazawa_266_310_125_218.png,3
kanazawa_266_310_44_107.png,6
kanazawa_266_310_188_144.png,3
kanazawa_266_310_204_11.png,5
kanazawa_266_310_21_81.png,6
kanazawa_266_310_202_157.png,3
kanazawa_266_310_220_110.png,3
kanazawa_266_310_251_175.png,3
kanazawa_266_310_139_110.png,1
kanazawa_266_310_174_60.png,5
kanazawa_266_310_168_49.png,1
kanazawa_266_310_56_53.png,6
kanazawa_266_310_225_128.png,3
kanazawa_266_310_85_134.png,3
kanazawa_266_310_121_131.png,3
kanazawa_266_310_82_75.png,6
kanazawa_266_310_186_162.png,3
kanazawa_266_310_58_51.png,6
kanazawa_266_310_76_256.png,6
kanazawa_266_310_196_258.png,3
kanazawa_266_310_82_160.png,3
kanazawa_266_310_104_104.png,3
kanazawa_266_310_190_145.png,3
kanazawa_266_310_212_49.png,3
kanazawa_266_310_87_189.png,3
kanazawa_266_310_230_128.png,3
kanazawa_266_310_236_174.png,3
kanazawa_266_310_50_53.png,6
kanazawa_266_310_13_99.png,6
kanazawa_266_310_31_157.png,5
kanazawa_266_310_193_147.png,3
kanazawa_266_310_127_217.png,3
kanazawa_266_310_179_29.png,6
kanazawa_266_310_193_140.png,3
kanazawa_266_310_92_210.png,1
kanazawa_266_310_188_36.png,5
kanazawa_266_310_257_212.png,3
kanazawa_266_310_43_110.png,6
kanazawa_266_310_180_186.png,3
kanazawa_266_310_202_105.png,3
kanazawa_266_310_234_154.png,3
kanazawa_266_310_185_158.png,3
kanazawa_266_310_191_23.png,3
kanazawa_266_310_159_175.png,5
kanazawa_266_310_116_263.png,1
kanazawa_266_310_153_142.png,3
kanazawa_266_310_201_137.png,3
kanazawa_266_310_216_198.png,3
kanazawa_266_310_184_130.png,3
kanazawa_266_310_168_240.png,3
kanazawa_266_310_43_134.png,3
kanazawa_266_310_46_284.png,6
kanazawa_266_310_31_114.png,6
kanazawa_266_310_229_88.png,3
kanazawa_266_310_227_184.png,3
kanazawa_266_310_174_209.png,3
kanazawa_266_310_28_190.png,3
kanazawa_266_310_116_83.png,6
kanazawa_266_310_68_272.png,6
kanazawa_266_310_231_82.png,3
kanazawa_266_310_153_171.png,5
kanazawa_266_310_25_165.png,5
kanazawa_266_310_66_166.png,3
kanazawa_266_310_112_177.png,5
kanazawa_266_310_142_118.png,3
kanazawa_266_310_173_73.png,5
kanazawa_266_310_257_226.png,3
kanazawa_266_310_225_90.png,3
kanazawa_266_310_208_108.png,3
kanazawa_266_310_171_36.png,6
kanazawa_266_310_65_213.png,5
kanazawa_266_310_107_219.png,5
kanazawa_266_310_75_248.png,6
kanazawa_266_310_153_270.png,3
kanazawa_266_310_85_48.png,6
kanazawa_266_310_182_32.png,3
kanazawa_266_310_185_99.png,3
kanazawa_266_310_189_257.png,3
kanazawa_266_310_71_234.png,6
kanazawa_266_310_209_194.png,3
kanazawa_266_310_213_222.png,3
kanazawa_266_310_229_133.png,3
kanazawa_266_310_29_179.png,3
kanazawa_266_310_131_63.png,6
kanazawa_266_310_148_244.png,3
kanazawa_266_310_225_109.png,3
kanazawa_266_310_225_73.png,3
kanazawa_266_310_73_56.png,6
kanazawa_266_310_144_74.png,1
kanazawa_266_310_32_123.png,6
kanazawa_266_310_215_45.png,3
kanazawa_266_310_215_187.png,3
kanazawa_266_310_199_220.png,3
kanazawa_266_310_215_118.png,3
kanazawa_266_310_228_74.png,3
kanazawa_266_310_46_255.png,6
kanazawa_266_310_100_187.png,1
kanazawa_266_310_42_272.png,6
kanazawa_266_310_77_93.png,6
kanazawa_266_310_86_57.png,6
kanazawa_266_310_50_153.png,3
kanazawa_266_310_133_266.png,5
kanazawa_266_310_60_194.png,3
kanazawa_266_310_25_191.png,3
kanazawa_266_310_216_31.png,1
kanazawa_266_310_245_210.png,3
kanazawa_266_310_73_293.png,6
kanazawa_266_310_240_137.png,3
kanazawa_266_310_59_161.png,3
kanazawa_266_310_119_68.png,6
kanazawa_266_310_196_166.png,3
kanazawa_266_310_220_230.png,3
kanazawa_266_310_164_263.png,3
kanazawa_266_310_182_102.png,3
kanazawa_266_310_163_50.png,3
kanazawa_266_310_127_207.png,5
kanazawa_266_310_192_136.png,3
kanazawa_266_310_107_207.png,5
kanazawa_266_310_55_87.png,6
kanazawa_266_310_106_56.png,6
kanazawa_266_310_222_164.png,3
kanazawa_266_310_233_224.png,3
kanazawa_266_310_29_210.png,3
kanazawa_266_310_140_181.png,5
kanazawa_266_310_221_228.png,3
kanazawa_266_310_183_133.png,3
kanazawa_266_310_224_225.png,3
kanazawa_266_310_161_196.png,3
kanazawa_266_310_101_132.png,3
kanazawa_266_310_119_84.png,3
kanazawa_266_310_97_109.png,3
kanazawa_266_310_162_49.png,3
kanazawa_266_310_178_73.png,5
kanazawa_266_310_202_159.png,3
kanazawa_266_310_217_211.png,3
kanazawa_266_310_234_147.png,3
kanazawa_266_310_76_227.png,1
kanazawa_266_310_178_78.png,5
kanazawa_266_310_171_262.png,3
kanazawa_266_310_29_77.png,6
kanazawa_266_310_33_102.png,6
kanazawa_266_310_181_18.png,6
kanazawa_266_310_134_40.png,6
kanazawa_266_310_32_60.png,6
kanazawa_266_310_101_287.png,1
kanazawa_266_310_97_38.png,6
kanazawa_266_310_194_110.png,3
kanazawa_266_310_93_98.png,6
kanazawa_266_310_51_242.png,6
kanazawa_266_310_103_61.png,6
kanazawa_266_310_200_197.png,3
kanazawa_266_310_44_144.png,5
kanazawa_266_310_86_41.png,6
kanazawa_266_310_160_31.png,6
kanazawa_266_310_236_151.png,3
kanazawa_266_310_179_179.png,3
kanazawa_266_310_97_94.png,6
kanazawa_266_310_199_120.png,3
kanazawa_266_310_6_75.png,6
kanazawa_266_310_191_115.png,3
kanazawa_266_310_134_95.png,1
kanazawa_266_310_220_187.png,3
kanazawa_266_310_207_178.png,3
kanazawa_266_310_50_103.png,6
kanazawa_266_310_151_172.png,5
kanazawa_266_310_7_93.png,6
kanazawa_266_310_125_211.png,5
kanazawa_266_310_199_59.png,3
kanazawa_266_310_57_258.png,6
kanazawa_266_310_46_269.png,6
kanazawa_266_310_80_281.png,6
kanazawa_266_310_130_264.png,5
kanazawa_266_310_133_277.png,5
kanazawa_266_310_186_213.png,3
kanazawa_266_310_132_187.png,5
kanazawa_266_310_167_194.png,3
kanazawa_266_310_114_36.png,6
kanazawa_266_310_82_215.png,1
kanazawa_266_310_73_234.png,6
kanazawa_266_310_211_173.png,3
kanazawa_266_310_58_296.png,6
kanazawa_266_310_132_37.png,6
kanazawa_266_310_149_85.png,1
kanazawa_266_310_63_56.png,6
kanazawa_266_310_168_248.png,3
kanazawa_266_310_134_196.png,5
kanazawa_266_310_64_161.png,3
kanazawa_266_310_219_94.png,3
kanazawa_266_310_171_195.png,3
kanazawa_266_310_199_112.png,3
kanazawa_266_310_199_32.png,5
kanazawa_266_310_227_248.png,3
kanazawa_266_310_68_277.png,6
kanazawa_266_310_131_174.png,3
kanazawa_266_310_100_39.png,6
kanazawa_266_310_168_85.png,5
kanazawa_266_310_168_208.png,3
kanazawa_266_310_70_100.png,6
kanazawa_266_310_86_106.png,6
kanazawa_266_310_75_216.png,3
kanazawa_266_310_149_38.png,6
kanazawa_266_310_167_47.png,3
kanazawa_266_310_219_141.png,3
kanazawa_266_310_154_261.png,3
kanazawa_266_310_55_112.png,6
kanazawa_266_310_174_183.png,3
kanazawa_266_310_150_137.png,3
kanazawa_266_310_144_34.png,6
kanazawa_266_310_91_160.png,3
kanazawa_266_310_52_104.png,6
kanazawa_266_310_220_203.png,3
kanazawa_266_310_44_79.png,6
kanazawa_266_310_189_151.png,3
kanazawa_266_310_215_66.png,3
kanazawa_266_310_172_137.png,3
kanazawa_266_310_91_234.png,5
kanazawa_266_310_235_93.png,3
kanazawa_266_310_72_136.png,5
kanazawa_266_310_115_259.png,1
kanazawa_266_310_246_197.png,3
kanazawa_266_310_254_201.png,3
kanazawa_266_310_93_203.png,5
kanazawa_266_310_196_175.png,3
kanazawa_266_310_114_199.png,5
kanazawa_266_310_75_240.png,6
kanazawa_266_310_240_228.png,3
kanazawa_266_310_171_194.png,3
kanazawa_266_310_178_210.png,3
kanazawa_266_310_40_85.png,6
kanazawa_266_310_109_62.png,6
kanazawa_266_310_55_226.png,6
kanazawa_266_310_144_48.png,6
kanazawa_266_310_228_87.png,3
kanazawa_266_310_105_71.png,6
kanazawa_266_310_72_74.png,6
kanazawa_266_310_211_117.png,3
kanazawa_266_310_251_243.png,3
kanazawa_266_310_180_98.png,3
kanazawa_266_310_53_134.png,3
kanazawa_266_310_16_88.png,6
kanazawa_266_310_121_132.png,3
kanazawa_266_310_47_55.png,6
kanazawa_266_310_240_140.png,3
kanazawa_266_310_166_125.png,3
kanazawa_266_310_125_121.png,3
kanazawa_266_310_53_170.png,3
kanazawa_266_310_88_294.png,5
kanazawa_266_310_123_77.png,3
kanazawa_266_310_18_112.png,6
kanazawa_266_310_183_160.png,3
kanazawa_266_310_153_220.png,3
kanazawa_266_310_38_212.png,3
kanazawa_266_310_35_166.png,3
kanazawa_266_310_230_75.png,3
kanazawa_266_310_205_92.png,3
kanazawa_266_310_95_252.png,1
kanazawa_266_310_111_97.png,3
kanazawa_266_310_204_257.png,3
kanazawa_266_310_234_207.png,3
kanazawa_266_310_138_46.png,6
kanazawa_266_310_155_52.png,6
kanazawa_266_310_198_201.png,3
kanazawa_266_310_233_203.png,3
kanazawa_266_310_133_160.png,3
kanazawa_266_310_76_166.png,3
kanazawa_266_310_68_106.png,6
kanazawa_266_310_227_222.png,6
kanazawa_266_310_95_227.png,5
kanazawa_266_310_238_220.png,3
kanazawa_266_310_142_112.png,3
kanazawa_266_310_60_232.png,6
kanazawa_266_310_248_205.png,3
kanazawa_266_310_181_108.png,3
kanazawa_266_310_127_278.png,5
kanazawa_266_310_61_287.png,6
kanazawa_266_310_102_64.png,6
kanazawa_266_310_22_135.png,6
kanazawa_266_310_53_88.png,6
kanazawa_266_310_146_125.png,3
kanazawa_266_310_241_187.png,3
kanazawa_266_310_247_208.png,3
kanazawa_266_310_135_46.png,6
kanazawa_266_310_246_228.png,3
kanazawa_266_310_193_167.png,3
kanazawa_266_310_170_98.png,3
kanazawa_266_310_245_185.png,3
kanazawa_266_310_97_46.png,6
kanazawa_266_310_197_211.png,3
kanazawa_266_310_52_237.png,6
kanazawa_266_310_217_3.png,5
kanazawa_266_310_99_149.png,3
kanazawa_266_310_231_209.png,3
kanazawa_266_310_51_297.png,6
kanazawa_266_310_87_221.png,1
kanazawa_266_310_97_192.png,1
kanazawa_266_310_30_125.png,6
kanazawa_266_310_57_253.png,6
kanazawa_266_310_235_215.png,3
kanazawa_266_310_150_268.png,3
kanazawa_266_310_105_204.png,5
kanazawa_266_310_111_155.png,3
kanazawa_266_310_100_168.png,3
kanazawa_266_310_166_264.png,3
kanazawa_266_310_221_124.png,3
kanazawa_266_310_44_263.png,6
kanazawa_266_310_205_122.png,3
kanazawa_266_310_182_265.png,3
kanazawa_266_310_59_56.png,6
kanazawa_266_310_161_262.png,3
kanazawa_266_310_186_186.png,3
kanazawa_266_310_30_122.png,6
kanazawa_266_310_158_179.png,5
kanazawa_266_310_189_93.png,3
kanazawa_266_310_127_84.png,3
kanazawa_266_310_91_280.png,1
kanazawa_266_310_78_236.png,1
kanazawa_266_310_133_145.png,3
kanazawa_266_310_171_243.png,3
kanazawa_266_310_206_114.png,3
kanazawa_266_310_157_104.png,3
kanazawa_266_310_120_131.png,3
kanazawa_266_310_133_276.png,5
kanazawa_266_310_175_111.png,3
kanazawa_266_310_120_215.png,5
kanazawa_266_310_65_278.png,6
kanazawa_266_310_44_101.png,6
kanazawa_266_310_157_93.png,1
kanazawa_266_310_98_102.png,6
kanazawa_266_310_83_254.png,5
kanazawa_266_310_33_210.png,3
kanazawa_266_310_133_62.png,6
kanazawa_266_310_206_206.png,3
kanazawa_266_310_162_80.png,5
kanazawa_266_310_76_246.png,3
kanazawa_266_310_198_191.png,3
kanazawa_266_310_248_173.png,3
kanazawa_266_310_40_174.png,3
kanazawa_266_310_26_128.png,6
kanazawa_266_310_217_140.png,3
kanazawa_266_310_238_173.png,3
kanazawa_266_310_90_268.png,1
kanazawa_266_310_137_48.png,6
kanazawa_266_310_152_157.png,3
kanazawa_266_310_102_86.png,6
kanazawa_266_310_103_158.png,3
kanazawa_266_310_202_93.png,3
kanazawa_266_310_54_54.png,6
kanazawa_266_310_48_270.png,6
kanazawa_266_310_149_148.png,3
kanazawa_266_310_145_178.png,5
kanazawa_266_310_93_76.png,6
kanazawa_266_310_226_195.png,3
kanazawa_266_310_164_242.png,3
kanazawa_266_310_178_109.png,3
kanazawa_266_310_82_241.png,1
kanazawa_266_310_122_159.png,5
kanazawa_266_310_158_149.png,3
kanazawa_266_310_92_204.png,5
kanazawa_266_310_152_87.png,1
kanazawa_266_310_210_119.png,3
kanazawa_266_310_53_296.png,6
kanazawa_266_310_182_256.png,3
kanazawa_266_310_44_283.png,6
kanazawa_266_310_119_257.png,5
kanazawa_266_310_24_62.png,6
kanazawa_266_310_119_72.png,6
kanazawa_266_310_210_218.png,3
kanazawa_266_310_53_129.png,6
kanazawa_266_310_31_107.png,6
kanazawa_266_310_88_199.png,5
kanazawa_266_310_41_88.png,6
kanazawa_266_310_176_145.png,3
kanazawa_266_310_239_196.png,3
kanazawa_266_310_101_71.png,6
kanazawa_266_310_192_171.png,3
kanazawa_266_310_167_222.png,3
kanazawa_266_310_129_51.png,6
kanazawa_266_310_61_300.png,6
kanazawa_266_310_112_202.png,5
kanazawa_266_310_44_181.png,3
kanazawa_266_310_114_179.png,5
kanazawa_266_310_50_268.png,6
kanazawa_266_310_138_99.png,1
kanazawa_266_310_85_46.png,6
kanazawa_266_310_236_204.png,3
kanazawa_266_310_100_161.png,3
kanazawa_266_310_135_185.png,1
kanazawa_266_310_123_67.png,6
kanazawa_266_310_127_73.png,3
kanazawa_266_310_114_123.png,5
kanazawa_266_310_193_210.png,3
kanazawa_266_310_216_241.png,3
kanazawa_266_310_97_56.png,6
kanazawa_266_310_194_244.png,3
kanazawa_266_310_53_73.png,6
kanazawa_266_310_72_60.png,6
kanazawa_266_310_212_90.png,3
kanazawa_266_310_189_163.png,3
kanazawa_266_310_192_56.png,2
kanazawa_266_310_35_218.png,3
kanazawa_266_310_46_66.png,6
kanazawa_266_310_230_95.png,3
kanazawa_266_310_152_59.png,3
kanazawa_266_310_62_103.png,6
kanazawa_266_310_74_56.png,6
kanazawa_266_310_161_130.png,3
kanazawa_266_310_246_203.png,3
kanazawa_266_310_176_238.png,3
kanazawa_266_310_201_219.png,3
kanazawa_266_310_99_135.png,3
kanazawa_266_310_14_90.png,6
kanazawa_266_310_165_254.png,3
kanazawa_266_310_113_64.png,6
kanazawa_266_310_27_198.png,3
kanazawa_266_310_33_94.png,6
kanazawa_266_310_43_182.png,3
kanazawa_266_310_70_283.png,6
kanazawa_266_310_143_215.png,3
kanazawa_266_310_56_227.png,6
kanazawa_266_310_202_72.png,3
kanazawa_266_310_231_166.png,3
kanazawa_266_310_80_166.png,3
kanazawa_266_310_101_108.png,5
kanazawa_266_310_79_245.png,3
kanazawa_266_310_109_98.png,3
kanazawa_266_310_54_148.png,5
kanazawa_266_310_101_63.png,6
kanazawa_266_310_253_221.png,3
kanazawa_266_310_35_66.png,6
kanazawa_266_310_171_250.png,3
kanazawa_266_310_203_103.png,3
kanazawa_266_310_128_122.png,3
kanazawa_266_310_150_150.png,3
kanazawa_266_310_40_130.png,6
kanazawa_266_310_181_204.png,3
kanazawa_266_310_55_174.png,3
kanazawa_266_310_133_64.png,6
kanazawa_266_310_129_70.png,3
kanazawa_266_310_116_194.png,5
kanazawa_266_310_151_56.png,6
kanazawa_266_310_128_193.png,5
kanazawa_266_310_68_49.png,6
kanazawa_266_310_210_131.png,3
kanazawa_266_310_185_34.png,1
kanazawa_266_310_201_257.png,3
kanazawa_266_310_208_230.png,3
kanazawa_266_310_188_12.png,6
kanazawa_266_310_54_82.png,6
kanazawa_266_310_219_55.png,3
kanazawa_266_310_155_211.png,3
kanazawa_266_310_103_206.png,5
kanazawa_266_310_233_211.png,3
kanazawa_266_310_157_110.png,5
kanazawa_266_310_210_73.png,3
kanazawa_266_310_155_205.png,3
kanazawa_266_310_58_238.png,6
kanazawa_266_310_96_240.png,1
kanazawa_266_310_120_152.png,3
kanazawa_266_310_219_118.png,3
kanazawa_266_310_136_143.png,3
kanazawa_266_310_138_89.png,1
kanazawa_266_310_149_183.png,5
kanazawa_266_310_144_277.png,5
kanazawa_266_310_152_178.png,5
kanazawa_266_310_210_153.png,3
kanazawa_266_310_245_195.png,3
kanazawa_266_310_146_84.png,1
kanazawa_266_310_232_193.png,3
kanazawa_266_310_54_291.png,6
kanazawa_266_310_30_60.png,6
kanazawa_266_310_74_45.png,6
kanazawa_266_310_161_210.png,3
kanazawa_266_310_53_262.png,6
kanazawa_266_310_45_219.png,6
kanazawa_266_310_198_156.png,3
kanazawa_266_310_240_214.png,3
kanazawa_266_310_94_120.png,5
kanazawa_266_310_163_126.png,3
kanazawa_266_310_56_122.png,6
kanazawa_266_310_179_42.png,1
kanazawa_266_310_178_205.png,3
kanazawa_266_310_95_110.png,3
kanazawa_266_310_246_189.png,3
kanazawa_266_310_42_256.png,6
kanazawa_266_310_137_93.png,1
kanazawa_266_310_89_52.png,6
kanazawa_266_310_110_284.png,1
kanazawa_266_310_152_151.png,3
kanazawa_266_310_192_234.png,3
kanazawa_266_310_40_123.png,6
kanazawa_266_310_17_82.png,6
kanazawa_266_310_152_251.png,3
kanazawa_266_310_211_109.png,3
kanazawa_266_310_142_65.png,6
kanazawa_266_310_118_144.png,3
kanazawa_266_310_136_43.png,6
kanazawa_266_310_174_263.png,3
kanazawa_266_310_127_71.png,6
kanazawa_266_310_91_81.png,6
kanazawa_266_310_181_149.png,3
kanazawa_266_310_131_158.png,3
kanazawa_266_310_112_272.png,1
kanazawa_266_310_230_77.png,3
kanazawa_266_310_80_87.png,6
kanazawa_266_310_40_222.png,6
kanazawa_266_310_223_230.png,3
kanazawa_266_310_129_42.png,6
kanazawa_266_310_73_286.png,6
kanazawa_266_310_46_234.png,6
kanazawa_266_310_181_146.png,3
kanazawa_266_310_187_152.png,3
kanazawa_266_310_115_50.png,6
kanazawa_266_310_47_243.png,6
kanazawa_266_310_46_146.png,5
kanazawa_266_310_105_196.png,5
kanazawa_266_310_49_284.png,6
kanazawa_266_310_197_153.png,3
kanazawa_266_310_47_287.png,6
kanazawa_266_310_110_106.png,5
kanazawa_266_310_47_300.png,6
kanazawa_266_310_208_187.png,3
kanazawa_266_310_43_138.png,1
kanazawa_266_310_176_221.png,3
kanazawa_266_310_147_230.png,3
kanazawa_266_310_157_120.png,3
kanazawa_266_310_49_93.png,6
kanazawa_266_310_202_127.png,3
kanazawa_266_310_67_225.png,3
kanazawa_266_310_232_129.png,3
kanazawa_266_310_76_70.png,6
kanazawa_266_310_196_37.png,1
kanazawa_266_310_200_134.png,3
kanazawa_266_310_62_106.png,6
kanazawa_266_310_158_151.png,3
kanazawa_266_310_43_240.png,6
kanazawa_266_310_52_106.png,6
kanazawa_266_310_209_171.png,3
kanazawa_266_310_258_212.png,3
kanazawa_266_310_92_124.png,3
kanazawa_266_310_222_170.png,3
kanazawa_266_310_203_116.png,3
kanazawa_266_310_100_149.png,3
kanazawa_266_310_212_192.png,3
kanazawa_266_310_210_110.png,3
kanazawa_266_310_80_225.png,1
kanazawa_266_310_133_105.png,5
kanazawa_266_310_17_78.png,6
kanazawa_266_310_238_135.png,3
kanazawa_266_310_60_227.png,6
kanazawa_266_310_184_228.png,3
kanazawa_266_310_69_225.png,3
kanazawa_266_310_113_42.png,6
kanazawa_266_310_86_139.png,3
kanazawa_266_310_173_163.png,3
kanazawa_266_310_29_102.png,6
kanazawa_266_310_83_72.png,6
kanazawa_266_310_87_219.png,1
kanazawa_266_310_67_188.png,3
kanazawa_266_310_23_72.png,6
kanazawa_266_310_196_128.png,3
kanazawa_266_310_137_98.png,1
kanazawa_266_310_94_232.png,1
kanazawa_266_310_87_45.png,6
kanazawa_266_310_217_129.png,3
kanazawa_266_310_198_236.png,3
kanazawa_266_310_105_130.png,3
kanazawa_266_310_55_299.png,6
kanazawa_266_310_111_250.png,5
kanazawa_266_310_3_75.png,6
kanazawa_266_310_183_251.png,3
kanazawa_266_310_142_67.png,6
kanazawa_266_310_37_123.png,6
kanazawa_266_310_43_241.png,6
kanazawa_266_310_151_208.png,3
kanazawa_266_310_161_266.png,3
kanazawa_266_310_243_208.png,3
kanazawa_266_310_123_187.png,5
kanazawa_266_310_171_78.png,5
kanazawa_266_310_42_60.png,6
kanazawa_266_310_119_118.png,5
kanazawa_266_310_38_99.png,6
kanazawa_266_310_6_91.png,6
kanazawa_266_310_82_60.png,6
kanazawa_266_310_68_299.png,6
kanazawa_266_310_149_143.png,3
kanazawa_266_310_197_117.png,3
kanazawa_266_310_164_41.png,6
kanazawa_266_310_154_163.png,5
kanazawa_266_310_238_221.png,3
kanazawa_266_310_191_129.png,3
kanazawa_266_310_41_148.png,5
kanazawa_266_310_104_160.png,3
kanazawa_266_310_218_178.png,3
kanazawa_266_310_165_163.png,3
kanazawa_266_310_141_83.png,5
kanazawa_266_310_117_157.png,3
kanazawa_266_310_141_211.png,3
kanazawa_266_310_179_193.png,3
kanazawa_266_310_77_226.png,1
kanazawa_266_310_147_123.png,3
kanazawa_266_310_123_50.png,6
kanazawa_266_310_209_195.png,3
kanazawa_266_310_200_12.png,6
kanazawa_266_310_43_166.png,3
kanazawa_266_310_51_281.png,6
kanazawa_266_310_176_267.png,3
kanazawa_266_310_78_226.png,1
kanazawa_266_310_114_282.png,1
kanazawa_266_310_143_219.png,3
kanazawa_266_310_223_176.png,3
kanazawa_266_310_96_291.png,1
kanazawa_266_310_48_282.png,6
kanazawa_266_310_89_209.png,1
kanazawa_266_310_84_200.png,5
kanazawa_266_310_199_72.png,3
kanazawa_266_310_29_69.png,6
kanazawa_266_310_65_52.png,6
kanazawa_266_310_209_226.png,3
kanazawa_266_310_213_161.png,3
kanazawa_266_310_59_220.png,6
kanazawa_266_310_81_260.png,6
kanazawa_266_310_49_193.png,3
kanazawa_266_310_165_76.png,5
kanazawa_266_310_141_115.png,3
kanazawa_266_310_173_253.png,3
kanazawa_266_310_141_243.png,3
kanazawa_266_310_42_76.png,6
kanazawa_266_310_215_145.png,3
kanazawa_266_310_216_213.png,3
kanazawa_266_310_125_67.png,6
kanazawa_266_310_89_56.png,6
kanazawa_266_310_173_224.png,3
kanazawa_266_310_60_48.png,6
kanazawa_266_310_163_271.png,3
kanazawa_266_310_131_192.png,5
kanazawa_266_310_118_49.png,6
kanazawa_266_310_101_276.png,1
kanazawa_266_310_226_253.png,3
kanazawa_266_310_151_34.png,6
kanazawa_266_310_91_91.png,6
kanazawa_266_310_58_240.png,6
kanazawa_266_310_217_76.png,3
kanazawa_266_310_127_279.png,5
kanazawa_266_310_187_63.png,3
kanazawa_266_310_244_167.png,3
kanazawa_266_310_200_232.png,3
kanazawa_266_310_88_111.png,3
kanazawa_266_310_225_170.png,3
kanazawa_266_310_206_82.png,3
kanazawa_266_310_2_69.png,6
kanazawa_266_310_220_217.png,3
kanazawa_266_310_172_67.png,5
kanazawa_266_310_94_79.png,6
kanazawa_266_310_165_252.png,3
kanazawa_266_310_253_240.png,3
kanazawa_266_310_66_296.png,6
kanazawa_266_310_219_124.png,3
kanazawa_266_310_82_66.png,6
kanazawa_266_310_208_7.png,5
kanazawa_266_310_216_18.png,5
kanazawa_266_310_221_142.png,3
kanazawa_266_310_85_174.png,3
kanazawa_266_310_227_217.png,3
kanazawa_266_310_130_75.png,3
kanazawa_266_310_93_96.png,6
kanazawa_266_310_214_128.png,3
kanazawa_266_310_161_47.png,6
kanazawa_266_310_85_142.png,3
kanazawa_266_310_154_228.png,3
kanazawa_266_310_48_52.png,6
kanazawa_266_310_189_224.png,3
kanazawa_266_310_30_97.png,6
kanazawa_266_310_25_132.png,3
kanazawa_266_310_201_136.png,3
kanazawa_266_310_173_181.png,3
kanazawa_266_310_106_215.png,5
kanazawa_266_310_44_108.png,6
kanazawa_266_310_34_182.png,3
kanazawa_266_310_80_247.png,1
kanazawa_266_310_72_102.png,6
kanazawa_266_310_205_197.png,3
kanazawa_266_310_178_25.png,6
kanazawa_266_310_260_221.png,3
kanazawa_266_310_151_236.png,3
kanazawa_266_310_133_45.png,6
kanazawa_266_310_165_53.png,5
kanazawa_266_310_173_191.png,3
kanazawa_266_310_54_282.png,6
kanazawa_266_310_31_84.png,6
kanazawa_266_310_90_46.png,6
kanazawa_266_310_215_238.png,3
kanazawa_266_310_55_243.png,6
kanazawa_266_310_181_242.png,3
kanazawa_266_310_137_95.png,1
kanazawa_266_310_81_117.png,3
kanazawa_266_310_76_170.png,3
kanazawa_266_310_187_210.png,3
kanazawa_266_310_64_120.png,6
kanazawa_266_310_167_25.png,6
kanazawa_266_310_40_216.png,6
kanazawa_266_310_137_194.png,5
kanazawa_266_310_194_124.png,3
kanazawa_266_310_233_82.png,3
kanazawa_266_310_58_49.png,6
kanazawa_266_310_30_199.png,3
kanazawa_266_310_71_265.png,6
kanazawa_266_310_60_240.png,6
kanazawa_266_310_146_216.png,3
kanazawa_266_310_205_42.png,1
kanazawa_266_310_188_177.png,3
kanazawa_266_310_62_291.png,6
kanazawa_266_310_97_183.png,5
kanazawa_266_310_195_226.png,3
kanazawa_266_310_50_198.png,5
kanazawa_266_310_218_211.png,3
kanazawa_266_310_176_140.png,3
kanazawa_266_310_117_258.png,1
kanazawa_266_310_159_237.png,3
kanazawa_266_310_75_215.png,3
kanazawa_266_310_153_92.png,1
kanazawa_266_310_55_85.png,6
kanazawa_266_310_190_120.png,3
kanazawa_266_310_115_202.png,5
kanazawa_266_310_115_130.png,3
kanazawa_266_310_222_83.png,3
kanazawa_266_310_218_99.png,3
kanazawa_266_310_73_90.png,6
kanazawa_266_310_60_246.png,6
kanazawa_266_310_121_193.png,1
kanazawa_266_310_122_244.png,2
kanazawa_266_310_46_80.png,6
kanazawa_266_310_187_181.png,3
kanazawa_266_310_95_181.png,3
kanazawa_266_310_129_276.png,5
kanazawa_266_310_106_164.png,3
kanazawa_266_310_221_81.png,3
kanazawa_266_310_139_107.png,1
kanazawa_266_310_152_226.png,3
kanazawa_266_310_14_72.png,6
kanazawa_266_310_157_213.png,3
kanazawa_266_310_204_238.png,3
kanazawa_266_310_222_249.png,3
kanazawa_266_310_79_55.png,6
kanazawa_266_310_132_127.png,3
kanazawa_266_310_212_107.png,3
kanazawa_266_310_148_171.png,5
kanazawa_266_310_138_88.png,1
kanazawa_266_310_70_70.png,6
kanazawa_266_310_170_49.png,5
kanazawa_266_310_58_301.png,6
kanazawa_266_310_197_260.png,3
kanazawa_266_310_86_177.png,5
kanazawa_266_310_94_241.png,5
kanazawa_266_310_95_158.png,3
kanazawa_266_310_136_60.png,6
kanazawa_266_310_36_135.png,3
kanazawa_266_310_180_122.png,3
kanazawa_266_310_51_292.png,6
kanazawa_266_310_175_114.png,3
kanazawa_266_310_158_223.png,3
kanazawa_266_310_199_33.png,5
kanazawa_266_310_38_254.png,6
kanazawa_266_310_146_154.png,3
kanazawa_266_310_219_139.png,3
kanazawa_266_310_40_57.png,6
kanazawa_266_310_74_63.png,6
kanazawa_266_310_216_114.png,3
kanazawa_266_310_33_234.png,6
kanazawa_266_310_121_43.png,6
kanazawa_266_310_104_84.png,6
kanazawa_266_310_122_59.png,6
kanazawa_266_310_101_66.png,6
kanazawa_266_310_55_215.png,6
kanazawa_266_310_94_160.png,3
kanazawa_266_310_89_73.png,6
kanazawa_266_310_222_121.png,3
kanazawa_266_310_216_95.png,5
kanazawa_266_310_234_250.png,3
kanazawa_266_310_45_89.png,6
kanazawa_266_310_99_130.png,3
kanazawa_266_310_174_167.png,3
kanazawa_266_310_129_200.png,5
kanazawa_266_310_130_145.png,3
kanazawa_266_310_175_167.png,3
kanazawa_266_310_193_168.png,3
kanazawa_266_310_180_134.png,3
kanazawa_266_310_54_68.png,6
kanazawa_266_310_120_101.png,3
kanazawa_266_310_191_236.png,3
kanazawa_266_310_137_74.png,3
kanazawa_266_310_117_150.png,3
kanazawa_266_310_123_169.png,5
kanazawa_266_310_232_240.png,3
kanazawa_266_310_98_57.png,6
kanazawa_266_310_154_139.png,3
kanazawa_266_310_205_163.png,3
kanazawa_266_310_239_124.png,3
kanazawa_266_310_55_275.png,6
kanazawa_266_310_49_146.png,5
kanazawa_266_310_89_57.png,6
kanazawa_266_310_48_136.png,5
kanazawa_266_310_142_193.png,5
kanazawa_266_310_140_47.png,6
kanazawa_266_310_14_106.png,6
kanazawa_266_310_49_262.png,6
kanazawa_266_310_191_53.png,5
kanazawa_266_310_172_157.png,3
kanazawa_266_310_78_170.png,3
kanazawa_266_310_179_102.png,3
kanazawa_266_310_92_157.png,3
kanazawa_266_310_205_201.png,3
kanazawa_266_310_219_32.png,3
kanazawa_266_310_233_227.png,3
kanazawa_266_310_149_174.png,5
kanazawa_266_310_99_171.png,3
kanazawa_266_310_18_60.png,6
kanazawa_266_310_151_274.png,3
kanazawa_266_310_150_51.png,6
kanazawa_266_310_18_91.png,6
kanazawa_266_310_88_269.png,5
kanazawa_266_310_46_59.png,6
kanazawa_266_310_96_53.png,6
kanazawa_266_310_139_144.png,3
kanazawa_266_310_241_199.png,3
kanazawa_266_310_41_167.png,3
kanazawa_266_310_212_186.png,3
kanazawa_266_310_31_173.png,3
kanazawa_266_310_152_197.png,3
kanazawa_266_310_90_273.png,5
kanazawa_266_310_159_23.png,6
kanazawa_266_310_71_205.png,3
kanazawa_266_310_33_224.png,6
kanazawa_266_310_97_51.png,6
kanazawa_266_310_216_252.png,3
kanazawa_266_310_213_106.png,3
kanazawa_266_310_173_228.png,3
kanazawa_266_310_150_196.png,3
kanazawa_266_310_66_155.png,3
kanazawa_266_310_105_125.png,3
kanazawa_266_310_147_25.png,6
kanazawa_266_310_119_37.png,6
kanazawa_266_310_191_170.png,3
kanazawa_266_310_39_242.png,6
kanazawa_266_310_191_116.png,3
kanazawa_266_310_171_219.png,3
kanazawa_266_310_241_189.png,3
kanazawa_266_310_123_48.png,6
kanazawa_266_310_177_249.png,3
kanazawa_266_310_201_192.png,3
kanazawa_266_310_122_162.png,5
kanazawa_266_310_153_48.png,6
kanazawa_266_310_157_230.png,3
kanazawa_266_310_89_40.png,6
kanazawa_266_310_210_256.png,3
kanazawa_266_310_62_294.png,6
kanazawa_266_310_221_161.png,3
kanazawa_266_310_119_190.png,5
kanazawa_266_310_226_187.png,3
kanazawa_266_310_20_110.png,6
kanazawa_266_310_78_240.png,1
kanazawa_266_310_189_30.png,1
kanazawa_266_310_16_112.png,6
kanazawa_266_310_129_65.png,6
kanazawa_266_310_45_62.png,6
kanazawa_266_310_151_122.png,3
kanazawa_266_310_171_165.png,3
kanazawa_266_310_141_200.png,5
kanazawa_266_310_41_254.png,6
kanazawa_266_310_182_259.png,3
kanazawa_266_310_203_180.png,3
kanazawa_266_310_178_18.png,6
kanazawa_266_310_207_139.png,3
kanazawa_266_310_130_130.png,3
kanazawa_266_310_136_88.png,1
kanazawa_266_310_110_65.png,6
kanazawa_266_310_79_291.png,6
kanazawa_266_310_201_114.png,3
kanazawa_266_310_235_170.png,3
kanazawa_266_310_59_49.png,6
kanazawa_266_310_122_43.png,6
kanazawa_266_310_79_60.png,6
kanazawa_266_310_57_56.png,6
kanazawa_266_310_61_48.png,6
kanazawa_266_310_81_90.png,6
kanazawa_266_310_52_272.png,6
kanazawa_266_310_57_285.png,6
kanazawa_266_310_146_107.png,1
kanazawa_266_310_100_190.png,5
kanazawa_266_310_57_126.png,6
kanazawa_266_310_238_218.png,3
kanazawa_266_310_126_246.png,5
kanazawa_266_310_59_296.png,6
kanazawa_266_310_84_167.png,3
kanazawa_266_310_181_99.png,3
kanazawa_266_310_206_17.png,5
kanazawa_266_310_87_86.png,6
kanazawa_266_310_204_128.png,3
kanazawa_266_310_36_226.png,6
kanazawa_266_310_125_156.png,5
kanazawa_266_310_93_82.png,6
kanazawa_266_310_208_176.png,3
kanazawa_266_310_107_56.png,6
kanazawa_266_310_38_246.png,6
kanazawa_266_310_35_169.png,3
kanazawa_266_310_201_13.png,3
kanazawa_266_310_61_63.png,6
kanazawa_266_310_69_139.png,5
kanazawa_266_310_145_222.png,3
kanazawa_266_310_134_208.png,5
kanazawa_266_310_52_109.png,6
kanazawa_266_310_25_119.png,6
kanazawa_266_310_128_200.png,5
kanazawa_266_310_32_75.png,6
kanazawa_266_310_216_50.png,3
kanazawa_266_310_47_271.png,6
kanazawa_266_310_185_220.png,3
kanazawa_266_310_214_101.png,3
kanazawa_266_310_161_264.png,3
kanazawa_266_310_132_33.png,6
kanazawa_266_310_28_84.png,6
kanazawa_266_310_52_120.png,6
kanazawa_266_310_119_73.png,6
kanazawa_266_310_52_278.png,6
kanazawa_266_310_119_129.png,3
kanazawa_266_310_132_161.png,3
kanazawa_266_310_204_213.png,3
kanazawa_266_310_41_84.png,6
kanazawa_266_310_45_90.png,6
kanazawa_266_310_81_267.png,1
kanazawa_266_310_63_191.png,5
kanazawa_266_310_51_170.png,3
kanazawa_266_310_167_202.png,3
kanazawa_266_310_4_76.png,6
kanazawa_266_310_114_86.png,6
kanazawa_266_310_64_67.png,6
kanazawa_266_310_114_77.png,6
kanazawa_266_310_172_246.png,3
kanazawa_266_310_97_158.png,3
kanazawa_266_310_116_238.png,3
kanazawa_266_310_171_34.png,6
kanazawa_266_310_148_98.png,1
kanazawa_266_310_208_160.png,3
kanazawa_266_310_197_251.png,3
kanazawa_266_310_239_175.png,3
kanazawa_266_310_27_134.png,6
kanazawa_266_310_148_112.png,1
kanazawa_266_310_97_72.png,6
kanazawa_266_310_76_86.png,6
kanazawa_266_310_55_260.png,6
kanazawa_266_310_90_49.png,6
kanazawa_266_310_102_203.png,5
kanazawa_266_310_77_49.png,6
kanazawa_266_310_111_58.png,6
kanazawa_266_310_48_125.png,6
kanazawa_266_310_34_238.png,6
kanazawa_266_310_105_162.png,3
kanazawa_266_310_63_212.png,1
kanazawa_266_310_122_71.png,6
kanazawa_266_310_64_48.png,6
kanazawa_266_310_223_195.png,3
kanazawa_266_310_118_94.png,3
kanazawa_266_310_20_118.png,6
kanazawa_266_310_85_128.png,3
kanazawa_266_310_77_182.png,3
kanazawa_266_310_230_92.png,3
kanazawa_266_310_234_117.png,3
kanazawa_266_310_77_263.png,6
kanazawa_266_310_233_124.png,3
kanazawa_266_310_182_150.png,3
kanazawa_266_310_49_71.png,6
kanazawa_266_310_110_272.png,1
kanazawa_266_310_38_252.png,6
kanazawa_266_310_121_119.png,5
kanazawa_266_310_174_189.png,3
kanazawa_266_310_195_137.png,3
kanazawa_266_310_200_173.png,3
kanazawa_266_310_104_155.png,3
kanazawa_266_310_165_95.png,3
kanazawa_266_310_158_84.png,5
kanazawa_266_310_96_253.png,1
kanazawa_266_310_153_65.png,5
kanazawa_266_310_92_229.png,1
kanazawa_266_310_245_156.png,3
kanazawa_266_310_47_98.png,6
kanazawa_266_310_103_50.png,6
kanazawa_266_310_241_233.png,3
kanazawa_266_310_125_143.png,3
kanazawa_266_310_68_235.png,6
kanazawa_266_310_157_32.png,6
kanazawa_266_310_93_287.png,5
kanazawa_266_310_213_229.png,3
kanazawa_266_310_78_160.png,3
kanazawa_266_310_99_194.png,5
kanazawa_266_310_37_255.png,6
kanazawa_266_310_88_67.png,6
kanazawa_266_310_199_125.png,3
kanazawa_266_310_70_68.png,6
kanazawa_266_310_87_83.png,6
kanazawa_266_310_63_288.png,6
kanazawa_266_310_108_160.png,3
kanazawa_266_310_141_225.png,3
kanazawa_266_310_248_217.png,3
kanazawa_266_310_227_160.png,3
kanazawa_266_310_194_239.png,3
kanazawa_266_310_36_92.png,6
kanazawa_266_310_230_85.png,3
kanazawa_266_310_77_76.png,6
kanazawa_266_310_135_272.png,1
kanazawa_266_310_205_64.png,3
kanazawa_266_310_121_104.png,1
kanazawa_266_310_137_112.png,3
kanazawa_266_310_120_249.png,5
kanazawa_266_310_153_269.png,3
kanazawa_266_310_46_237.png,6
kanazawa_266_310_113_80.png,6
kanazawa_266_310_217_74.png,3
kanazawa_266_310_220_118.png,3
kanazawa_266_310_154_269.png,3
kanazawa_266_310_55_223.png,6
kanazawa_266_310_72_284.png,6
kanazawa_266_310_104_181.png,5
kanazawa_266_310_86_116.png,4
kanazawa_266_310_87_50.png,6
kanazawa_266_310_89_161.png,3
kanazawa_266_310_214_19.png,5
kanazawa_266_310_178_207.png,3
kanazawa_266_310_201_150.png,3
kanazawa_266_310_185_142.png,3
kanazawa_266_310_154_162.png,5
kanazawa_266_310_36_128.png,6
kanazawa_266_310_147_38.png,6
kanazawa_266_310_234_237.png,3
kanazawa_266_310_75_277.png,6
kanazawa_266_310_72_70.png,6
kanazawa_266_310_190_113.png,3
kanazawa_266_310_207_145.png,3
kanazawa_266_310_24_133.png,6
kanazawa_266_310_64_99.png,6
kanazawa_266_310_85_44.png,6
kanazawa_266_310_122_35.png,6
kanazawa_266_310_190_159.png,3
kanazawa_266_310_88_103.png,6
kanazawa_266_310_78_222.png,1
kanazawa_266_310_7_68.png,6
kanazawa_266_310_148_44.png,6
kanazawa_266_310_162_229.png,3
kanazawa_266_310_99_63.png,6
kanazawa_266_310_136_73.png,3
kanazawa_266_310_222_209.png,3
kanazawa_266_310_84_46.png,6
kanazawa_266_310_120_174.png,5
kanazawa_266_310_151_23.png,6
kanazawa_266_310_207_231.png,3
kanazawa_266_310_115_74.png,6
kanazawa_266_310_214_171.png,3
kanazawa_266_310_131_120.png,3
kanazawa_266_310_171_207.png,3
kanazawa_266_310_189_191.png,3
kanazawa_266_310_51_268.png,6
kanazawa_266_310_57_64.png,6
kanazawa_266_310_126_92.png,1
kanazawa_266_310_156_65.png,1
kanazawa_266_310_238_183.png,3
kanazawa_266_310_82_57.png,6
kanazawa_266_310_95_213.png,5
kanazawa_266_310_61_97.png,6
kanazawa_266_310_96_174.png,3
kanazawa_266_310_180_53.png,5
kanazawa_266_310_78_98.png,6
kanazawa_266_310_162_22.png,6
kanazawa_266_310_112_48.png,6
kanazawa_266_310_152_74.png,5
kanazawa_266_310_49_108.png,6
kanazawa_266_310_223_34.png,3
kanazawa_266_310_80_104.png,6
kanazawa_266_310_35_74.png,6
kanazawa_266_310_228_227.png,3
kanazawa_266_310_71_125.png,5
kanazawa_266_310_35_135.png,3
kanazawa_266_310_135_87.png,1
kanazawa_266_310_162_262.png,3
kanazawa_266_310_181_38.png,1
kanazawa_266_310_224_93.png,3
kanazawa_266_310_72_185.png,3
kanazawa_266_310_86_91.png,6
kanazawa_266_310_156_198.png,3
kanazawa_266_310_50_220.png,6
kanazawa_266_310_61_78.png,6
kanazawa_266_310_230_80.png,3
kanazawa_266_310_82_82.png,6
kanazawa_266_310_111_127.png,1
kanazawa_266_310_132_155.png,3
kanazawa_266_310_187_88.png,3
kanazawa_266_310_206_148.png,3
kanazawa_266_310_209_198.png,3
kanazawa_266_310_234_204.png,3
kanazawa_266_310_75_70.png,6
kanazawa_266_310_29_153.png,5
kanazawa_266_310_35_176.png,3
kanazawa_266_310_213_186.png,3
kanazawa_266_310_116_220.png,5
kanazawa_266_310_137_203.png,5
kanazawa_266_310_214_130.png,3
kanazawa_266_310_83_292.png,3
kanazawa_266_310_194_193.png,3
kanazawa_266_310_182_208.png,3
kanazawa_266_310_161_90.png,1
kanazawa_266_310_140_151.png,3
kanazawa_266_310_126_198.png,5
kanazawa_266_310_145_90.png,1
kanazawa_266_310_12_119.png,6
kanazawa_266_310_25_80.png,6
kanazawa_266_310_163_183.png,3
kanazawa_266_310_212_241.png,3
kanazawa_266_310_167_34.png,6
kanazawa_266_310_12_106.png,6
kanazawa_266_310_245_198.png,3
kanazawa_266_310_99_236.png,5
kanazawa_266_310_176_201.png,3
kanazawa_266_310_206_99.png,3
kanazawa_266_310_36_67.png,6
kanazawa_266_310_131_126.png,3
kanazawa_266_310_92_111.png,3
kanazawa_266_310_112_139.png,3
kanazawa_266_310_76_118.png,3
kanazawa_266_310_55_106.png,6
kanazawa_266_310_89_206.png,1
kanazawa_266_310_126_154.png,5
kanazawa_266_310_59_229.png,6
kanazawa_266_310_97_273.png,3
kanazawa_266_310_163_81.png,5
kanazawa_266_310_133_265.png,5
kanazawa_266_310_202_146.png,3
kanazawa_266_310_197_185.png,3
kanazawa_266_310_94_111.png,4
kanazawa_266_310_189_152.png,3
kanazawa_266_310_193_141.png,3
kanazawa_266_310_235_114.png,3
kanazawa_266_310_173_139.png,3
kanazawa_266_310_145_116.png,3
kanazawa_266_310_100_227.png,5
kanazawa_266_310_122_181.png,5
kanazawa_266_310_99_267.png,3
kanazawa_266_310_121_133.png,3
kanazawa_266_310_92_101.png,6
kanazawa_266_310_94_94.png,6
kanazawa_266_310_46_187.png,3
kanazawa_266_310_195_221.png,3
kanazawa_266_310_77_78.png,6
kanazawa_266_310_70_292.png,6
kanazawa_266_310_129_44.png,6
kanazawa_266_310_234_95.png,3
kanazawa_266_310_63_272.png,6
kanazawa_266_310_104_178.png,5
kanazawa_266_310_23_75.png,6
kanazawa_266_310_124_128.png,3
kanazawa_266_310_208_239.png,3
kanazawa_266_310_81_86.png,6
kanazawa_266_310_196_113.png,3
kanazawa_266_310_216_163.png,3
kanazawa_266_310_76_215.png,3
kanazawa_266_310_110_63.png,6
kanazawa_266_310_46_129.png,6
kanazawa_266_310_17_136.png,3
kanazawa_266_310_55_70.png,6
kanazawa_266_310_238_163.png,3
kanazawa_266_310_204_93.png,3
kanazawa_266_310_101_50.png,6
kanazawa_266_310_182_132.png,3
kanazawa_266_310_150_84.png,1
kanazawa_266_310_94_269.png,5
kanazawa_266_310_120_200.png,5
kanazawa_266_310_67_241.png,6
kanazawa_266_310_144_118.png,3
kanazawa_266_310_120_180.png,5
kanazawa_266_310_88_263.png,5
kanazawa_266_310_149_177.png,5
kanazawa_266_310_219_106.png,3
kanazawa_266_310_182_21.png,6
kanazawa_266_310_125_141.png,3
kanazawa_266_310_131_171.png,3
kanazawa_266_310_148_116.png,3
kanazawa_266_310_123_94.png,1
kanazawa_266_310_92_288.png,5
kanazawa_266_310_152_62.png,3
kanazawa_266_310_186_262.png,3
kanazawa_266_310_235_227.png,3
kanazawa_266_310_98_285.png,1
kanazawa_266_310_29_143.png,5
kanazawa_266_310_178_267.png,3
kanazawa_266_310_78_255.png,6
kanazawa_266_310_156_180.png,5
kanazawa_266_310_209_247.png,3
kanazawa_266_310_58_124.png,6
kanazawa_266_310_104_148.png,3
kanazawa_266_310_48_72.png,6
kanazawa_266_310_69_201.png,3
kanazawa_266_310_201_178.png,3
kanazawa_266_310_50_191.png,5
kanazawa_266_310_123_151.png,3
kanazawa_266_310_178_142.png,3
kanazawa_266_310_184_105.png,3
kanazawa_266_310_250_228.png,3
kanazawa_266_310_38_75.png,6
kanazawa_266_310_186_16.png,6
kanazawa_266_310_194_109.png,3
kanazawa_266_310_60_83.png,6
kanazawa_266_310_102_215.png,5
kanazawa_266_310_66_240.png,6
kanazawa_266_310_80_133.png,3
kanazawa_266_310_52_230.png,6
kanazawa_266_310_13_97.png,6
kanazawa_266_310_90_140.png,3
kanazawa_266_310_175_197.png,3
kanazawa_266_310_51_132.png,6
kanazawa_266_310_69_121.png,3
kanazawa_266_310_72_123.png,3
kanazawa_266_310_56_189.png,3
kanazawa_266_310_85_279.png,3
kanazawa_266_310_141_171.png,5
kanazawa_266_310_146_197.png,5
kanazawa_266_310_73_232.png,6
kanazawa_266_310_221_38.png,3
kanazawa_266_310_165_88.png,1
kanazawa_266_310_188_114.png,3
kanazawa_266_310_153_33.png,6
kanazawa_266_310_176_228.png,3
kanazawa_266_310_32_158.png,5
kanazawa_266_310_177_144.png,3
kanazawa_266_310_185_45.png,5
kanazawa_266_310_50_282.png,6
kanazawa_266_310_249_182.png,3
kanazawa_266_310_99_289.png,1
kanazawa_266_310_195_132.png,3
kanazawa_266_310_57_264.png,6
kanazawa_266_310_130_178.png,5
kanazawa_266_310_114_277.png,1
kanazawa_266_310_187_27.png,3
kanazawa_266_310_14_82.png,6
kanazawa_266_310_74_102.png,6
kanazawa_266_310_203_105.png,3
kanazawa_266_310_56_241.png,6
kanazawa_266_310_27_88.png,6
kanazawa_266_310_65_56.png,6
kanazawa_266_310_35_165.png,3
kanazawa_266_310_26_187.png,3
kanazawa_266_310_46_99.png,6
kanazawa_266_310_107_249.png,5
kanazawa_266_310_80_59.png,6
kanazawa_266_310_94_131.png,3
kanazawa_266_310_162_92.png,1
kanazawa_266_310_77_119.png,3
kanazawa_266_310_139_256.png,5
kanazawa_266_310_207_39.png,3
kanazawa_266_310_125_52.png,6
kanazawa_266_310_214_119.png,3
kanazawa_266_310_44_56.png,6
kanazawa_266_310_194_254.png,3
kanazawa_266_310_184_220.png,6
kanazawa_266_310_70_135.png,5
kanazawa_266_310_82_71.png,6
kanazawa_266_310_118_46.png,6
kanazawa_266_310_162_118.png,3
kanazawa_266_310_155_133.png,3
kanazawa_266_310_221_253.png,3
kanazawa_266_310_131_191.png,5
kanazawa_266_310_72_95.png,6
kanazawa_266_310_48_266.png,6
kanazawa_266_310_67_297.png,6
kanazawa_266_310_77_169.png,3
kanazawa_266_310_130_204.png,5
kanazawa_266_310_220_250.png,3
kanazawa_266_310_211_222.png,3
kanazawa_266_310_190_117.png,3
kanazawa_266_310_203_43.png,5
kanazawa_266_310_219_235.png,3
kanazawa_266_310_246_183.png,3
kanazawa_266_310_15_62.png,6
kanazawa_266_310_217_202.png,3
kanazawa_266_310_113_199.png,5
kanazawa_266_310_231_104.png,3
kanazawa_266_310_17_76.png,6
kanazawa_266_310_172_118.png,3
kanazawa_266_310_242_164.png,6
kanazawa_266_310_151_221.png,3
kanazawa_266_310_9_104.png,6
kanazawa_266_310_233_228.png,3
kanazawa_266_310_46_88.png,6
kanazawa_266_310_223_139.png,3
kanazawa_266_310_113_261.png,1
kanazawa_266_310_140_46.png,6
kanazawa_266_310_105_263.png,1
kanazawa_266_310_202_151.png,3
kanazawa_266_310_95_106.png,6
kanazawa_266_310_93_160.png,3
kanazawa_266_310_52_62.png,6
kanazawa_266_310_7_80.png,6
kanazawa_266_310_65_142.png,3
kanazawa_266_310_87_81.png,6
kanazawa_266_310_134_152.png,3
kanazawa_266_310_204_251.png,3
kanazawa_266_310_71_280.png,6
kanazawa_266_310_195_230.png,3
kanazawa_266_310_54_81.png,6
kanazawa_266_310_86_98.png,6
kanazawa_266_310_148_214.png,3
kanazawa_266_310_80_183.png,3
kanazawa_266_310_119_75.png,6
kanazawa_266_310_104_74.png,6
kanazawa_266_310_118_243.png,3
kanazawa_266_310_187_114.png,3
kanazawa_266_310_163_97.png,3
kanazawa_266_310_255_215.png,3
kanazawa_266_310_211_216.png,3
kanazawa_266_310_121_257.png,5
kanazawa_266_310_51_228.png,6
kanazawa_266_310_179_123.png,3
kanazawa_266_310_197_18.png,3
kanazawa_266_310_219_153.png,3
kanazawa_266_310_179_135.png,3
kanazawa_266_310_225_189.png,3
kanazawa_266_310_249_199.png,3
kanazawa_266_310_64_171.png,3
kanazawa_266_310_106_171.png,5
kanazawa_266_310_151_79.png,5
kanazawa_266_310_95_239.png,1
kanazawa_266_310_209_21.png,5
kanazawa_266_310_77_229.png,6
kanazawa_266_310_248_184.png,3
kanazawa_266_310_58_57.png,6
kanazawa_266_310_103_114.png,5
kanazawa_266_310_219_56.png,3
kanazawa_266_310_191_27.png,3
kanazawa_266_310_64_162.png,3
kanazawa_266_310_92_81.png,6
kanazawa_266_310_170_75.png,5
kanazawa_266_310_176_211.png,3
kanazawa_266_310_180_254.png,3
kanazawa_266_310_187_259.png,3
kanazawa_266_310_149_194.png,5
kanazawa_266_310_218_112.png,3
kanazawa_266_310_109_80.png,6
kanazawa_266_310_197_155.png,3
kanazawa_266_310_166_143.png,3
kanazawa_266_310_232_211.png,3
kanazawa_266_310_34_154.png,5
kanazawa_266_310_200_77.png,3
kanazawa_266_310_77_79.png,6
kanazawa_266_310_153_152.png,3
kanazawa_266_310_64_98.png,6
kanazawa_266_310_88_59.png,6
kanazawa_266_310_46_268.png,6
kanazawa_266_310_67_201.png,5
kanazawa_266_310_187_144.png,3
kanazawa_266_310_169_213.png,3
kanazawa_266_310_250_180.png,3
kanazawa_266_310_79_116.png,3
kanazawa_266_310_195_12.png,6
kanazawa_266_310_53_251.png,6
kanazawa_266_310_81_221.png,1
kanazawa_266_310_27_61.png,6
kanazawa_266_310_61_109.png,6
kanazawa_266_310_100_79.png,6
kanazawa_266_310_194_223.png,3
kanazawa_266_310_197_67.png,3
kanazawa_266_310_127_265.png,5
kanazawa_266_310_159_36.png,6
kanazawa_266_310_208_241.png,3
kanazawa_266_310_26_196.png,3
kanazawa_266_310_92_104.png,6
kanazawa_266_310_170_34.png,6
kanazawa_266_310_189_208.png,3
kanazawa_266_310_31_91.png,6
kanazawa_266_310_55_65.png,6
kanazawa_266_310_102_91.png,6
kanazawa_266_310_94_41.png,6
kanazawa_266_310_137_60.png,6
kanazawa_266_310_136_56.png,6
kanazawa_266_310_159_230.png,3
kanazawa_266_310_56_94.png,6
kanazawa_266_310_228_53.png,3
kanazawa_266_310_23_67.png,6
kanazawa_266_310_32_67.png,6
kanazawa_266_310_80_295.png,6
kanazawa_266_310_215_212.png,3
kanazawa_266_310_94_197.png,1
kanazawa_266_310_121_72.png,6
kanazawa_266_310_162_196.png,3
kanazawa_266_310_170_167.png,3
kanazawa_266_310_220_69.png,3
kanazawa_266_310_214_53.png,3
kanazawa_266_310_41_101.png,6
kanazawa_266_310_216_150.png,3
kanazawa_266_310_22_145.png,3
kanazawa_266_310_246_173.png,3
kanazawa_266_310_58_63.png,6
kanazawa_266_310_229_145.png,3
kanazawa_266_310_98_41.png,6
kanazawa_266_310_46_189.png,3
kanazawa_266_310_96_260.png,1
kanazawa_266_310_220_107.png,3
kanazawa_266_310_92_138.png,3
kanazawa_266_310_220_95.png,3
kanazawa_266_310_63_75.png,6
kanazawa_266_310_71_268.png,6
kanazawa_266_310_71_48.png,6
kanazawa_266_310_151_102.png,1
kanazawa_266_310_191_124.png,3
kanazawa_266_310_113_226.png,3
kanazawa_266_310_209_246.png,3
kanazawa_266_310_117_83.png,6
kanazawa_266_310_65_78.png,6
kanazawa_266_310_101_271.png,3
kanazawa_266_310_93_288.png,5
kanazawa_266_310_241_225.png,3
kanazawa_266_310_220_201.png,3
kanazawa_266_310_91_106.png,6
kanazawa_266_310_158_100.png,3
kanazawa_266_310_62_197.png,5
kanazawa_266_310_77_212.png,3
kanazawa_266_310_109_264.png,5
kanazawa_266_310_203_127.png,3
kanazawa_266_310_106_192.png,5
kanazawa_266_310_24_165.png,5
kanazawa_266_310_137_244.png,3
kanazawa_266_310_112_50.png,6
kanazawa_266_310_241_221.png,3
kanazawa_266_310_257_206.png,3
kanazawa_266_310_177_156.png,3
kanazawa_266_310_180_225.png,3
kanazawa_266_310_154_100.png,1
kanazawa_266_310_130_278.png,5
kanazawa_266_310_160_261.png,3
kanazawa_266_310_187_54.png,5
kanazawa_266_310_34_175.png,3
kanazawa_266_310_112_92.png,6
kanazawa_266_310_153_272.png,3
kanazawa_266_310_137_135.png,3
kanazawa_266_310_240_166.png,3
kanazawa_266_310_57_61.png,6
kanazawa_266_310_156_59.png,3
kanazawa_266_310_39_248.png,6
kanazawa_266_310_192_96.png,3
kanazawa_266_310_153_96.png,1
kanazawa_266_310_124_142.png,3
kanazawa_266_310_15_133.png,6
kanazawa_266_310_117_183.png,5
kanazawa_266_310_92_248.png,5
kanazawa_266_310_242_148.png,3
kanazawa_266_310_154_273.png,3
kanazawa_266_310_216_214.png,3
kanazawa_266_310_127_125.png,3
kanazawa_266_310_143_188.png,5
kanazawa_266_310_121_284.png,5
kanazawa_266_310_95_92.png,6
kanazawa_266_310_52_305.png,6
kanazawa_266_310_182_234.png,3
kanazawa_266_310_42_62.png,6
kanazawa_266_310_32_114.png,6
kanazawa_266_310_40_256.png,6
kanazawa_266_310_95_71.png,6
kanazawa_266_310_56_57.png,6
kanazawa_266_310_245_214.png,3
kanazawa_266_310_183_221.png,5
kanazawa_266_310_14_129.png,6
kanazawa_266_310_40_145.png,5
kanazawa_266_310_94_64.png,6
kanazawa_266_310_226_207.png,3
kanazawa_266_310_57_89.png,6
kanazawa_266_310_158_38.png,6
kanazawa_266_310_206_153.png,3
kanazawa_266_310_219_36.png,3
kanazawa_266_310_180_232.png,3
kanazawa_266_310_148_57.png,6
kanazawa_266_310_212_175.png,3
kanazawa_266_310_197_73.png,3
kanazawa_266_310_206_108.png,3
kanazawa_266_310_32_65.png,6
kanazawa_266_310_194_78.png,3
kanazawa_266_310_36_122.png,6
kanazawa_266_310_74_213.png,3
kanazawa_266_310_222_169.png,3
kanazawa_266_310_47_65.png,6
kanazawa_266_310_65_70.png,6
kanazawa_266_310_56_157.png,3
kanazawa_266_310_240_174.png,3
kanazawa_266_310_131_52.png,6
kanazawa_266_310_220_80.png,3
kanazawa_266_310_194_153.png,3
kanazawa_266_310_185_134.png,3
kanazawa_266_310_133_214.png,3
kanazawa_266_310_160_250.png,3
kanazawa_266_310_50_83.png,6
kanazawa_266_310_92_66.png,6
kanazawa_266_310_198_75.png,3
kanazawa_266_310_174_173.png,3
kanazawa_266_310_202_95.png,3
kanazawa_266_310_35_235.png,6
kanazawa_266_310_163_31.png,6
kanazawa_266_310_72_53.png,6
kanazawa_266_310_115_178.png,5
kanazawa_266_310_240_197.png,3
kanazawa_266_310_71_91.png,6
kanazawa_266_310_112_75.png,6
kanazawa_266_310_109_166.png,3
kanazawa_266_310_159_128.png,3
kanazawa_266_310_118_103.png,3
kanazawa_266_310_222_232.png,3
kanazawa_266_310_187_261.png,3
kanazawa_266_310_173_205.png,3
kanazawa_266_310_204_166.png,3
kanazawa_266_310_133_53.png,6
kanazawa_266_310_188_123.png,3
kanazawa_266_310_230_167.png,3
kanazawa_266_310_205_59.png,3
kanazawa_266_310_244_234.png,3
kanazawa_266_310_160_248.png,3
kanazawa_266_310_60_219.png,6
kanazawa_266_310_174_89.png,5
kanazawa_266_310_149_209.png,3
kanazawa_266_310_33_70.png,6
kanazawa_266_310_157_97.png,1
kanazawa_266_310_45_117.png,6
kanazawa_266_310_160_267.png,3
kanazawa_266_310_115_275.png,1
kanazawa_266_310_129_220.png,3
kanazawa_266_310_102_119.png,5
kanazawa_266_310_76_60.png,6
kanazawa_266_310_99_88.png,6
kanazawa_266_310_194_252.png,3
kanazawa_266_310_127_133.png,5
kanazawa_266_310_179_34.png,6
kanazawa_266_310_118_92.png,3
kanazawa_266_310_132_40.png,6
kanazawa_266_310_178_159.png,3
kanazawa_266_310_79_257.png,6
kanazawa_266_310_245_163.png,3
kanazawa_266_310_244_198.png,3
kanazawa_266_310_159_221.png,3
kanazawa_266_310_255_213.png,3
kanazawa_266_310_214_43.png,3
kanazawa_266_310_45_285.png,6
kanazawa_266_310_216_152.png,3
kanazawa_266_310_148_107.png,1
kanazawa_266_310_199_40.png,1
kanazawa_266_310_105_170.png,5
kanazawa_266_310_89_205.png,1
kanazawa_266_310_114_56.png,6
kanazawa_266_310_192_251.png,3
kanazawa_266_310_52_221.png,6
kanazawa_266_310_129_211.png,5
kanazawa_266_310_165_89.png,1
kanazawa_266_310_36_78.png,6
kanazawa_266_310_105_94.png,6
kanazawa_266_310_146_58.png,3
kanazawa_266_310_165_221.png,3
kanazawa_266_310_82_277.png,3
kanazawa_266_310_13_75.png,6
kanazawa_266_310_38_204.png,3
kanazawa_266_310_166_38.png,6
kanazawa_266_310_149_55.png,6
kanazawa_266_310_120_55.png,6
kanazawa_266_310_111_66.png,6
kanazawa_266_310_61_266.png,6
kanazawa_266_310_231_224.png,3
kanazawa_266_310_210_154.png,3
kanazawa_266_310_237_137.png,3
kanazawa_266_310_155_256.png,3
kanazawa_266_310_162_37.png,6
kanazawa_266_310_196_73.png,3
kanazawa_266_310_154_170.png,5
kanazawa_266_310_107_285.png,1
kanazawa_266_310_60_64.png,6
kanazawa_266_310_180_39.png,1
kanazawa_266_310_188_215.png,3
kanazawa_266_310_61_80.png,6
kanazawa_266_310_191_159.png,3
kanazawa_266_310_214_156.png,3
kanazawa_266_310_82_176.png,3
kanazawa_266_310_212_14.png,6
kanazawa_266_310_182_145.png,3
kanazawa_266_310_53_102.png,6
kanazawa_266_310_54_225.png,6
kanazawa_266_310_107_153.png,3
kanazawa_266_310_229_166.png,3
kanazawa_266_310_194_147.png,3
kanazawa_266_310_39_217.png,6
kanazawa_266_310_46_98.png,6
kanazawa_266_310_54_89.png,6
kanazawa_266_310_247_171.png,3
kanazawa_266_310_206_197.png,3
kanazawa_266_310_174_94.png,3
kanazawa_266_310_236_140.png,3
kanazawa_266_310_100_176.png,3
kanazawa_266_310_93_237.png,5
kanazawa_266_310_55_107.png,6
kanazawa_266_310_66_60.png,6
kanazawa_266_310_106_253.png,5
kanazawa_266_310_144_53.png,6
kanazawa_266_310_140_248.png,3
kanazawa_266_310_169_128.png,3
kanazawa_266_310_151_52.png,6
kanazawa_266_310_112_104.png,5
kanazawa_266_310_134_92.png,1
kanazawa_266_310_101_137.png,3
kanazawa_266_310_68_115.png,6
kanazawa_266_310_38_67.png,6
kanazawa_266_310_168_231.png,3
kanazawa_266_310_33_154.png,5
kanazawa_266_310_110_208.png,5
kanazawa_266_310_106_91.png,6
kanazawa_266_310_154_268.png,3
kanazawa_266_310_130_198.png,5
kanazawa_266_310_63_103.png,6
kanazawa_266_310_180_130.png,3
kanazawa_266_310_220_196.png,3
kanazawa_266_310_173_81.png,5
kanazawa_266_310_247_192.png,3
kanazawa_266_310_76_130.png,5
kanazawa_266_310_76_264.png,6
kanazawa_266_310_71_132.png,5
kanazawa_266_310_89_91.png,6
kanazawa_266_310_118_157.png,3
kanazawa_266_310_188_258.png,3
kanazawa_266_310_104_176.png,5
kanazawa_266_310_23_63.png,6
kanazawa_266_310_196_216.png,3
kanazawa_266_310_71_108.png,6
kanazawa_266_310_90_191.png,5
kanazawa_266_310_81_96.png,6
kanazawa_266_310_212_24.png,5
kanazawa_266_310_246_217.png,3
kanazawa_266_310_164_199.png,3
kanazawa_266_310_192_18.png,6
kanazawa_266_310_69_78.png,6
kanazawa_266_310_133_106.png,5
kanazawa_266_310_196_162.png,3
kanazawa_266_310_112_155.png,3
kanazawa_266_310_230_158.png,3
kanazawa_266_310_127_118.png,3
kanazawa_266_310_227_134.png,3
kanazawa_266_310_169_150.png,3
kanazawa_266_310_29_105.png,6
kanazawa_266_310_62_227.png,6
kanazawa_266_310_71_59.png,6
kanazawa_266_310_181_100.png,3
kanazawa_266_310_161_216.png,3
kanazawa_266_310_179_22.png,6
kanazawa_266_310_97_119.png,5
kanazawa_266_310_144_190.png,5
kanazawa_266_310_220_207.png,3
kanazawa_266_310_150_151.png,3
kanazawa_266_310_198_32.png,5
kanazawa_266_310_247_214.png,3
kanazawa_266_310_220_221.png,3
kanazawa_266_310_157_233.png,3
kanazawa_266_310_225_225.png,3
kanazawa_266_310_215_194.png,3
kanazawa_266_310_175_183.png,3
kanazawa_266_310_186_170.png,3
kanazawa_266_310_236_162.png,3
kanazawa_266_310_226_146.png,3
kanazawa_266_310_241_213.png,3
kanazawa_266_310_117_42.png,6
kanazawa_266_310_90_260.png,5
kanazawa_266_310_221_125.png,3
kanazawa_266_310_61_67.png,6
kanazawa_266_310_80_63.png,6
kanazawa_266_310_94_254.png,5
kanazawa_266_310_75_214.png,3
kanazawa_266_310_122_183.png,5
kanazawa_266_310_62_59.png,6
kanazawa_266_310_40_254.png,6
kanazawa_266_310_123_282.png,5
kanazawa_266_310_135_86.png,1
kanazawa_266_310_61_59.png,6
kanazawa_266_310_167_208.png,3
kanazawa_266_310_50_255.png,6
kanazawa_266_310_120_234.png,3
kanazawa_266_310_98_96.png,6
kanazawa_266_310_178_143.png,3
kanazawa_266_310_41_64.png,6
kanazawa_266_310_183_243.png,3
kanazawa_266_310_67_96.png,6
kanazawa_266_310_72_269.png,6
kanazawa_266_310_180_137.png,3
kanazawa_266_310_191_111.png,3
kanazawa_266_310_65_237.png,6
kanazawa_266_310_30_203.png,3
kanazawa_266_310_195_253.png,3
kanazawa_266_310_186_57.png,1
kanazawa_266_310_86_145.png,3
kanazawa_266_310_95_78.png,6
kanazawa_266_310_210_112.png,3
kanazawa_266_310_66_130.png,3
kanazawa_266_310_215_79.png,3
kanazawa_266_310_130_120.png,3
kanazawa_266_310_225_123.png,3
kanazawa_266_310_195_234.png,3
kanazawa_266_310_234_205.png,3
kanazawa_266_310_181_41.png,1
kanazawa_266_310_112_287.png,1
kanazawa_266_310_190_158.png,3
kanazawa_266_310_35_120.png,6
kanazawa_266_310_77_60.png,6
kanazawa_266_310_196_176.png,3
kanazawa_266_310_252_184.png,3
kanazawa_266_310_120_206.png,5
kanazawa_266_310_115_154.png,3
kanazawa_266_310_63_245.png,6
kanazawa_266_310_94_60.png,6
kanazawa_266_310_200_211.png,3
kanazawa_266_310_51_64.png,6
kanazawa_266_310_180_23.png,6
kanazawa_266_310_237_227.png,3
kanazawa_266_310_107_204.png,1
kanazawa_266_310_119_278.png,5
kanazawa_266_310_213_199.png,3
kanazawa_266_310_163_86.png,5
kanazawa_266_310_40_258.png,6
kanazawa_266_310_221_153.png,3
kanazawa_266_310_222_151.png,3
kanazawa_266_310_223_142.png,3
kanazawa_266_310_174_197.png,3
kanazawa_266_310_172_184.png,3
kanazawa_266_310_121_49.png,6
kanazawa_266_310_73_66.png,6
kanazawa_266_310_229_153.png,3
kanazawa_266_310_116_64.png,6
kanazawa_266_310_31_153.png,5
kanazawa_266_310_65_104.png,6
kanazawa_266_310_239_138.png,3
kanazawa_266_310_113_95.png,3
kanazawa_266_310_45_74.png,6
kanazawa_266_310_15_76.png,6
kanazawa_266_310_151_270.png,3
kanazawa_266_310_145_42.png,6
kanazawa_266_310_186_52.png,5
kanazawa_266_310_211_205.png,3
kanazawa_266_310_156_145.png,3
kanazawa_266_310_225_52.png,3
kanazawa_266_310_199_145.png,3
kanazawa_266_310_73_275.png,6
kanazawa_266_310_238_128.png,3
kanazawa_266_310_87_258.png,5
kanazawa_266_310_68_189.png,3
kanazawa_266_310_94_218.png,1
kanazawa_266_310_209_242.png,3
kanazawa_266_310_48_225.png,6
kanazawa_266_310_182_173.png,3
kanazawa_266_310_200_234.png,3
kanazawa_266_310_52_143.png,5
kanazawa_266_310_171_202.png,3
kanazawa_266_310_74_238.png,6
kanazawa_266_310_17_138.png,5
kanazawa_266_310_146_233.png,3
kanazawa_266_310_53_54.png,6
kanazawa_266_310_27_79.png,6
kanazawa_266_310_48_304.png,6
kanazawa_266_310_113_62.png,6
kanazawa_266_310_222_192.png,3
kanazawa_266_310_51_211.png,6
kanazawa_266_310_111_151.png,3
kanazawa_266_310_42_239.png,6
kanazawa_266_310_57_275.png,6
kanazawa_266_310_10_98.png,6
kanazawa_266_310_69_115.png,6
kanazawa_266_310_122_122.png,3
kanazawa_266_310_154_232.png,3
kanazawa_266_310_38_101.png,6
kanazawa_266_310_130_223.png,3
kanazawa_266_310_206_136.png,3
kanazawa_266_310_206_236.png,3
kanazawa_266_310_163_144.png,3
kanazawa_266_310_79_237.png,1
kanazawa_266_310_65_232.png,6
kanazawa_266_310_70_204.png,3
kanazawa_266_310_47_265.png,6
kanazawa_266_310_218_183.png,3
kanazawa_266_310_124_222.png,3
kanazawa_266_310_237_221.png,3
kanazawa_266_310_44_279.png,6
kanazawa_266_310_217_68.png,3
kanazawa_266_310_122_171.png,5
kanazawa_266_310_47_222.png,6
kanazawa_266_310_48_255.png,6
kanazawa_266_310_87_87.png,6
kanazawa_266_310_215_222.png,3
kanazawa_266_310_132_73.png,6
kanazawa_266_310_92_260.png,5
kanazawa_266_310_254_208.png,3
kanazawa_266_310_191_178.png,3
kanazawa_266_310_173_180.png,3
kanazawa_266_310_159_103.png,3
kanazawa_266_310_103_261.png,3
kanazawa_266_310_187_200.png,3
kanazawa_266_310_83_91.png,6
kanazawa_266_310_109_55.png,6
kanazawa_266_310_50_242.png,6
kanazawa_266_310_178_119.png,3
kanazawa_266_310_233_245.png,3
kanazawa_266_310_175_240.png,3
kanazawa_266_310_145_238.png,3
kanazawa_266_310_73_97.png,6
kanazawa_266_310_84_202.png,1
kanazawa_266_310_53_273.png,6
kanazawa_266_310_149_173.png,1
kanazawa_266_310_36_220.png,6
kanazawa_266_310_26_87.png,6
kanazawa_266_310_240_209.png,3
kanazawa_266_310_137_178.png,5
kanazawa_266_310_132_57.png,6
kanazawa_266_310_119_65.png,6
kanazawa_266_310_178_21.png,6
kanazawa_266_310_86_109.png,6
kanazawa_266_310_85_45.png,6
kanazawa_266_310_81_60.png,6
kanazawa_266_310_128_146.png,3
kanazawa_266_310_70_233.png,6
kanazawa_266_310_200_114.png,3
kanazawa_266_310_188_202.png,3
kanazawa_266_310_231_217.png,3
kanazawa_266_310_148_99.png,1
kanazawa_266_310_111_59.png,6
kanazawa_266_310_55_84.png,6
kanazawa_266_310_58_216.png,6
kanazawa_266_310_61_290.png,6
kanazawa_266_310_141_118.png,3
kanazawa_266_310_67_174.png,3
kanazawa_266_310_22_89.png,6
kanazawa_266_310_238_170.png,3
kanazawa_266_310_218_247.png,3
kanazawa_266_310_92_203.png,5
kanazawa_266_310_188_151.png,3
kanazawa_266_310_20_149.png,3
kanazawa_266_310_111_62.png,6
kanazawa_266_310_137_197.png,5
kanazawa_266_310_193_157.png,3
kanazawa_266_310_245_234.png,3
kanazawa_266_310_97_289.png,5
kanazawa_266_310_35_173.png,3
kanazawa_266_310_44_110.png,6
kanazawa_266_310_96_89.png,6
kanazawa_266_310_64_301.png,6
kanazawa_266_310_215_233.png,3
kanazawa_266_310_79_230.png,5
kanazawa_266_310_196_79.png,3
kanazawa_266_310_214_191.png,3
kanazawa_266_310_138_136.png,3
kanazawa_266_310_111_258.png,5
kanazawa_266_310_221_239.png,3
kanazawa_266_310_217_190.png,3
kanazawa_266_310_199_81.png,3
kanazawa_266_310_251_214.png,3
kanazawa_266_310_150_215.png,3
kanazawa_266_310_53_284.png,6
kanazawa_266_310_46_196.png,5
kanazawa_266_310_238_132.png,3
kanazawa_266_310_128_156.png,3
kanazawa_266_310_114_206.png,5
kanazawa_266_310_90_229.png,5
kanazawa_266_310_175_104.png,3
kanazawa_266_310_192_154.png,3
kanazawa_266_310_112_154.png,3
kanazawa_266_310_171_261.png,3
kanazawa_266_310_187_207.png,3
kanazawa_266_310_211_208.png,3
kanazawa_266_310_197_252.png,3
kanazawa_266_310_224_64.png,3
kanazawa_266_310_111_137.png,3
kanazawa_266_310_216_169.png,3
kanazawa_266_310_126_44.png,6
kanazawa_266_310_181_182.png,3
kanazawa_266_310_56_264.png,6
kanazawa_266_310_158_37.png,6
kanazawa_266_310_76_160.png,3
kanazawa_266_310_107_144.png,3
kanazawa_266_310_130_255.png,5
kanazawa_266_310_179_189.png,3
kanazawa_266_310_88_105.png,6
kanazawa_266_310_23_62.png,6
kanazawa_266_310_221_188.png,3
kanazawa_266_310_79_249.png,5
kanazawa_266_310_53_94.png,6
kanazawa_266_310_209_239.png,3
kanazawa_266_310_89_113.png,3
kanazawa_266_310_40_90.png,6
kanazawa_266_310_160_229.png,3
kanazawa_266_310_53_158.png,3
kanazawa_266_310_130_53.png,6
kanazawa_266_310_117_56.png,6
kanazawa_266_310_95_275.png,5
kanazawa_266_310_189_159.png,3
kanazawa_266_310_179_195.png,3
kanazawa_266_310_103_39.png,6
kanazawa_266_310_193_205.png,3
kanazawa_266_310_59_226.png,6
kanazawa_266_310_163_146.png,3
kanazawa_266_310_150_221.png,3
kanazawa_266_310_35_122.png,6
kanazawa_266_310_76_157.png,3
kanazawa_266_310_181_177.png,3
kanazawa_266_310_165_62.png,5
kanazawa_266_310_71_291.png,6
kanazawa_266_310_28_79.png,6
kanazawa_266_310_94_39.png,6
kanazawa_266_310_227_147.png,3
kanazawa_266_310_85_244.png,1
kanazawa_266_310_35_79.png,6
kanazawa_266_310_141_254.png,3
kanazawa_266_310_182_16.png,6
kanazawa_266_310_68_156.png,3
kanazawa_266_310_214_47.png,5
kanazawa_266_310_112_140.png,5
kanazawa_266_310_216_196.png,3
kanazawa_266_310_192_51.png,5
kanazawa_266_310_135_53.png,6
kanazawa_266_310_31_104.png,6
kanazawa_266_310_122_282.png,5
kanazawa_266_310_67_67.png,6
kanazawa_266_310_250_179.png,3
kanazawa_266_310_199_198.png,3
kanazawa_266_310_156_147.png,3
kanazawa_266_310_155_45.png,6
kanazawa_266_310_223_192.png,3
kanazawa_266_310_174_214.png,3
kanazawa_266_310_156_271.png,3
kanazawa_266_310_214_64.png,3
kanazawa_266_310_196_209.png,3
kanazawa_266_310_152_216.png,3
kanazawa_266_310_186_205.png,3
kanazawa_266_310_153_174.png,5
kanazawa_266_310_228_235.png,3
kanazawa_266_310_40_168.png,3
kanazawa_266_310_149_92.png,1
kanazawa_266_310_55_296.png,6
kanazawa_266_310_125_95.png,1
kanazawa_266_310_219_135.png,3
kanazawa_266_310_111_282.png,1
kanazawa_266_310_87_111.png,6
kanazawa_266_310_240_196.png,3
kanazawa_266_310_79_76.png,6
kanazawa_266_310_101_165.png,3
kanazawa_266_310_25_66.png,6
kanazawa_266_310_125_246.png,5
kanazawa_266_310_201_175.png,3
kanazawa_266_310_224_80.png,3
kanazawa_266_310_23_109.png,6
kanazawa_266_310_225_137.png,3
kanazawa_266_310_61_285.png,6
kanazawa_266_310_125_82.png,3
kanazawa_266_310_85_123.png,2
kanazawa_266_310_121_174.png,5
kanazawa_266_310_179_36.png,3
kanazawa_266_310_82_122.png,1
kanazawa_266_310_103_74.png,6
kanazawa_266_310_72_71.png,6
kanazawa_266_310_217_97.png,5
kanazawa_266_310_36_218.png,6
kanazawa_266_310_59_224.png,6
kanazawa_266_310_67_298.png,6
kanazawa_266_310_198_175.png,3
kanazawa_266_310_79_189.png,3
kanazawa_266_310_94_272.png,5
kanazawa_266_310_179_76.png,5
kanazawa_266_310_106_274.png,1
kanazawa_266_310_136_174.png,5
kanazawa_266_310_175_204.png,3
kanazawa_266_310_84_278.png,3
kanazawa_266_310_176_245.png,3
kanazawa_266_310_243_216.png,3
kanazawa_266_310_90_107.png,6
kanazawa_266_310_135_100.png,1
kanazawa_266_310_241_130.png,3
kanazawa_266_310_107_188.png,5
kanazawa_266_310_98_239.png,1
kanazawa_266_310_209_39.png,3
kanazawa_266_310_139_202.png,5
kanazawa_266_310_48_296.png,6
kanazawa_266_310_72_90.png,6
kanazawa_266_310_32_226.png,6
kanazawa_266_310_213_133.png,3
kanazawa_266_310_159_119.png,3
kanazawa_266_310_48_301.png,6
kanazawa_266_310_118_90.png,3
kanazawa_266_310_11_94.png,6
kanazawa_266_310_157_254.png,3
kanazawa_266_310_121_217.png,5
kanazawa_266_310_146_130.png,3
kanazawa_266_310_166_207.png,3
kanazawa_266_310_141_92.png,1
kanazawa_266_310_123_87.png,3
kanazawa_266_310_223_106.png,3
kanazawa_266_310_177_159.png,3
kanazawa_266_310_115_79.png,6
kanazawa_266_310_36_173.png,3
kanazawa_266_310_90_275.png,5
kanazawa_266_310_61_234.png,6
kanazawa_266_310_47_221.png,6
kanazawa_266_310_148_86.png,1
kanazawa_266_310_215_250.png,3
kanazawa_266_310_77_50.png,6
kanazawa_266_310_128_253.png,5
kanazawa_266_310_207_96.png,3
kanazawa_266_310_146_151.png,3
kanazawa_266_310_210_36.png,5
kanazawa_266_310_82_265.png,6
kanazawa_266_310_135_145.png,3
kanazawa_266_310_210_122.png,3
kanazawa_266_310_73_287.png,6
kanazawa_266_310_194_200.png,3
kanazawa_266_310_191_106.png,3
kanazawa_266_310_182_230.png,3
kanazawa_266_310_210_196.png,3
kanazawa_266_310_178_105.png,3
kanazawa_266_310_66_281.png,6
kanazawa_266_310_91_276.png,1
kanazawa_266_310_112_174.png,5
kanazawa_266_310_40_217.png,6
kanazawa_266_310_128_77.png,3
kanazawa_266_310_204_105.png,3
kanazawa_266_310_233_213.png,3
kanazawa_266_310_58_212.png,6
kanazawa_266_310_145_264.png,3
kanazawa_266_310_146_56.png,6
kanazawa_266_310_79_265.png,6
kanazawa_266_310_52_215.png,6
kanazawa_266_310_65_239.png,6
kanazawa_266_310_29_212.png,3
kanazawa_266_310_207_194.png,3
kanazawa_266_310_136_68.png,3
kanazawa_266_310_241_216.png,3
kanazawa_266_310_103_41.png,6
kanazawa_266_310_120_92.png,3
kanazawa_266_310_249_169.png,3
kanazawa_266_310_130_74.png,6
kanazawa_266_310_201_223.png,3
kanazawa_266_310_135_215.png,3
kanazawa_266_310_213_197.png,3
kanazawa_266_310_135_68.png,6
kanazawa_266_310_182_176.png,3
kanazawa_266_310_222_55.png,3
kanazawa_266_310_228_223.png,3
kanazawa_266_310_152_235.png,3
kanazawa_266_310_100_279.png,1
kanazawa_266_310_112_77.png,6
kanazawa_266_310_12_87.png,6
kanazawa_266_310_166_66.png,5
kanazawa_266_310_77_92.png,6
kanazawa_266_310_243_197.png,3
kanazawa_266_310_201_143.png,3
kanazawa_266_310_96_56.png,6
kanazawa_266_310_41_253.png,6
kanazawa_266_310_49_186.png,3
kanazawa_266_310_23_170.png,5
kanazawa_266_310_48_122.png,6
kanazawa_266_310_112_280.png,1
kanazawa_266_310_79_95.png,6
kanazawa_266_310_22_96.png,6
kanazawa_266_310_130_59.png,6
kanazawa_266_310_112_60.png,6
kanazawa_266_310_37_83.png,6
kanazawa_266_310_12_68.png,6
kanazawa_266_310_190_179.png,3
kanazawa_266_310_163_111.png,5
kanazawa_266_310_107_118.png,5
kanazawa_266_310_70_81.png,6
kanazawa_266_310_53_121.png,6
kanazawa_266_310_24_168.png,5
kanazawa_266_310_62_230.png,6
kanazawa_266_310_177_153.png,3
kanazawa_266_310_218_203.png,3
kanazawa_266_310_79_273.png,6
kanazawa_266_310_75_73.png,6
kanazawa_266_310_132_42.png,6
kanazawa_266_310_210_22.png,2
kanazawa_266_310_51_278.png,6
kanazawa_266_310_216_147.png,3
kanazawa_266_310_52_91.png,6
kanazawa_266_310_26_121.png,6
kanazawa_266_310_99_82.png,6
kanazawa_266_310_146_168.png,1
kanazawa_266_310_40_227.png,6
kanazawa_266_310_146_133.png,3
kanazawa_266_310_232_147.png,3
kanazawa_266_310_232_110.png,3
kanazawa_266_310_240_129.png,3
kanazawa_266_310_130_251.png,5
kanazawa_266_310_169_203.png,3
kanazawa_266_310_225_101.png,3
kanazawa_266_310_47_93.png,6
kanazawa_266_310_49_95.png,6
kanazawa_266_310_205_234.png,3
kanazawa_266_310_216_14.png,5
kanazawa_266_310_183_161.png,3
kanazawa_266_310_150_148.png,3
kanazawa_266_310_152_172.png,5
kanazawa_266_310_36_147.png,5
kanazawa_266_310_188_54.png,5
kanazawa_266_310_208_105.png,3
kanazawa_266_310_79_160.png,3
kanazawa_266_310_191_18.png,6
kanazawa_266_310_212_189.png,3
kanazawa_266_310_197_212.png,3
kanazawa_266_310_111_245.png,5
kanazawa_266_310_63_114.png,6
kanazawa_266_310_186_230.png,3
kanazawa_266_310_224_100.png,3
kanazawa_266_310_125_112.png,1
kanazawa_266_310_36_223.png,6
kanazawa_266_310_10_87.png,6
kanazawa_266_310_35_94.png,6
kanazawa_266_310_149_58.png,6
kanazawa_266_310_71_290.png,6
kanazawa_266_310_201_81.png,3
kanazawa_266_310_248_208.png,3
kanazawa_266_310_34_219.png,3
kanazawa_266_310_176_193.png,3
kanazawa_266_310_100_141.png,3
kanazawa_266_310_113_263.png,1
kanazawa_266_310_89_252.png,5
kanazawa_266_310_102_195.png,5
kanazawa_266_310_167_186.png,3
kanazawa_266_310_208_229.png,3
kanazawa_266_310_74_257.png,6
kanazawa_266_310_43_96.png,6
kanazawa_266_310_213_246.png,3
kanazawa_266_310_190_258.png,3
kanazawa_266_310_58_274.png,6
kanazawa_266_310_203_232.png,3
kanazawa_266_310_146_200.png,1
kanazawa_266_310_34_117.png,6
kanazawa_266_310_63_73.png,6
kanazawa_266_310_206_74.png,3
kanazawa_266_310_233_221.png,3
kanazawa_266_310_151_111.png,1
kanazawa_266_310_200_82.png,3
kanazawa_266_310_224_251.png,3
kanazawa_266_310_21_111.png,6
kanazawa_266_310_186_12.png,6
kanazawa_266_310_49_214.png,6
kanazawa_266_310_139_159.png,3
kanazawa_266_310_173_91.png,3
kanazawa_266_310_69_188.png,3
kanazawa_266_310_197_81.png,3
kanazawa_266_310_136_82.png,5
kanazawa_266_310_183_135.png,3
kanazawa_266_310_122_116.png,5
kanazawa_266_310_186_134.png,3
kanazawa_266_310_126_172.png,5
kanazawa_266_310_183_154.png,3
kanazawa_266_310_210_98.png,3
kanazawa_266_310_39_265.png,6
kanazawa_266_310_100_133.png,3
kanazawa_266_310_93_66.png,6
kanazawa_266_310_195_255.png,3
kanazawa_266_310_181_187.png,3
kanazawa_266_310_243_133.png,3
kanazawa_266_310_35_145.png,5
kanazawa_266_310_155_200.png,3
kanazawa_266_310_111_54.png,6
kanazawa_266_310_183_48.png,5
kanazawa_266_310_172_225.png,3
kanazawa_266_310_39_255.png,6
kanazawa_266_310_234_91.png,3
kanazawa_266_310_32_64.png,6
kanazawa_266_310_206_78.png,3
kanazawa_266_310_90_136.png,3
kanazawa_266_310_120_178.png,5
kanazawa_266_310_133_107.png,1
kanazawa_266_310_167_225.png,3
kanazawa_266_310_214_21.png,5
kanazawa_266_310_196_141.png,3
kanazawa_266_310_148_100.png,1
kanazawa_266_310_78_54.png,6
kanazawa_266_310_108_215.png,1
kanazawa_266_310_199_179.png,3
kanazawa_266_310_223_189.png,3
kanazawa_266_310_176_189.png,3
kanazawa_266_310_157_30.png,6
kanazawa_266_310_133_68.png,3
kanazawa_266_310_157_133.png,3
kanazawa_266_310_116_258.png,1
kanazawa_266_310_241_127.png,3
kanazawa_266_310_228_158.png,3
kanazawa_266_310_80_290.png,3
kanazawa_266_310_45_71.png,6
kanazawa_266_310_160_147.png,3
kanazawa_266_310_165_170.png,5
kanazawa_266_310_196_40.png,1
kanazawa_266_310_74_59.png,6
kanazawa_266_310_193_178.png,3
kanazawa_266_310_84_209.png,1
kanazawa_266_310_176_262.png,3
kanazawa_266_310_160_144.png,3
kanazawa_266_310_79_68.png,6
kanazawa_266_310_253_192.png,3
kanazawa_266_310_155_220.png,3
kanazawa_266_310_99_150.png,3
kanazawa_266_310_64_288.png,6
kanazawa_266_310_26_160.png,5
kanazawa_266_310_241_135.png,3
kanazawa_266_310_70_271.png,6
kanazawa_266_310_144_80.png,1
kanazawa_266_310_166_78.png,5
kanazawa_266_310_97_99.png,6
kanazawa_266_310_234_90.png,3
kanazawa_266_310_121_235.png,3
kanazawa_266_310_181_256.png,3
kanazawa_266_310_222_107.png,3
kanazawa_266_310_163_224.png,3
kanazawa_266_310_186_246.png,3
kanazawa_266_310_33_88.png,6
kanazawa_266_310_88_194.png,5
kanazawa_266_310_146_178.png,5
kanazawa_266_310_129_228.png,3
kanazawa_266_310_190_233.png,3
kanazawa_266_310_143_166.png,5
kanazawa_266_310_218_248.png,3
kanazawa_266_310_82_256.png,4
kanazawa_266_310_53_56.png,6
kanazawa_266_310_111_60.png,6
kanazawa_266_310_90_78.png,6
kanazawa_266_310_184_172.png,3
kanazawa_266_310_198_211.png,3
kanazawa_266_310_231_227.png,3
kanazawa_266_310_117_142.png,3
kanazawa_266_310_32_100.png,6
kanazawa_266_310_224_245.png,3
kanazawa_266_310_35_158.png,5
kanazawa_266_310_125_195.png,1
kanazawa_266_310_194_114.png,3
kanazawa_266_310_22_121.png,6
kanazawa_266_310_28_90.png,6
kanazawa_266_310_119_48.png,6
kanazawa_266_310_54_112.png,6
kanazawa_266_310_36_79.png,6
kanazawa_266_310_90_79.png,6
kanazawa_266_310_159_234.png,3
kanazawa_266_310_8_98.png,6
kanazawa_266_310_39_81.png,6
kanazawa_266_310_113_269.png,5
kanazawa_266_310_90_272.png,5
kanazawa_266_310_81_127.png,3
kanazawa_266_310_223_250.png,3
kanazawa_266_310_86_64.png,6
kanazawa_266_310_242_143.png,3
kanazawa_266_310_37_157.png,5
kanazawa_266_310_200_30.png,5
kanazawa_266_310_192_107.png,3
kanazawa_266_310_132_167.png,3
kanazawa_266_310_192_105.png,3
kanazawa_266_310_73_260.png,6
kanazawa_266_310_150_220.png,3
kanazawa_266_310_32_220.png,3
kanazawa_266_310_216_145.png,3
kanazawa_266_310_74_289.png,6
kanazawa_266_310_91_169.png,3
kanazawa_266_310_237_183.png,3
kanazawa_266_310_244_241.png,3
kanazawa_266_310_174_205.png,3
kanazawa_266_310_175_227.png,3
kanazawa_266_310_176_106.png,3
kanazawa_266_310_91_109.png,3
kanazawa_266_310_153_226.png,3
kanazawa_266_310_150_249.png,3
kanazawa_266_310_196_80.png,3
kanazawa_266_310_202_220.png,3
kanazawa_266_310_148_185.png,5
kanazawa_266_310_55_297.png,6
kanazawa_266_310_46_241.png,6
kanazawa_266_310_169_118.png,3
kanazawa_266_310_78_75.png,6
kanazawa_266_310_192_120.png,3
kanazawa_266_310_157_187.png,5
kanazawa_266_310_97_286.png,5
kanazawa_266_310_184_115.png,3
kanazawa_266_310_173_23.png,6
kanazawa_266_310_208_28.png,1
kanazawa_266_310_170_60.png,5
kanazawa_266_310_128_211.png,5
kanazawa_266_310_116_73.png,6
kanazawa_266_310_60_115.png,6
kanazawa_266_310_204_235.png,3
kanazawa_266_310_105_272.png,1
kanazawa_266_310_94_53.png,6
kanazawa_266_310_209_75.png,3
kanazawa_266_310_101_251.png,5
kanazawa_266_310_204_114.png,3
kanazawa_266_310_57_260.png,6
kanazawa_266_310_221_176.png,3
kanazawa_266_310_165_212.png,3
kanazawa_266_310_35_121.png,6
kanazawa_266_310_240_198.png,3
kanazawa_266_310_130_184.png,5
kanazawa_266_310_246_192.png,3
kanazawa_266_310_189_136.png,3
kanazawa_266_310_124_171.png,5
kanazawa_266_310_258_243.png,3
kanazawa_266_310_50_238.png,6
kanazawa_266_310_240_167.png,3
kanazawa_266_310_102_36.png,6
kanazawa_266_310_58_96.png,6
kanazawa_266_310_211_256.png,3
kanazawa_266_310_200_158.png,3
kanazawa_266_310_183_210.png,3
kanazawa_266_310_204_129.png,3
kanazawa_266_310_47_255.png,6
kanazawa_266_310_89_218.png,1
kanazawa_266_310_91_268.png,5
kanazawa_266_310_56_213.png,6
kanazawa_266_310_152_164.png,5
kanazawa_266_310_127_148.png,3
kanazawa_266_310_49_273.png,6
kanazawa_266_310_42_72.png,6
kanazawa_266_310_224_242.png,3
kanazawa_266_310_144_147.png,3
kanazawa_266_310_80_212.png,5
kanazawa_266_310_87_91.png,6
kanazawa_266_310_117_180.png,5
kanazawa_266_310_42_260.png,6
kanazawa_266_310_263_242.png,3
kanazawa_266_310_109_35.png,6
kanazawa_266_310_130_43.png,6
kanazawa_266_310_139_126.png,3
kanazawa_266_310_48_88.png,6
kanazawa_266_310_60_256.png,6
kanazawa_266_310_78_204.png,3
kanazawa_266_310_196_197.png,3
kanazawa_266_310_4_73.png,6
kanazawa_266_310_95_52.png,6
kanazawa_266_310_143_69.png,3
kanazawa_266_310_238_215.png,3
kanazawa_266_310_108_178.png,5
kanazawa_266_310_197_78.png,3
kanazawa_266_310_37_229.png,6
kanazawa_266_310_197_79.png,3
kanazawa_266_310_234_123.png,3
kanazawa_266_310_120_239.png,3
kanazawa_266_310_102_65.png,6
kanazawa_266_310_77_215.png,3
kanazawa_266_310_174_64.png,5
kanazawa_266_310_66_213.png,5
kanazawa_266_310_166_202.png,3
kanazawa_266_310_102_239.png,1
kanazawa_266_310_173_146.png,3
kanazawa_266_310_123_66.png,6
kanazawa_266_310_54_241.png,6
kanazawa_266_310_185_111.png,3
kanazawa_266_310_70_96.png,6
kanazawa_266_310_110_137.png,3
kanazawa_266_310_60_301.png,6
kanazawa_266_310_232_76.png,6
kanazawa_266_310_254_200.png,4
kanazawa_266_310_205_7.png,6
kanazawa_266_310_234_132.png,3
kanazawa_266_310_133_195.png,5
kanazawa_266_310_61_263.png,6
kanazawa_266_310_183_173.png,3
kanazawa_266_310_211_209.png,3
kanazawa_266_310_236_247.png,3
kanazawa_266_310_214_145.png,3
kanazawa_266_310_71_50.png,6
kanazawa_266_310_165_239.png,3
kanazawa_266_310_208_188.png,3
kanazawa_266_310_71_99.png,6
kanazawa_266_310_214_5.png,5
kanazawa_266_310_71_297.png,6
kanazawa_266_310_212_12.png,6
kanazawa_266_310_89_135.png,3
kanazawa_266_310_186_254.png,3
kanazawa_266_310_219_239.png,3
kanazawa_266_310_173_193.png,3
kanazawa_266_310_251_204.png,3
kanazawa_266_310_68_51.png,6
kanazawa_266_310_87_73.png,6
kanazawa_266_310_109_119.png,5
kanazawa_266_310_113_82.png,6
kanazawa_266_310_195_103.png,3
kanazawa_266_310_126_227.png,3
kanazawa_266_310_42_142.png,1
kanazawa_266_310_85_280.png,1
kanazawa_266_310_99_87.png,6
kanazawa_266_310_71_109.png,6
kanazawa_266_310_35_109.png,6
kanazawa_266_310_39_95.png,6
kanazawa_266_310_228_243.png,3
kanazawa_266_310_165_33.png,6
kanazawa_266_310_51_275.png,6
kanazawa_266_310_93_169.png,3
kanazawa_266_310_113_118.png,5
kanazawa_266_310_182_247.png,3
kanazawa_266_310_68_103.png,6
kanazawa_266_310_46_217.png,6
kanazawa_266_310_197_258.png,3
kanazawa_266_310_126_237.png,5
kanazawa_266_310_235_152.png,3
kanazawa_266_310_103_43.png,6
kanazawa_266_310_86_260.png,5
kanazawa_266_310_58_74.png,6
kanazawa_266_310_80_191.png,3
kanazawa_266_310_163_235.png,3
kanazawa_266_310_112_72.png,6
kanazawa_266_310_125_145.png,3
kanazawa_266_310_74_55.png,6
kanazawa_266_310_154_65.png,5
kanazawa_266_310_37_129.png,6
kanazawa_266_310_57_149.png,3
kanazawa_266_310_212_102.png,3
kanazawa_266_310_188_249.png,3
kanazawa_266_310_97_47.png,6
kanazawa_266_310_95_54.png,6
kanazawa_266_310_98_237.png,1
kanazawa_266_310_209_151.png,3
kanazawa_266_310_27_193.png,3
kanazawa_266_310_46_221.png,6
kanazawa_266_310_107_80.png,6
kanazawa_266_310_59_293.png,6
kanazawa_266_310_156_49.png,6
kanazawa_266_310_191_100.png,3
kanazawa_266_310_157_25.png,6
kanazawa_266_310_226_110.png,3
kanazawa_266_310_227_75.png,3
kanazawa_266_310_38_180.png,3
kanazawa_266_310_211_110.png,3
kanazawa_266_310_246_162.png,3
kanazawa_266_310_58_79.png,6
kanazawa_266_310_227_182.png,3
kanazawa_266_310_107_40.png,6
kanazawa_266_310_62_101.png,6
kanazawa_266_310_138_59.png,6
kanazawa_266_310_186_166.png,3
kanazawa_266_310_182_245.png,3
kanazawa_266_310_147_34.png,6
kanazawa_266_310_240_176.png,3
kanazawa_266_310_231_200.png,3
kanazawa_266_310_34_111.png,6
kanazawa_266_310_36_154.png,5
kanazawa_266_310_81_257.png,3
kanazawa_266_310_143_139.png,3
kanazawa_266_310_119_205.png,5
kanazawa_266_310_131_78.png,3
kanazawa_266_310_88_54.png,6
kanazawa_266_310_215_72.png,3
kanazawa_266_310_39_231.png,6
kanazawa_266_310_241_171.png,3
kanazawa_266_310_156_197.png,3
kanazawa_266_310_162_85.png,5
kanazawa_266_310_45_217.png,6
kanazawa_266_310_36_95.png,6
kanazawa_266_310_56_238.png,6
kanazawa_266_310_188_188.png,3
kanazawa_266_310_110_205.png,5
kanazawa_266_310_67_290.png,6
kanazawa_266_310_85_187.png,3
kanazawa_266_310_92_144.png,3
kanazawa_266_310_49_264.png,6
kanazawa_266_310_48_94.png,6
kanazawa_266_310_71_159.png,3
kanazawa_266_310_33_69.png,6
kanazawa_266_310_59_287.png,6
kanazawa_266_310_81_183.png,3
kanazawa_266_310_39_159.png,3
kanazawa_266_310_99_41.png,6
kanazawa_266_310_232_241.png,3
kanazawa_266_310_207_218.png,3
kanazawa_266_310_125_197.png,1
kanazawa_266_310_226_220.png,3
kanazawa_266_310_146_94.png,1
kanazawa_266_310_129_117.png,3
kanazawa_266_310_237_192.png,3
kanazawa_266_310_188_243.png,3
kanazawa_266_310_67_80.png,6
kanazawa_266_310_204_7.png,6
kanazawa_266_310_209_152.png,3
kanazawa_266_310_36_151.png,5
kanazawa_266_310_130_39.png,6
kanazawa_266_310_24_164.png,5
kanazawa_266_310_137_99.png,1
kanazawa_266_310_49_267.png,6
kanazawa_266_310_190_147.png,3
kanazawa_266_310_237_198.png,3
kanazawa_266_310_45_258.png,6
kanazawa_266_310_92_112.png,3
kanazawa_266_310_206_179.png,3
kanazawa_266_310_143_46.png,6
kanazawa_266_310_183_208.png,3
kanazawa_266_310_250_195.png,3
kanazawa_266_310_75_218.png,3
kanazawa_266_310_219_165.png,3
kanazawa_266_310_184_161.png,3
kanazawa_266_310_110_108.png,5
kanazawa_266_310_190_38.png,5
kanazawa_266_310_102_39.png,6
kanazawa_266_310_143_88.png,1
kanazawa_266_310_31_101.png,6
kanazawa_266_310_45_244.png,6
kanazawa_266_310_45_271.png,6
kanazawa_266_310_110_187.png,5
kanazawa_266_310_36_60.png,6
kanazawa_266_310_153_206.png,3
kanazawa_266_310_46_289.png,6
kanazawa_266_310_74_47.png,6
kanazawa_266_310_185_245.png,3
kanazawa_266_310_98_289.png,1
kanazawa_266_310_195_78.png,3
kanazawa_266_310_99_136.png,3
kanazawa_266_310_178_24.png,6
kanazawa_266_310_136_38.png,6
kanazawa_266_310_185_102.png,3
kanazawa_266_310_212_153.png,3
kanazawa_266_310_173_209.png,3
kanazawa_266_310_12_113.png,6
kanazawa_266_310_117_72.png,6
kanazawa_266_310_61_102.png,6
kanazawa_266_310_197_159.png,3
kanazawa_266_310_238_160.png,3
kanazawa_266_310_227_224.png,3
kanazawa_266_310_155_22.png,6
kanazawa_266_310_60_287.png,6
kanazawa_266_310_61_228.png,6
kanazawa_266_310_150_33.png,6
kanazawa_266_310_183_126.png,3
kanazawa_266_310_239_208.png,3
kanazawa_266_310_122_142.png,3
kanazawa_266_310_79_280.png,1
kanazawa_266_310_202_185.png,3
kanazawa_266_310_29_209.png,3
kanazawa_266_310_162_52.png,3
kanazawa_266_310_194_88.png,3
kanazawa_266_310_41_267.png,6
kanazawa_266_310_123_189.png,5
kanazawa_266_310_84_146.png,3
kanazawa_266_310_145_185.png,5
kanazawa_266_310_190_36.png,5
kanazawa_266_310_65_233.png,6
kanazawa_266_310_207_78.png,3
kanazawa_266_310_102_153.png,3
kanazawa_266_310_113_47.png,6
kanazawa_266_310_34_73.png,6
kanazawa_266_310_79_208.png,5
kanazawa_266_310_169_270.png,3
kanazawa_266_310_171_52.png,5
kanazawa_266_310_204_121.png,3
kanazawa_266_310_62_79.png,6
kanazawa_266_310_239_225.png,3
kanazawa_266_310_19_120.png,6
kanazawa_266_310_158_62.png,5
kanazawa_266_310_210_17.png,5
kanazawa_266_310_119_183.png,5
kanazawa_266_310_81_112.png,6
kanazawa_266_310_109_209.png,5
kanazawa_266_310_53_131.png,3
kanazawa_266_310_98_182.png,5
kanazawa_266_310_192_191.png,3
kanazawa_266_310_135_102.png,5
kanazawa_266_310_194_218.png,3
kanazawa_266_310_235_224.png,3
kanazawa_266_310_19_132.png,6
kanazawa_266_310_101_219.png,5
kanazawa_266_310_42_258.png,6
kanazawa_266_310_45_185.png,3
kanazawa_266_310_115_34.png,6
kanazawa_266_310_146_78.png,5
kanazawa_266_310_222_196.png,3
kanazawa_266_310_104_133.png,3
kanazawa_266_310_48_74.png,6
kanazawa_266_310_220_197.png,3
kanazawa_266_310_152_205.png,3
kanazawa_266_310_70_241.png,6
kanazawa_266_310_205_214.png,3
kanazawa_266_310_131_257.png,5
kanazawa_266_310_111_178.png,5
kanazawa_266_310_41_58.png,6
kanazawa_266_310_85_65.png,6
kanazawa_266_310_127_206.png,5
kanazawa_266_310_25_162.png,5
kanazawa_266_310_112_112.png,5
kanazawa_266_310_165_234.png,3
kanazawa_266_310_52_133.png,5
kanazawa_266_310_167_249.png,3
kanazawa_266_310_96_160.png,3
kanazawa_266_310_162_74.png,1
kanazawa_266_310_177_182.png,3
kanazawa_266_310_77_294.png,6
kanazawa_266_310_169_197.png,5
kanazawa_266_310_101_120.png,5
kanazawa_266_310_204_194.png,3
kanazawa_266_310_208_166.png,3
kanazawa_266_310_131_75.png,3
kanazawa_266_310_100_284.png,1
kanazawa_266_310_70_240.png,6
kanazawa_266_310_229_152.png,3
kanazawa_266_310_133_129.png,3
kanazawa_266_310_57_120.png,6
kanazawa_266_310_175_70.png,5
kanazawa_266_310_206_49.png,3
kanazawa_266_310_92_97.png,6
kanazawa_266_310_17_96.png,6
kanazawa_266_310_221_117.png,3
kanazawa_266_310_111_52.png,6
kanazawa_266_310_216_217.png,3
kanazawa_266_310_238_138.png,3
kanazawa_266_310_71_101.png,6
kanazawa_266_310_35_167.png,3
kanazawa_266_310_49_167.png,3
kanazawa_266_310_189_175.png,3
kanazawa_266_310_61_298.png,6
kanazawa_266_310_195_40.png,1
kanazawa_266_310_41_126.png,6
kanazawa_266_310_204_41.png,5
kanazawa_266_310_104_119.png,5
kanazawa_266_310_131_206.png,5
kanazawa_266_310_114_84.png,6
kanazawa_266_310_141_197.png,5
kanazawa_266_310_51_270.png,6
kanazawa_266_310_92_133.png,3
kanazawa_266_310_139_29.png,6
kanazawa_266_310_144_95.png,1
kanazawa_266_310_208_193.png,3
kanazawa_266_310_226_120.png,3
kanazawa_266_310_23_182.png,6
kanazawa_266_310_99_73.png,6
kanazawa_266_310_72_256.png,6
kanazawa_266_310_160_59.png,5
kanazawa_266_310_44_246.png,6
kanazawa_266_310_212_222.png,3
kanazawa_266_310_203_222.png,3
kanazawa_266_310_202_247.png,3
kanazawa_266_310_167_56.png,5
kanazawa_266_310_49_242.png,6
kanazawa_266_310_164_138.png,3
kanazawa_266_310_177_247.png,3
kanazawa_266_310_73_294.png,6
kanazawa_266_310_66_109.png,6
kanazawa_266_310_21_67.png,6
kanazawa_266_310_172_217.png,3
kanazawa_266_310_107_58.png,6
kanazawa_266_310_211_149.png,3
kanazawa_266_310_61_57.png,6
kanazawa_266_310_126_54.png,6
kanazawa_266_310_35_103.png,6
kanazawa_266_310_190_121.png,3
kanazawa_266_310_153_228.png,3
kanazawa_266_310_179_258.png,3
kanazawa_266_310_153_45.png,6
kanazawa_266_310_86_123.png,2
kanazawa_266_310_98_82.png,6
kanazawa_266_310_170_23.png,6
kanazawa_266_310_211_184.png,3
kanazawa_266_310_117_90.png,3
kanazawa_266_310_240_122.png,3
kanazawa_266_310_131_96.png,1
kanazawa_266_310_18_81.png,6
kanazawa_266_310_204_184.png,3
kanazawa_266_310_34_79.png,6
kanazawa_266_310_190_253.png,3
kanazawa_266_310_230_190.png,3
kanazawa_266_310_143_171.png,5
kanazawa_266_310_203_112.png,3
kanazawa_266_310_181_239.png,3
kanazawa_266_310_135_97.png,1
kanazawa_266_310_213_100.png,3
kanazawa_266_310_49_117.png,6
kanazawa_266_310_126_125.png,3
kanazawa_266_310_207_132.png,3
kanazawa_266_310_168_98.png,3
kanazawa_266_310_208_167.png,3
kanazawa_266_310_64_124.png,3
kanazawa_266_310_188_18.png,6
kanazawa_266_310_223_120.png,3
kanazawa_266_310_215_74.png,3
kanazawa_266_310_56_106.png,6
kanazawa_266_310_194_216.png,3
kanazawa_266_310_217_181.png,3
kanazawa_266_310_163_91.png,1
kanazawa_266_310_41_239.png,6
kanazawa_266_310_172_238.png,3
kanazawa_266_310_199_186.png,3
kanazawa_266_310_186_124.png,3
kanazawa_266_310_89_194.png,5
kanazawa_266_310_181_121.png,3
kanazawa_266_310_85_189.png,3
kanazawa_266_310_190_126.png,3
kanazawa_266_310_144_217.png,6
kanazawa_266_310_241_247.png,3
kanazawa_266_310_183_105.png,3
kanazawa_266_310_174_216.png,3
kanazawa_266_310_29_154.png,5
kanazawa_266_310_135_51.png,6
kanazawa_266_310_142_51.png,6
kanazawa_266_310_35_236.png,6
kanazawa_266_310_91_221.png,1
kanazawa_266_310_15_99.png,6
kanazawa_266_310_160_60.png,5
kanazawa_266_310_196_84.png,3
kanazawa_266_310_200_245.png,3
kanazawa_266_310_85_111.png,6
kanazawa_266_310_215_202.png,3
kanazawa_266_310_239_111.png,3
kanazawa_266_310_172_213.png,3
kanazawa_266_310_120_68.png,6
kanazawa_266_310_71_69.png,6
kanazawa_266_310_91_257.png,5
kanazawa_266_310_103_62.png,6
kanazawa_266_310_40_73.png,6
kanazawa_266_310_120_177.png,5
kanazawa_266_310_214_232.png,3
kanazawa_266_310_68_267.png,6
kanazawa_266_310_244_142.png,3
kanazawa_266_310_82_147.png,3
kanazawa_266_310_247_195.png,3
kanazawa_266_310_99_81.png,6
kanazawa_266_310_69_99.png,6
kanazawa_266_310_214_168.png,3
kanazawa_266_310_230_192.png,3
kanazawa_266_310_9_82.png,6
kanazawa_266_310_226_181.png,3
kanazawa_266_310_203_151.png,3
kanazawa_266_310_16_66.png,6
kanazawa_266_310_64_56.png,6
kanazawa_266_310_147_94.png,1
kanazawa_266_310_128_29.png,6
kanazawa_266_310_165_144.png,3
kanazawa_266_310_145_26.png,6
kanazawa_266_310_236_197.png,3
kanazawa_266_310_191_174.png,3
kanazawa_266_310_183_142.png,3
kanazawa_266_310_58_125.png,6
kanazawa_266_310_187_146.png,3
kanazawa_266_310_128_201.png,5
kanazawa_266_310_137_37.png,6
kanazawa_266_310_32_72.png,6
kanazawa_266_310_14_122.png,6
kanazawa_266_310_138_91.png,1
kanazawa_266_310_75_89.png,6
kanazawa_266_310_129_282.png,5
kanazawa_266_310_90_114.png,5
kanazawa_266_310_32_96.png,6
kanazawa_266_310_167_268.png,3
kanazawa_266_310_83_133.png,3
kanazawa_266_310_44_216.png,6
kanazawa_266_310_180_129.png,3
kanazawa_266_310_30_120.png,6
kanazawa_266_310_147_41.png,6
kanazawa_266_310_116_215.png,5
kanazawa_266_310_223_76.png,3
kanazawa_266_310_5_86.png,6
kanazawa_266_310_147_110.png,1
kanazawa_266_310_187_135.png,3
kanazawa_266_310_90_96.png,6
kanazawa_266_310_173_38.png,6
kanazawa_266_310_125_264.png,5
kanazawa_266_310_161_28.png,6
kanazawa_266_310_84_195.png,3
kanazawa_266_310_244_197.png,3
kanazawa_266_310_256_203.png,3
kanazawa_266_310_235_138.png,3
kanazawa_266_310_138_267.png,5
kanazawa_266_310_144_87.png,1
kanazawa_266_310_95_269.png,5
kanazawa_266_310_208_247.png,3
kanazawa_266_310_162_183.png,3
kanazawa_266_310_258_222.png,3
kanazawa_266_310_197_11.png,6
kanazawa_266_310_39_98.png,6
kanazawa_266_310_71_278.png,6
kanazawa_266_310_124_247.png,5
kanazawa_266_310_106_63.png,6
kanazawa_266_310_143_198.png,5
kanazawa_266_310_207_198.png,3
kanazawa_266_310_41_266.png,6
kanazawa_266_310_34_114.png,6
kanazawa_266_310_91_269.png,5
kanazawa_266_310_91_72.png,6
kanazawa_266_310_81_62.png,6
kanazawa_266_310_128_60.png,6
kanazawa_266_310_11_79.png,6
kanazawa_266_310_114_218.png,5
kanazawa_266_310_82_262.png,3
kanazawa_266_310_63_267.png,6
kanazawa_266_310_77_168.png,3
kanazawa_266_310_31_81.png,6
kanazawa_266_310_97_107.png,3
kanazawa_266_310_208_15.png,2
kanazawa_266_310_211_182.png,3
kanazawa_266_310_194_20.png,6
kanazawa_266_310_171_50.png,5
kanazawa_266_310_229_146.png,3
kanazawa_266_310_199_36.png,1
kanazawa_266_310_49_181.png,3
kanazawa_266_310_18_103.png,6
kanazawa_266_310_177_255.png,3
kanazawa_266_310_190_123.png,3
kanazawa_266_310_75_230.png,1
kanazawa_266_310_55_111.png,6
kanazawa_266_310_252_207.png,3
kanazawa_266_310_228_107.png,3
kanazawa_266_310_183_95.png,3
kanazawa_266_310_88_271.png,5
kanazawa_266_310_38_71.png,6
kanazawa_266_310_149_144.png,3
kanazawa_266_310_53_78.png,6
kanazawa_266_310_107_272.png,1
kanazawa_266_310_131_82.png,5
kanazawa_266_310_38_115.png,6
kanazawa_266_310_81_218.png,1
kanazawa_266_310_83_241.png,1
kanazawa_266_310_220_103.png,3
kanazawa_266_310_96_280.png,1
kanazawa_266_310_77_47.png,6
kanazawa_266_310_175_156.png,3
kanazawa_266_310_44_156.png,3
kanazawa_266_310_159_202.png,3
kanazawa_266_310_231_132.png,3
kanazawa_266_310_114_124.png,1
kanazawa_266_310_197_214.png,3
kanazawa_266_310_129_216.png,3
kanazawa_266_310_104_75.png,6
kanazawa_266_310_73_82.png,6
kanazawa_266_310_186_43.png,5
kanazawa_266_310_78_293.png,6
kanazawa_266_310_192_228.png,3
kanazawa_266_310_211_188.png,3
kanazawa_266_310_219_41.png,3
kanazawa_266_310_43_249.png,6
kanazawa_266_310_173_142.png,3
kanazawa_266_310_133_94.png,5
kanazawa_266_310_45_54.png,6
kanazawa_266_310_68_113.png,6
kanazawa_266_310_103_119.png,5
kanazawa_266_310_193_97.png,3
kanazawa_266_310_36_221.png,6
kanazawa_266_310_223_154.png,3
kanazawa_266_310_119_85.png,6
kanazawa_266_310_235_222.png,3
kanazawa_266_310_188_19.png,6
kanazawa_266_310_34_83.png,6
kanazawa_266_310_238_169.png,3
kanazawa_266_310_238_187.png,3
kanazawa_266_310_232_174.png,3
kanazawa_266_310_174_176.png,3
kanazawa_266_310_206_222.png,3
kanazawa_266_310_90_201.png,5
kanazawa_266_310_89_239.png,5
kanazawa_266_310_21_80.png,6
kanazawa_266_310_35_134.png,3
kanazawa_266_310_172_97.png,3
kanazawa_266_310_49_305.png,6
kanazawa_266_310_197_175.png,3
kanazawa_266_310_73_111.png,6
kanazawa_266_310_83_283.png,1
kanazawa_266_310_27_85.png,6
kanazawa_266_310_72_62.png,6
kanazawa_266_310_193_88.png,3
kanazawa_266_310_181_203.png,3
kanazawa_266_310_42_133.png,3
kanazawa_266_310_49_91.png,6
kanazawa_266_310_119_56.png,6
kanazawa_266_310_174_59.png,5
kanazawa_266_310_39_160.png,3
kanazawa_266_310_64_286.png,6
kanazawa_266_310_219_225.png,6
kanazawa_266_310_113_66.png,6
kanazawa_266_310_185_248.png,3
kanazawa_266_310_91_110.png,3
kanazawa_266_310_209_208.png,3
kanazawa_266_310_67_84.png,6
kanazawa_266_310_175_169.png,3
kanazawa_266_310_167_214.png,3
kanazawa_266_310_21_139.png,3
kanazawa_266_310_159_133.png,3
kanazawa_266_310_197_231.png,3
kanazawa_266_310_61_229.png,6
kanazawa_266_310_187_241.png,3
kanazawa_266_310_227_228.png,3
kanazawa_266_310_12_102.png,6
kanazawa_266_310_113_169.png,5
kanazawa_266_310_193_99.png,3
kanazawa_266_310_162_147.png,3
kanazawa_266_310_143_229.png,3
kanazawa_266_310_158_206.png,3
kanazawa_266_310_133_83.png,1
kanazawa_266_310_259_219.png,3
kanazawa_266_310_108_171.png,5
kanazawa_266_310_222_223.png,3
kanazawa_266_310_143_70.png,3
kanazawa_266_310_151_188.png,5
kanazawa_266_310_257_207.png,3
kanazawa_266_310_155_53.png,3
kanazawa_266_310_87_170.png,3
kanazawa_266_310_209_87.png,3
kanazawa_266_310_53_241.png,6
kanazawa_266_310_233_170.png,3
kanazawa_266_310_119_98.png,1
kanazawa_266_310_58_117.png,6
kanazawa_266_310_108_194.png,5
kanazawa_266_310_131_60.png,6
kanazawa_266_310_180_127.png,3
kanazawa_266_310_155_85.png,1
kanazawa_266_310_109_49.png,6
kanazawa_266_310_105_102.png,3
kanazawa_266_310_38_260.png,6
kanazawa_266_310_76_233.png,1
kanazawa_266_310_76_75.png,6
kanazawa_266_310_202_64.png,5
kanazawa_266_310_101_286.png,1
kanazawa_266_310_232_190.png,3
kanazawa_266_310_136_75.png,3
kanazawa_266_310_26_198.png,3
kanazawa_266_310_185_50.png,5
kanazawa_266_310_250_231.png,3
kanazawa_266_310_124_170.png,5
kanazawa_266_310_117_32.png,6
kanazawa_266_310_51_230.png,6
kanazawa_266_310_15_91.png,6
kanazawa_266_310_32_129.png,3
kanazawa_266_310_138_42.png,6
kanazawa_266_310_83_54.png,6
kanazawa_266_310_146_44.png,6
kanazawa_266_310_90_180.png,3
kanazawa_266_310_153_122.png,3
kanazawa_266_310_33_203.png,3
kanazawa_266_310_111_167.png,1
kanazawa_266_310_51_60.png,6
kanazawa_266_310_101_283.png,1
kanazawa_266_310_33_100.png,6
kanazawa_266_310_216_119.png,3
kanazawa_266_310_185_146.png,3
kanazawa_266_310_203_161.png,3
kanazawa_266_310_241_144.png,3
kanazawa_266_310_174_104.png,3
kanazawa_266_310_167_37.png,6
kanazawa_266_310_48_233.png,6
kanazawa_266_310_92_169.png,3
kanazawa_266_310_258_237.png,3
kanazawa_266_310_8_80.png,6
kanazawa_266_310_206_95.png,3
kanazawa_266_310_89_250.png,5
kanazawa_266_310_166_224.png,3
kanazawa_266_310_126_250.png,5
kanazawa_266_310_180_206.png,3
kanazawa_266_310_158_268.png,3
kanazawa_266_310_143_107.png,3
kanazawa_266_310_23_106.png,6
kanazawa_266_310_146_121.png,3
kanazawa_266_310_94_246.png,5
kanazawa_266_310_207_254.png,3
kanazawa_266_310_78_196.png,3
kanazawa_266_310_64_52.png,6
kanazawa_266_310_49_277.png,6
kanazawa_266_310_138_204.png,5
kanazawa_266_310_29_164.png,5
kanazawa_266_310_74_89.png,6
kanazawa_266_310_43_63.png,6
kanazawa_266_310_251_240.png,3
kanazawa_266_310_163_90.png,1
kanazawa_266_310_27_105.png,6
kanazawa_266_310_212_114.png,3
kanazawa_266_310_226_210.png,3
kanazawa_266_310_156_62.png,5
kanazawa_266_310_206_80.png,3
kanazawa_266_310_142_192.png,5
kanazawa_266_310_150_193.png,3
kanazawa_266_310_182_114.png,3
kanazawa_266_310_173_241.png,3
kanazawa_266_310_147_142.png,3
kanazawa_266_310_89_153.png,3
kanazawa_266_310_160_141.png,3
kanazawa_266_310_229_240.png,3
kanazawa_266_310_69_50.png,6
kanazawa_266_310_38_110.png,6
kanazawa_266_310_66_54.png,6
kanazawa_266_310_219_170.png,3
kanazawa_266_310_126_65.png,6
kanazawa_266_310_106_101.png,3
kanazawa_266_310_189_161.png,3
kanazawa_266_310_82_244.png,3
kanazawa_266_310_98_166.png,3
kanazawa_266_310_32_201.png,3
kanazawa_266_310_76_270.png,6
kanazawa_266_310_209_185.png,3
kanazawa_266_310_229_105.png,3
kanazawa_266_310_128_32.png,6
kanazawa_266_310_188_175.png,3
kanazawa_266_310_52_289.png,6
kanazawa_266_310_56_132.png,5
kanazawa_266_310_96_46.png,6
kanazawa_266_310_151_100.png,1
kanazawa_266_310_37_190.png,3
kanazawa_266_310_226_223.png,3
kanazawa_266_310_148_40.png,6
kanazawa_266_310_201_164.png,3
kanazawa_266_310_185_124.png,3
kanazawa_266_310_225_132.png,3
kanazawa_266_310_142_171.png,5
kanazawa_266_310_98_90.png,6
kanazawa_266_310_156_203.png,5
kanazawa_266_310_88_170.png,3
kanazawa_266_310_50_86.png,6
kanazawa_266_310_232_86.png,3
kanazawa_266_310_78_116.png,6
kanazawa_266_310_94_117.png,1
kanazawa_266_310_232_93.png,3
kanazawa_266_310_38_118.png,6
kanazawa_266_310_134_67.png,6
kanazawa_266_310_154_266.png,3
kanazawa_266_310_220_175.png,3
kanazawa_266_310_103_85.png,6
kanazawa_266_310_112_267.png,5
kanazawa_266_310_47_263.png,6
kanazawa_266_310_155_40.png,6
kanazawa_266_310_51_254.png,6
kanazawa_266_310_103_152.png,3
kanazawa_266_310_41_124.png,6
kanazawa_266_310_248_175.png,3
kanazawa_266_310_74_54.png,6
kanazawa_266_310_101_97.png,6
kanazawa_266_310_216_106.png,3
kanazawa_266_310_191_172.png,3
kanazawa_266_310_90_82.png,6
kanazawa_266_310_22_77.png,6
kanazawa_266_310_95_273.png,5
kanazawa_266_310_47_198.png,5
kanazawa_266_310_109_50.png,6
kanazawa_266_310_216_70.png,3
kanazawa_266_310_74_108.png,6
kanazawa_266_310_186_256.png,3
kanazawa_266_310_161_51.png,3
kanazawa_266_310_204_107.png,3
kanazawa_266_310_213_45.png,5
kanazawa_266_310_58_65.png,6
kanazawa_266_310_145_225.png,3
kanazawa_266_310_194_165.png,3
kanazawa_266_310_17_71.png,6
kanazawa_266_310_148_23.png,6
kanazawa_266_310_177_157.png,3
kanazawa_266_310_178_155.png,3
kanazawa_266_310_187_229.png,3
kanazawa_266_310_216_118.png,3
kanazawa_266_310_234_186.png,3
kanazawa_266_310_125_58.png,6
kanazawa_266_310_207_35.png,6
kanazawa_266_310_189_40.png,5
kanazawa_266_310_216_207.png,3
kanazawa_266_310_169_66.png,5
kanazawa_266_310_117_65.png,6
kanazawa_266_310_62_255.png,6
kanazawa_266_310_47_116.png,6
kanazawa_266_310_202_202.png,3
kanazawa_266_310_190_242.png,3
kanazawa_266_310_174_248.png,3
kanazawa_266_310_183_206.png,3
kanazawa_266_310_190_115.png,3
kanazawa_266_310_231_207.png,3
kanazawa_266_310_68_192.png,3
kanazawa_266_310_76_119.png,3
kanazawa_266_310_206_191.png,3
kanazawa_266_310_47_260.png,6
kanazawa_266_310_157_147.png,3
kanazawa_266_310_47_298.png,6
kanazawa_266_310_78_72.png,6
kanazawa_266_310_211_199.png,3
kanazawa_266_310_224_149.png,3
kanazawa_266_310_69_123.png,6
kanazawa_266_310_121_55.png,6
kanazawa_266_310_180_140.png,3
kanazawa_266_310_87_163.png,3
kanazawa_266_310_163_35.png,6
kanazawa_266_310_94_200.png,5
kanazawa_266_310_96_49.png,6
kanazawa_266_310_176_152.png,3
kanazawa_266_310_192_210.png,3
kanazawa_266_310_73_253.png,6
kanazawa_266_310_49_223.png,6
kanazawa_266_310_161_85.png,5
kanazawa_266_310_47_270.png,6
kanazawa_266_310_88_86.png,6
kanazawa_266_310_42_103.png,6
kanazawa_266_310_220_191.png,3
kanazawa_266_310_44_291.png,6
kanazawa_266_310_232_149.png,3
kanazawa_266_310_151_148.png,3
kanazawa_266_310_235_196.png,6
kanazawa_266_310_111_44.png,6
kanazawa_266_310_72_207.png,5
kanazawa_266_310_130_219.png,3
kanazawa_266_310_118_171.png,5
kanazawa_266_310_157_244.png,3
kanazawa_266_310_130_49.png,6
kanazawa_266_310_154_161.png,5
kanazawa_266_310_154_35.png,6
kanazawa_266_310_83_217.png,1
kanazawa_266_310_226_175.png,3
kanazawa_266_310_189_102.png,3
kanazawa_266_310_193_109.png,3
kanazawa_266_310_114_220.png,5
kanazawa_266_310_166_112.png,3
kanazawa_266_310_64_53.png,6
kanazawa_266_310_22_160.png,3
kanazawa_266_310_212_235.png,3
kanazawa_266_310_99_271.png,1
kanazawa_266_310_115_95.png,3
kanazawa_266_310_146_146.png,3
kanazawa_266_310_213_107.png,3
kanazawa_266_310_57_214.png,6
kanazawa_266_310_191_107.png,3
kanazawa_266_310_104_177.png,5
kanazawa_266_310_100_96.png,6
kanazawa_266_310_216_130.png,3
kanazawa_266_310_40_84.png,6
kanazawa_266_310_119_188.png,5
kanazawa_266_310_91_55.png,6
kanazawa_266_310_223_150.png,3
kanazawa_266_310_29_148.png,3
kanazawa_266_310_174_187.png,3
kanazawa_266_310_104_109.png,5
kanazawa_266_310_169_186.png,3
kanazawa_266_310_128_121.png,3
kanazawa_266_310_208_215.png,3
kanazawa_266_310_209_233.png,3
kanazawa_266_310_245_145.png,3
kanazawa_266_310_203_177.png,3
kanazawa_266_310_207_183.png,3
kanazawa_266_310_15_90.png,6
kanazawa_266_310_85_293.png,5
kanazawa_266_310_42_131.png,3
kanazawa_266_310_182_197.png,3
kanazawa_266_310_96_66.png,6
kanazawa_266_310_196_219.png,3
kanazawa_266_310_13_69.png,6
kanazawa_266_310_55_152.png,5
kanazawa_266_310_148_188.png,5
kanazawa_266_310_179_23.png,6
kanazawa_266_310_214_237.png,3
kanazawa_266_310_118_84.png,6
kanazawa_266_310_197_240.png,3
kanazawa_266_310_50_127.png,6
kanazawa_266_310_134_69.png,6
kanazawa_266_310_178_16.png,6
kanazawa_266_310_152_50.png,6
kanazawa_266_310_28_86.png,6
kanazawa_266_310_224_72.png,3
kanazawa_266_310_36_131.png,6
kanazawa_266_310_173_171.png,3
kanazawa_266_310_72_61.png,6
kanazawa_266_310_128_256.png,5
kanazawa_266_310_236_126.png,3
kanazawa_266_310_220_37.png,3
kanazawa_266_310_61_55.png,6
kanazawa_266_310_44_154.png,3
kanazawa_266_310_106_182.png,5
kanazawa_266_310_64_246.png,6
kanazawa_266_310_201_9.png,6
kanazawa_266_310_219_216.png,3
kanazawa_266_310_33_61.png,6
kanazawa_266_310_152_174.png,5
kanazawa_266_310_81_278.png,3
kanazawa_266_310_70_121.png,3
kanazawa_266_310_202_175.png,3
kanazawa_266_310_82_282.png,3
kanazawa_266_310_144_238.png,3
kanazawa_266_310_201_120.png,3
kanazawa_266_310_163_119.png,3
kanazawa_266_310_120_62.png,6
kanazawa_266_310_126_55.png,6
kanazawa_266_310_129_218.png,3
kanazawa_266_310_70_246.png,6
kanazawa_266_310_37_124.png,6
kanazawa_266_310_142_86.png,1
kanazawa_266_310_64_193.png,5
kanazawa_266_310_115_262.png,1
kanazawa_266_310_214_100.png,3
kanazawa_266_310_37_121.png,6
kanazawa_266_310_178_263.png,3
kanazawa_266_310_159_270.png,3
kanazawa_266_310_93_129.png,3
kanazawa_266_310_56_286.png,6
kanazawa_266_310_55_108.png,6
kanazawa_266_310_49_241.png,6
kanazawa_266_310_181_63.png,5
kanazawa_266_310_204_120.png,3
kanazawa_266_310_72_245.png,6
kanazawa_266_310_157_269.png,3
kanazawa_266_310_111_287.png,1
kanazawa_266_310_195_211.png,3
kanazawa_266_310_161_206.png,3
kanazawa_266_310_100_214.png,2
kanazawa_266_310_35_152.png,5
kanazawa_266_310_187_30.png,3
kanazawa_266_310_75_294.png,6
kanazawa_266_310_244_178.png,3
kanazawa_266_310_218_147.png,3
kanazawa_266_310_179_28.png,6
kanazawa_266_310_117_189.png,5
kanazawa_266_310_116_197.png,5
kanazawa_266_310_54_263.png,6
kanazawa_266_310_200_126.png,3
kanazawa_266_310_232_125.png,3
kanazawa_266_310_65_240.png,6
kanazawa_266_310_215_95.png,5
kanazawa_266_310_180_48.png,5
kanazawa_266_310_69_53.png,6
kanazawa_266_310_234_226.png,3
kanazawa_266_310_49_114.png,6
kanazawa_266_310_251_196.png,3
kanazawa_266_310_123_278.png,1
kanazawa_266_310_81_92.png,6
kanazawa_266_310_92_75.png,6
kanazawa_266_310_233_185.png,3
kanazawa_266_310_81_223.png,1
kanazawa_266_310_181_194.png,3
kanazawa_266_310_220_120.png,3
kanazawa_266_310_58_233.png,6
kanazawa_266_310_59_112.png,6
kanazawa_266_310_192_219.png,3
kanazawa_266_310_199_251.png,3
kanazawa_266_310_121_39.png,6
kanazawa_266_310_220_155.png,3
kanazawa_266_310_173_42.png,3
kanazawa_266_310_73_101.png,6
kanazawa_266_310_156_253.png,3
kanazawa_266_310_121_192.png,5
kanazawa_266_310_164_66.png,5
kanazawa_266_310_148_110.png,1
kanazawa_266_310_154_99.png,1
kanazawa_266_310_155_130.png,3
kanazawa_266_310_138_203.png,5
kanazawa_266_310_141_100.png,1
kanazawa_266_310_146_184.png,5
kanazawa_266_310_25_60.png,6
kanazawa_266_310_236_230.png,3
kanazawa_266_310_95_130.png,3
kanazawa_266_310_106_275.png,1
kanazawa_266_310_170_195.png,3
kanazawa_266_310_190_231.png,3
kanazawa_266_310_207_253.png,3
kanazawa_266_310_96_140.png,3
kanazawa_266_310_58_153.png,3
kanazawa_266_310_109_142.png,3
kanazawa_266_310_101_281.png,1
kanazawa_266_310_158_39.png,6
kanazawa_266_310_151_154.png,3
kanazawa_266_310_129_149.png,3
kanazawa_266_310_105_259.png,3
kanazawa_266_310_231_121.png,3
kanazawa_266_310_66_64.png,6
kanazawa_266_310_170_232.png,3
kanazawa_266_310_52_229.png,6
kanazawa_266_310_250_207.png,3
kanazawa_266_310_248_169.png,3
kanazawa_266_310_26_190.png,3
kanazawa_266_310_100_156.png,3
kanazawa_266_310_211_160.png,5
kanazawa_266_310_82_58.png,6
kanazawa_266_310_179_187.png,3
kanazawa_266_310_127_120.png,3
kanazawa_266_310_77_231.png,1
kanazawa_266_310_62_244.png,6
kanazawa_266_310_54_79.png,6
kanazawa_266_310_109_230.png,5
kanazawa_266_310_198_42.png,5
kanazawa_266_310_181_231.png,3
kanazawa_266_310_198_247.png,3
kanazawa_266_310_233_250.png,3
kanazawa_266_310_220_213.png,3
kanazawa_266_310_110_251.png,1
kanazawa_266_310_251_206.png,3
kanazawa_266_310_49_74.png,6
kanazawa_266_310_55_246.png,6
kanazawa_266_310_121_44.png,6
kanazawa_266_310_165_249.png,3
kanazawa_266_310_60_236.png,6
kanazawa_266_310_200_101.png,3
kanazawa_266_310_207_47.png,3
kanazawa_266_310_47_82.png,6
kanazawa_266_310_189_188.png,3
kanazawa_266_310_231_187.png,3
kanazawa_266_310_71_247.png,6
kanazawa_266_310_68_73.png,6
kanazawa_266_310_131_190.png,5
kanazawa_266_310_25_70.png,6
kanazawa_266_310_21_89.png,6
kanazawa_266_310_80_67.png,6
kanazawa_266_310_106_286.png,1
kanazawa_266_310_130_66.png,6
kanazawa_266_310_127_59.png,6
kanazawa_266_310_128_97.png,5
kanazawa_266_310_217_122.png,3
kanazawa_266_310_159_198.png,3
kanazawa_266_310_107_192.png,5
kanazawa_266_310_128_83.png,3
kanazawa_266_310_166_216.png,3
kanazawa_266_310_212_117.png,3
kanazawa_266_310_116_253.png,5
kanazawa_266_310_76_240.png,3
kanazawa_266_310_156_257.png,3
kanazawa_266_310_77_173.png,3
kanazawa_266_310_34_120.png,6
kanazawa_266_310_183_33.png,6
kanazawa_266_310_51_98.png,6
kanazawa_266_310_26_167.png,5
kanazawa_266_310_101_203.png,5
kanazawa_266_310_97_69.png,6
kanazawa_266_310_91_137.png,3
kanazawa_266_310_163_46.png,3
kanazawa_266_310_241_123.png,3
kanazawa_266_310_66_197.png,5
kanazawa_266_310_100_94.png,6
kanazawa_266_310_49_103.png,6
kanazawa_266_310_104_71.png,6
kanazawa_266_310_33_67.png,6
kanazawa_266_310_256_212.png,3
kanazawa_266_310_58_129.png,3
kanazawa_266_310_160_44.png,6
kanazawa_266_310_252_228.png,3
kanazawa_266_310_30_181.png,3
kanazawa_266_310_196_132.png,3
kanazawa_266_310_252_227.png,3
kanazawa_266_310_173_190.png,3
kanazawa_266_310_96_70.png,6
kanazawa_266_310_215_44.png,3
kanazawa_266_310_10_78.png,6
kanazawa_266_310_37_97.png,6
kanazawa_266_310_20_133.png,3
kanazawa_266_310_59_130.png,3
kanazawa_266_310_41_224.png,6
kanazawa_266_310_36_250.png,6
kanazawa_266_310_57_84.png,6
kanazawa_266_310_253_207.png,3
kanazawa_266_310_175_65.png,5
kanazawa_266_310_199_35.png,1
kanazawa_266_310_87_94.png,6
kanazawa_266_310_152_61.png,3
kanazawa_266_310_216_16.png,5
kanazawa_266_310_157_62.png,5
kanazawa_266_310_51_231.png,6
kanazawa_266_310_211_111.png,3
kanazawa_266_310_191_260.png,3
kanazawa_266_310_7_91.png,6
kanazawa_266_310_34_231.png,6
kanazawa_266_310_97_60.png,6
kanazawa_266_310_144_77.png,1
kanazawa_266_310_222_72.png,3
kanazawa_266_310_31_220.png,3
kanazawa_266_310_68_64.png,6
kanazawa_266_310_29_109.png,6
kanazawa_266_310_43_250.png,6
kanazawa_266_310_111_126.png,1
kanazawa_266_310_55_51.png,6
kanazawa_266_310_55_247.png,6
kanazawa_266_310_231_69.png,3
kanazawa_266_310_152_162.png,5
kanazawa_266_310_84_64.png,6
kanazawa_266_310_11_113.png,6
kanazawa_266_310_80_272.png,6
kanazawa_266_310_42_268.png,6
kanazawa_266_310_165_214.png,3
kanazawa_266_310_199_116.png,3
kanazawa_266_310_149_87.png,1
kanazawa_266_310_191_251.png,3
kanazawa_266_310_104_42.png,6
kanazawa_266_310_112_36.png,6
kanazawa_266_310_147_128.png,3
kanazawa_266_310_78_68.png,6
kanazawa_266_310_111_48.png,6
kanazawa_266_310_189_218.png,3
kanazawa_266_310_227_250.png,3
kanazawa_266_310_151_242.png,3
kanazawa_266_310_98_280.png,1
kanazawa_266_310_118_145.png,3
kanazawa_266_310_228_123.png,3
kanazawa_266_310_149_74.png,1
kanazawa_266_310_113_185.png,5
kanazawa_266_310_128_279.png,5
kanazawa_266_310_59_104.png,6
kanazawa_266_310_191_192.png,3
kanazawa_266_310_61_230.png,6
kanazawa_266_310_120_233.png,3
kanazawa_266_310_232_80.png,3
kanazawa_266_310_93_208.png,5
kanazawa_266_310_167_154.png,3
kanazawa_266_310_15_105.png,6
kanazawa_266_310_59_170.png,3
kanazawa_266_310_6_78.png,6
kanazawa_266_310_26_72.png,6
kanazawa_266_310_115_35.png,6
kanazawa_266_310_128_63.png,6
kanazawa_266_310_18_105.png,6
kanazawa_266_310_15_85.png,6
kanazawa_266_310_228_252.png,3
kanazawa_266_310_141_174.png,5
kanazawa_266_310_130_103.png,5
kanazawa_266_310_231_192.png,3
kanazawa_266_310_151_161.png,5
kanazawa_266_310_216_132.png,3
kanazawa_266_310_173_261.png,3
kanazawa_266_310_136_169.png,3
kanazawa_266_310_18_136.png,6
kanazawa_266_310_218_208.png,3
kanazawa_266_310_163_231.png,3
kanazawa_266_310_227_186.png,3
kanazawa_266_310_213_254.png,3
kanazawa_266_310_199_122.png,3
kanazawa_266_310_197_241.png,3
kanazawa_266_310_94_291.png,5
kanazawa_266_310_137_105.png,1
kanazawa_266_310_141_106.png,1
kanazawa_266_310_183_253.png,3
kanazawa_266_310_209_148.png,3
kanazawa_266_310_118_43.png,6
kanazawa_266_310_60_102.png,6
kanazawa_266_310_135_184.png,1
kanazawa_266_310_145_99.png,1
kanazawa_266_310_208_240.png,3
kanazawa_266_310_222_87.png,3
kanazawa_266_310_161_136.png,3
kanazawa_266_310_44_270.png,6
kanazawa_266_310_72_109.png,6
kanazawa_266_310_61_107.png,6
kanazawa_266_310_235_102.png,3
kanazawa_266_310_121_142.png,5
kanazawa_266_310_75_254.png,6
kanazawa_266_310_229_151.png,3
kanazawa_266_310_174_254.png,3
kanazawa_266_310_64_83.png,6
kanazawa_266_310_182_207.png,3
kanazawa_266_310_52_184.png,5
kanazawa_266_310_134_115.png,3
kanazawa_266_310_68_117.png,6
kanazawa_266_310_195_215.png,3
kanazawa_266_310_172_267.png,3
kanazawa_266_310_191_130.png,3
kanazawa_266_310_241_151.png,3
kanazawa_266_310_49_283.png,6
kanazawa_266_310_68_178.png,3
kanazawa_266_310_182_163.png,3
kanazawa_266_310_193_39.png,1
kanazawa_266_310_182_159.png,3
kanazawa_266_310_162_182.png,5
kanazawa_266_310_99_243.png,5
kanazawa_266_310_117_276.png,1
kanazawa_266_310_231_249.png,3
kanazawa_266_310_110_114.png,5
kanazawa_266_310_51_109.png,6
kanazawa_266_310_95_237.png,1
kanazawa_266_310_42_56.png,6
kanazawa_266_310_206_257.png,3
kanazawa_266_310_157_71.png,1
kanazawa_266_310_99_248.png,5
kanazawa_266_310_73_203.png,3
kanazawa_266_310_188_115.png,3
kanazawa_266_310_42_93.png,6
kanazawa_266_310_130_78.png,3
kanazawa_266_310_109_127.png,3
kanazawa_266_310_196_12.png,6
kanazawa_266_310_58_302.png,6
kanazawa_266_310_93_40.png,6
kanazawa_266_310_177_221.png,3
kanazawa_266_310_202_56.png,3
kanazawa_266_310_154_181.png,5
kanazawa_266_310_65_300.png,6
kanazawa_266_310_118_165.png,5
kanazawa_266_310_110_202.png,1
kanazawa_266_310_198_255.png,3
kanazawa_266_310_70_71.png,6
kanazawa_266_310_67_60.png,6
kanazawa_266_310_69_141.png,3
kanazawa_266_310_52_107.png,6
kanazawa_266_310_203_162.png,3
kanazawa_266_310_22_99.png,6
kanazawa_266_310_39_71.png,6
kanazawa_266_310_115_148.png,3
kanazawa_266_310_187_157.png,3
kanazawa_266_310_222_174.png,3
kanazawa_266_310_179_24.png,6
kanazawa_266_310_188_219.png,3
kanazawa_266_310_215_53.png,3
kanazawa_266_310_230_237.png,3
kanazawa_266_310_216_190.png,3
kanazawa_266_310_49_233.png,6
kanazawa_266_310_163_69.png,5
kanazawa_266_310_184_264.png,3
kanazawa_266_310_116_232.png,3
kanazawa_266_310_48_105.png,6
kanazawa_266_310_118_69.png,6
kanazawa_266_310_231_122.png,3
kanazawa_266_310_83_85.png,6
kanazawa_266_310_186_169.png,3
kanazawa_266_310_208_213.png,3
kanazawa_266_310_172_64.png,5
kanazawa_266_310_209_147.png,3
kanazawa_266_310_76_257.png,6
kanazawa_266_310_187_41.png,5
kanazawa_266_310_158_249.png,3
kanazawa_266_310_63_158.png,3
kanazawa_266_310_86_240.png,5
kanazawa_266_310_14_68.png,6
kanazawa_266_310_238_161.png,3
kanazawa_266_310_78_85.png,6
kanazawa_266_310_169_24.png,6
kanazawa_266_310_64_222.png,6
kanazawa_266_310_237_237.png,3
kanazawa_266_310_251_185.png,3
kanazawa_266_310_112_136.png,3
kanazawa_266_310_202_173.png,3
kanazawa_266_310_217_201.png,3
kanazawa_266_310_24_119.png,6
kanazawa_266_310_202_248.png,3
kanazawa_266_310_127_38.png,6
kanazawa_266_310_155_29.png,6
kanazawa_266_310_192_167.png,3
kanazawa_266_310_184_120.png,3
kanazawa_266_310_123_172.png,5
kanazawa_266_310_158_70.png,5
kanazawa_266_310_36_119.png,6
kanazawa_266_310_44_240.png,6
kanazawa_266_310_191_161.png,3
kanazawa_266_310_47_144.png,5
kanazawa_266_310_188_172.png,3
kanazawa_266_310_56_92.png,6
kanazawa_266_310_99_199.png,5
kanazawa_266_310_190_132.png,3
kanazawa_266_310_33_65.png,6
kanazawa_266_310_218_199.png,3
kanazawa_266_310_195_222.png,3
kanazawa_266_310_194_196.png,3
kanazawa_266_310_172_26.png,6
kanazawa_266_310_158_97.png,1
kanazawa_266_310_243_241.png,3
kanazawa_266_310_144_192.png,5
kanazawa_266_310_158_262.png,3
kanazawa_266_310_55_274.png,6
kanazawa_266_310_25_114.png,6
kanazawa_266_310_208_222.png,3
kanazawa_266_310_173_192.png,3
kanazawa_266_310_14_102.png,6
kanazawa_266_310_234_188.png,3
kanazawa_266_310_177_15.png,6
kanazawa_266_310_54_284.png,6
kanazawa_266_310_130_189.png,5
kanazawa_266_310_48_263.png,6
kanazawa_266_310_165_264.png,3
kanazawa_266_310_204_241.png,3
kanazawa_266_310_124_36.png,6
kanazawa_266_310_53_60.png,6
kanazawa_266_310_184_139.png,3
kanazawa_266_310_156_210.png,3
kanazawa_266_310_161_173.png,5
kanazawa_266_310_35_86.png,6
kanazawa_266_310_200_210.png,3
kanazawa_266_310_222_221.png,3
kanazawa_266_310_124_30.png,6
kanazawa_266_310_71_78.png,6
kanazawa_266_310_181_23.png,6
kanazawa_266_310_92_239.png,5
kanazawa_266_310_233_80.png,3
kanazawa_266_310_50_189.png,5
kanazawa_266_310_47_57.png,6
kanazawa_266_310_54_173.png,3
kanazawa_266_310_83_222.png,1
kanazawa_266_310_103_60.png,6
kanazawa_266_310_205_81.png,3
kanazawa_266_310_143_182.png,5
kanazawa_266_310_114_59.png,6
kanazawa_266_310_31_182.png,3
kanazawa_266_310_210_208.png,3
kanazawa_266_310_120_67.png,6
kanazawa_266_310_131_199.png,5
kanazawa_266_310_233_153.png,3
kanazawa_266_310_238_200.png,3
kanazawa_266_310_209_138.png,3
kanazawa_266_310_106_198.png,5
kanazawa_266_310_170_258.png,3
kanazawa_266_310_125_282.png,5
kanazawa_266_310_235_216.png,3
kanazawa_266_310_189_240.png,3
kanazawa_266_310_132_65.png,6
kanazawa_266_310_128_138.png,3
kanazawa_266_310_97_262.png,1
kanazawa_266_310_255_214.png,3
kanazawa_266_310_43_235.png,6
kanazawa_266_310_219_206.png,3
kanazawa_266_310_106_204.png,5
kanazawa_266_310_103_138.png,3
kanazawa_266_310_210_228.png,3
kanazawa_266_310_189_26.png,6
kanazawa_266_310_203_178.png,3
kanazawa_266_310_48_269.png,6
kanazawa_266_310_9_65.png,6
kanazawa_266_310_34_119.png,6
kanazawa_266_310_186_178.png,3
kanazawa_266_310_205_228.png,6
kanazawa_266_310_64_259.png,6
kanazawa_266_310_151_60.png,3
kanazawa_266_310_62_96.png,6
kanazawa_266_310_204_113.png,3
kanazawa_266_310_175_127.png,3
kanazawa_266_310_223_238.png,3
kanazawa_266_310_62_226.png,6
kanazawa_266_310_88_215.png,1
kanazawa_266_310_50_88.png,6
kanazawa_266_310_215_109.png,3
kanazawa_266_310_62_275.png,6
kanazawa_266_310_91_60.png,6
kanazawa_266_310_212_171.png,3
kanazawa_266_310_198_84.png,6
kanazawa_266_310_90_182.png,3
kanazawa_266_310_152_105.png,1
kanazawa_266_310_215_256.png,3
kanazawa_266_310_182_19.png,6
kanazawa_266_310_205_253.png,3
kanazawa_266_310_85_207.png,1
kanazawa_266_310_145_36.png,6
kanazawa_266_310_197_101.png,3
kanazawa_266_310_238_144.png,3
kanazawa_266_310_118_280.png,1
kanazawa_266_310_221_19.png,5
kanazawa_266_310_213_89.png,3
kanazawa_266_310_72_121.png,3
kanazawa_266_310_38_220.png,6
kanazawa_266_310_91_79.png,6
kanazawa_266_310_63_141.png,3
kanazawa_266_310_207_142.png,3
kanazawa_266_310_149_156.png,3
kanazawa_266_310_106_266.png,5
kanazawa_266_310_179_198.png,3
kanazawa_266_310_66_230.png,6
kanazawa_266_310_113_205.png,5
kanazawa_266_310_219_45.png,3
kanazawa_266_310_35_117.png,6
kanazawa_266_310_208_115.png,3
kanazawa_266_310_204_137.png,3
kanazawa_266_310_232_171.png,3
kanazawa_266_310_175_57.png,1
kanazawa_266_310_95_208.png,1
kanazawa_266_310_211_226.png,3
kanazawa_266_310_227_77.png,3
kanazawa_266_310_231_231.png,3
kanazawa_266_310_111_71.png,6
kanazawa_266_310_237_247.png,3
kanazawa_266_310_158_227.png,3
kanazawa_266_310_47_110.png,6
kanazawa_266_310_251_222.png,3
kanazawa_266_310_187_251.png,3
kanazawa_266_310_51_59.png,6
kanazawa_266_310_87_84.png,6
kanazawa_266_310_101_69.png,6
kanazawa_266_310_89_139.png,3
kanazawa_266_310_122_60.png,6
kanazawa_266_310_237_188.png,3
kanazawa_266_310_61_233.png,6
kanazawa_266_310_214_212.png,3
kanazawa_266_310_86_212.png,1
kanazawa_266_310_19_97.png,6
kanazawa_266_310_96_73.png,6
kanazawa_266_310_208_139.png,3
kanazawa_266_310_132_148.png,3
kanazawa_266_310_115_125.png,1
kanazawa_266_310_168_24.png,6
kanazawa_266_310_247_160.png,3
kanazawa_266_310_151_195.png,3
kanazawa_266_310_77_114.png,6
kanazawa_266_310_241_155.png,3
kanazawa_266_310_147_237.png,3
kanazawa_266_310_170_265.png,3
kanazawa_266_310_131_125.png,3
kanazawa_266_310_57_273.png,6
kanazawa_266_310_176_263.png,3
kanazawa_266_310_157_91.png,1
kanazawa_266_310_199_256.png,3
kanazawa_266_310_204_125.png,3
kanazawa_266_310_207_223.png,3
kanazawa_266_310_147_24.png,6
kanazawa_266_310_138_152.png,3
kanazawa_266_310_49_118.png,6
kanazawa_266_310_248_199.png,3
kanazawa_266_310_187_161.png,3
kanazawa_266_310_95_129.png,3
kanazawa_266_310_179_82.png,5
kanazawa_266_310_176_235.png,3
kanazawa_266_310_57_280.png,6
kanazawa_266_310_55_81.png,6
kanazawa_266_310_154_51.png,6
kanazawa_266_310_158_35.png,6
kanazawa_266_310_231_214.png,3
kanazawa_266_310_211_219.png,3
kanazawa_266_310_93_106.png,6
kanazawa_266_310_35_119.png,6
kanazawa_266_310_168_152.png,3
kanazawa_266_310_75_233.png,3
kanazawa_266_310_117_130.png,3
kanazawa_266_310_237_226.png,3
kanazawa_266_310_173_39.png,6
kanazawa_266_310_40_166.png,3
kanazawa_266_310_238_208.png,3
kanazawa_266_310_94_167.png,3
kanazawa_266_310_214_235.png,3
kanazawa_266_310_194_122.png,3
kanazawa_266_310_149_60.png,6
kanazawa_266_310_145_54.png,6
kanazawa_266_310_129_184.png,5
kanazawa_266_310_22_71.png,6
kanazawa_266_310_40_63.png,6
kanazawa_266_310_51_157.png,3
kanazawa_266_310_224_74.png,3
kanazawa_266_310_83_80.png,6
kanazawa_266_310_126_137.png,4
kanazawa_266_310_218_121.png,3
kanazawa_266_310_106_118.png,5
kanazawa_266_310_92_240.png,5
kanazawa_266_310_137_69.png,6
kanazawa_266_310_154_33.png,6
kanazawa_266_310_204_192.png,3
kanazawa_266_310_119_238.png,3
kanazawa_266_310_41_63.png,6
kanazawa_266_310_214_230.png,3
kanazawa_266_310_193_155.png,3
kanazawa_266_310_81_268.png,6
kanazawa_266_310_179_141.png,3
kanazawa_266_310_35_76.png,6
kanazawa_266_310_49_102.png,6
kanazawa_266_310_199_200.png,3
kanazawa_266_310_166_40.png,6
kanazawa_266_310_6_65.png,6
kanazawa_266_310_65_69.png,6
kanazawa_266_310_186_229.png,3
kanazawa_266_310_64_251.png,6
kanazawa_266_310_54_183.png,5
kanazawa_266_310_114_43.png,6
kanazawa_266_310_116_91.png,3
kanazawa_266_310_33_63.png,6
kanazawa_266_310_79_224.png,1
kanazawa_266_310_131_46.png,6
kanazawa_266_310_102_283.png,1
kanazawa_266_310_239_209.png,3
kanazawa_266_310_187_249.png,3
kanazawa_266_310_71_184.png,3
kanazawa_266_310_211_223.png,3
kanazawa_266_310_107_50.png,6
kanazawa_266_310_207_146.png,3
kanazawa_266_310_196_254.png,3
kanazawa_266_310_96_238.png,1
kanazawa_266_310_178_96.png,3
kanazawa_266_310_202_244.png,3
kanazawa_266_310_252_179.png,3
kanazawa_266_310_204_233.png,3
kanazawa_266_310_204_212.png,3
kanazawa_266_310_105_225.png,5
kanazawa_266_310_111_82.png,6
kanazawa_266_310_141_40.png,6
kanazawa_266_310_55_190.png,3
kanazawa_266_310_95_228.png,5
kanazawa_266_310_240_141.png,3
kanazawa_266_310_31_73.png,6
kanazawa_266_310_218_161.png,3
kanazawa_266_310_92_80.png,6
kanazawa_266_310_248_216.png,3
kanazawa_266_310_15_110.png,6
kanazawa_266_310_186_14.png,6
kanazawa_266_310_63_178.png,3
kanazawa_266_310_226_129.png,3
kanazawa_266_310_53_240.png,6
kanazawa_266_310_64_49.png,6
kanazawa_266_310_73_285.png,6
kanazawa_266_310_15_117.png,6
kanazawa_266_310_123_45.png,6
kanazawa_266_310_98_209.png,5
kanazawa_266_310_223_56.png,3
kanazawa_266_310_195_44.png,1
kanazawa_266_310_140_59.png,6
kanazawa_266_310_217_130.png,3
kanazawa_266_310_69_180.png,3
kanazawa_266_310_62_156.png,3
kanazawa_266_310_54_242.png,6
kanazawa_266_310_118_86.png,1
kanazawa_266_310_126_29.png,6
kanazawa_266_310_185_172.png,3
kanazawa_266_310_77_246.png,3
kanazawa_266_310_33_228.png,6
kanazawa_266_310_158_28.png,6
kanazawa_266_310_248_219.png,3
kanazawa_266_310_66_266.png,6
kanazawa_266_310_139_201.png,5
kanazawa_266_310_83_259.png,3
kanazawa_266_310_16_122.png,6
kanazawa_266_310_188_166.png,3
kanazawa_266_310_55_72.png,6
kanazawa_266_310_203_248.png,3
kanazawa_266_310_199_191.png,3
kanazawa_266_310_87_294.png,5
kanazawa_266_310_206_201.png,3
kanazawa_266_310_117_170.png,5
kanazawa_266_310_48_215.png,6
kanazawa_266_310_89_85.png,6
kanazawa_266_310_210_52.png,3
kanazawa_266_310_23_81.png,6
kanazawa_266_310_223_26.png,5
kanazawa_266_310_69_136.png,5
kanazawa_266_310_216_249.png,3
kanazawa_266_310_162_144.png,3
kanazawa_266_310_228_244.png,3
kanazawa_266_310_70_62.png,6
kanazawa_266_310_95_83.png,6
kanazawa_266_310_158_108.png,3
kanazawa_266_310_228_69.png,3
kanazawa_266_310_134_45.png,6
kanazawa_266_310_182_210.png,3
kanazawa_266_310_72_111.png,6
kanazawa_266_310_56_250.png,6
kanazawa_266_310_67_119.png,6
kanazawa_266_310_105_262.png,1
kanazawa_266_310_161_71.png,5
kanazawa_266_310_213_137.png,3
kanazawa_266_310_173_84.png,1
kanazawa_266_310_217_91.png,3
kanazawa_266_310_240_208.png,3
kanazawa_266_310_115_59.png,6
kanazawa_266_310_120_198.png,5
kanazawa_266_310_74_86.png,6
kanazawa_266_310_162_228.png,3
kanazawa_266_310_199_182.png,3
kanazawa_266_310_136_113.png,3
kanazawa_266_310_205_176.png,3
kanazawa_266_310_14_81.png,6
kanazawa_266_310_133_70.png,6
kanazawa_266_310_123_82.png,3
kanazawa_266_310_84_248.png,3
kanazawa_266_310_237_250.png,3
kanazawa_266_310_231_168.png,3
kanazawa_266_310_159_98.png,3
kanazawa_266_310_141_94.png,1
kanazawa_266_310_130_188.png,5
kanazawa_266_310_79_44.png,6
kanazawa_266_310_72_47.png,6
kanazawa_266_310_172_40.png,6
kanazawa_266_310_169_220.png,3
kanazawa_266_310_85_109.png,6
kanazawa_266_310_96_75.png,6
kanazawa_266_310_67_54.png,6
kanazawa_266_310_183_111.png,3
kanazawa_266_310_124_44.png,6
kanazawa_266_310_111_35.png,6
kanazawa_266_310_81_258.png,3
kanazawa_266_310_186_113.png,3
kanazawa_266_310_129_190.png,5
kanazawa_266_310_135_119.png,3
kanazawa_266_310_19_108.png,6
kanazawa_266_310_39_192.png,3
kanazawa_266_310_119_186.png,5
kanazawa_266_310_232_242.png,3
kanazawa_266_310_10_94.png,6
kanazawa_266_310_110_126.png,1
kanazawa_266_310_96_92.png,6
kanazawa_266_310_61_238.png,6
kanazawa_266_310_43_183.png,3
kanazawa_266_310_127_67.png,6
kanazawa_266_310_208_163.png,3
kanazawa_266_310_188_225.png,3
kanazawa_266_310_126_148.png,3
kanazawa_266_310_49_141.png,5
kanazawa_266_310_70_124.png,3
kanazawa_266_310_173_212.png,3
kanazawa_266_310_72_83.png,6
kanazawa_266_310_108_147.png,3
kanazawa_266_310_211_244.png,3
kanazawa_266_310_49_129.png,6
kanazawa_266_310_53_228.png,6
kanazawa_266_310_82_230.png,5
kanazawa_266_310_197_134.png,3
kanazawa_266_310_199_214.png,3
kanazawa_266_310_182_168.png,3
kanazawa_266_310_112_275.png,1
kanazawa_266_310_149_223.png,3
kanazawa_266_310_218_154.png,3
kanazawa_266_310_74_106.png,6
kanazawa_266_310_204_123.png,3
kanazawa_266_310_115_224.png,3
kanazawa_266_310_151_37.png,6
kanazawa_266_310_74_123.png,3
kanazawa_266_310_110_78.png,6
kanazawa_266_310_64_268.png,6
kanazawa_266_310_59_67.png,6
kanazawa_266_310_64_258.png,6
kanazawa_266_310_107_259.png,5
kanazawa_266_310_214_198.png,3
kanazawa_266_310_205_173.png,3
kanazawa_266_310_241_153.png,3
kanazawa_266_310_146_63.png,6
kanazawa_266_310_116_240.png,3
kanazawa_266_310_115_75.png,6
kanazawa_266_310_86_53.png,6
kanazawa_266_310_33_230.png,6
kanazawa_266_310_206_133.png,3
kanazawa_266_310_175_262.png,3
kanazawa_266_310_199_188.png,3
kanazawa_266_310_212_53.png,3
kanazawa_266_310_154_206.png,3
kanazawa_266_310_132_52.png,6
kanazawa_266_310_102_134.png,3
kanazawa_266_310_113_46.png,6
kanazawa_266_310_158_114.png,5
kanazawa_266_310_160_64.png,5
kanazawa_266_310_31_115.png,6
kanazawa_266_310_106_54.png,6
kanazawa_266_310_112_69.png,6
kanazawa_266_310_162_148.png,3
kanazawa_266_310_54_238.png,6
kanazawa_266_310_163_54.png,1
kanazawa_266_310_175_254.png,3
kanazawa_266_310_147_100.png,1
kanazawa_266_310_201_151.png,3
kanazawa_266_310_86_134.png,3
kanazawa_266_310_188_255.png,3
kanazawa_266_310_155_203.png,3
kanazawa_266_310_28_194.png,3
kanazawa_266_310_8_97.png,6
kanazawa_266_310_153_214.png,3
kanazawa_266_310_168_222.png,3
kanazawa_266_310_93_230.png,1
kanazawa_266_310_132_203.png,5
kanazawa_266_310_98_211.png,5
kanazawa_266_310_70_103.png,6
kanazawa_266_310_37_73.png,6
kanazawa_266_310_133_69.png,6
kanazawa_266_310_142_255.png,3
kanazawa_266_310_63_129.png,5
kanazawa_266_310_45_83.png,6
kanazawa_266_310_198_187.png,3
kanazawa_266_310_251_193.png,3
kanazawa_266_310_57_95.png,6
kanazawa_266_310_213_139.png,3
kanazawa_266_310_206_123.png,3
kanazawa_266_310_159_272.png,3
kanazawa_266_310_194_19.png,6
kanazawa_266_310_197_243.png,3
kanazawa_266_310_154_95.png,1
kanazawa_266_310_50_104.png,6
kanazawa_266_310_211_144.png,3
kanazawa_266_310_244_193.png,3
kanazawa_266_310_149_192.png,5
kanazawa_266_310_20_80.png,6
kanazawa_266_310_216_22.png,5
kanazawa_266_310_214_192.png,3
kanazawa_266_310_74_62.png,6
kanazawa_266_310_124_55.png,6
kanazawa_266_310_61_249.png,6
kanazawa_266_310_240_165.png,3
kanazawa_266_310_92_103.png,6
kanazawa_266_310_41_111.png,6
kanazawa_266_310_106_186.png,5
kanazawa_266_310_63_95.png,6
kanazawa_266_310_120_176.png,5
kanazawa_266_310_68_94.png,6
kanazawa_266_310_225_194.png,3
kanazawa_266_310_236_124.png,3
kanazawa_266_310_146_182.png,5
kanazawa_266_310_176_16.png,6
kanazawa_266_310_241_132.png,3
kanazawa_266_310_101_51.png,6
kanazawa_266_310_27_107.png,6
kanazawa_266_310_98_107.png,3
kanazawa_266_310_172_266.png,3
kanazawa_266_310_135_83.png,5
kanazawa_266_310_126_98.png,1
kanazawa_266_310_104_87.png,6
kanazawa_266_310_109_84.png,6
kanazawa_266_310_182_62.png,5
kanazawa_266_310_75_246.png,6
kanazawa_266_310_29_76.png,6
kanazawa_266_310_109_38.png,6
kanazawa_266_310_99_50.png,6
kanazawa_266_310_50_129.png,3
kanazawa_266_310_139_69.png,3
kanazawa_266_310_203_198.png,3
kanazawa_266_310_53_238.png,6
kanazawa_266_310_258_233.png,3
kanazawa_266_310_95_240.png,1
kanazawa_266_310_63_226.png,6
kanazawa_266_310_201_44.png,5
kanazawa_266_310_246_229.png,3
kanazawa_266_310_204_98.png,3
kanazawa_266_310_128_74.png,3
kanazawa_266_310_98_210.png,5
kanazawa_266_310_240_236.png,3
kanazawa_266_310_211_227.png,3
kanazawa_266_310_198_142.png,3
kanazawa_266_310_140_98.png,1
kanazawa_266_310_13_128.png,6
kanazawa_266_310_100_204.png,5
kanazawa_266_310_209_22.png,5
kanazawa_266_310_225_134.png,3
kanazawa_266_310_82_43.png,6
kanazawa_266_310_188_121.png,3
kanazawa_266_310_71_220.png,3
kanazawa_266_310_52_77.png,6
kanazawa_266_310_180_153.png,3
kanazawa_266_310_206_107.png,3
kanazawa_266_310_80_120.png,5
kanazawa_266_310_72_260.png,6
kanazawa_266_310_74_164.png,3
kanazawa_266_310_33_101.png,6
kanazawa_266_310_17_126.png,6
kanazawa_266_310_90_103.png,6
kanazawa_266_310_233_156.png,3
kanazawa_266_310_179_251.png,3
kanazawa_266_310_106_218.png,5
kanazawa_266_310_227_179.png,3
kanazawa_266_310_89_112.png,3
kanazawa_266_310_45_94.png,6
kanazawa_266_310_6_83.png,6
kanazawa_266_310_218_104.png,3
kanazawa_266_310_83_94.png,6
kanazawa_266_310_130_253.png,5
kanazawa_266_310_228_240.png,3
kanazawa_266_310_110_73.png,6
kanazawa_266_310_201_234.png,3
kanazawa_266_310_238_156.png,3
kanazawa_266_310_129_56.png,6
kanazawa_266_310_198_230.png,3
kanazawa_266_310_173_185.png,3
kanazawa_266_310_189_88.png,3
kanazawa_266_310_176_146.png,3
kanazawa_266_310_245_144.png,3
kanazawa_266_310_88_107.png,6
kanazawa_266_310_69_128.png,3
kanazawa_266_310_159_122.png,3
kanazawa_266_310_136_154.png,3
kanazawa_266_310_177_139.png,3
kanazawa_266_310_164_193.png,3
kanazawa_266_310_7_84.png,6
kanazawa_266_310_10_83.png,6
kanazawa_266_310_42_164.png,3
kanazawa_266_310_72_296.png,6
kanazawa_266_310_71_135.png,5
kanazawa_266_310_168_254.png,3
kanazawa_266_310_226_218.png,3
kanazawa_266_310_216_233.png,3
kanazawa_266_310_222_185.png,3
kanazawa_266_310_117_75.png,6
kanazawa_266_310_94_63.png,6
kanazawa_266_310_188_49.png,5
kanazawa_266_310_178_132.png,3
kanazawa_266_310_86_282.png,1
kanazawa_266_310_122_280.png,5
kanazawa_266_310_158_67.png,1
kanazawa_266_310_188_141.png,3
kanazawa_266_310_232_130.png,3
kanazawa_266_310_80_54.png,6
kanazawa_266_310_119_32.png,6
kanazawa_266_310_204_230.png,3
kanazawa_266_310_165_141.png,3
kanazawa_266_310_123_147.png,3
kanazawa_266_310_168_212.png,3
kanazawa_266_310_51_110.png,6
kanazawa_266_310_109_199.png,5
kanazawa_266_310_168_94.png,3
kanazawa_266_310_249_208.png,3
kanazawa_266_310_53_237.png,6
kanazawa_266_310_206_120.png,3
kanazawa_266_310_158_93.png,1
kanazawa_266_310_190_98.png,3
kanazawa_266_310_189_123.png,3
kanazawa_266_310_123_71.png,6
kanazawa_266_310_83_103.png,6
kanazawa_266_310_183_246.png,3
kanazawa_266_310_71_256.png,6
kanazawa_266_310_61_166.png,3
kanazawa_266_310_155_169.png,5
kanazawa_266_310_112_286.png,1
kanazawa_266_310_106_170.png,5
kanazawa_266_310_232_85.png,3
kanazawa_266_310_229_173.png,3
kanazawa_266_310_142_50.png,6
kanazawa_266_310_59_218.png,6
kanazawa_266_310_157_33.png,6
kanazawa_266_310_42_228.png,6
kanazawa_266_310_186_120.png,3
kanazawa_266_310_57_250.png,6
kanazawa_266_310_96_153.png,3
kanazawa_266_310_234_151.png,3
kanazawa_266_310_221_150.png,3
kanazawa_266_310_191_239.png,3
kanazawa_266_310_23_147.png,3
kanazawa_266_310_39_154.png,5
kanazawa_266_310_219_90.png,3
kanazawa_266_310_161_121.png,3
kanazawa_266_310_105_212.png,5
kanazawa_266_310_45_120.png,6
kanazawa_266_310_43_239.png,6
kanazawa_266_310_60_103.png,6
kanazawa_266_310_73_221.png,3
kanazawa_266_310_81_276.png,6
kanazawa_266_310_122_136.png,3
kanazawa_266_310_198_136.png,3
kanazawa_266_310_166_187.png,3
kanazawa_266_310_178_169.png,3
kanazawa_266_310_81_51.png,6
kanazawa_266_310_164_225.png,3
kanazawa_266_310_57_299.png,6
kanazawa_266_310_163_32.png,6
kanazawa_266_310_195_106.png,3
kanazawa_266_310_172_39.png,6
kanazawa_266_310_50_289.png,6
kanazawa_266_310_87_89.png,6
kanazawa_266_310_78_194.png,3
kanazawa_266_310_85_63.png,6
kanazawa_266_310_153_169.png,5
kanazawa_266_310_158_106.png,3
kanazawa_266_310_80_296.png,6
kanazawa_266_310_110_188.png,5
kanazawa_266_310_194_13.png,6
kanazawa_266_310_231_116.png,3
kanazawa_266_310_70_203.png,3
kanazawa_266_310_151_24.png,6
kanazawa_266_310_27_109.png,6
kanazawa_266_310_218_165.png,3
kanazawa_266_310_115_47.png,6
kanazawa_266_310_26_90.png,6
kanazawa_266_310_200_233.png,3
kanazawa_266_310_47_218.png,6
kanazawa_266_310_103_180.png,5
kanazawa_266_310_30_110.png,6
kanazawa_266_310_195_108.png,3
kanazawa_266_310_161_143.png,3
kanazawa_266_310_81_245.png,3
kanazawa_266_310_100_42.png,6
kanazawa_266_310_211_189.png,3
kanazawa_266_310_113_107.png,5
kanazawa_266_310_78_216.png,3
kanazawa_266_310_194_58.png,5
kanazawa_266_310_69_85.png,6
kanazawa_266_310_85_108.png,6
kanazawa_266_310_14_114.png,6
kanazawa_266_310_134_256.png,1
kanazawa_266_310_59_129.png,3
kanazawa_266_310_49_304.png,6
kanazawa_266_310_89_82.png,6
kanazawa_266_310_167_30.png,6
kanazawa_266_310_40_259.png,6
kanazawa_266_310_66_292.png,6
kanazawa_266_310_125_229.png,3
kanazawa_266_310_222_168.png,3
kanazawa_266_310_185_260.png,3
kanazawa_266_310_226_77.png,3
kanazawa_266_310_260_237.png,3
kanazawa_266_310_206_156.png,3
kanazawa_266_310_242_156.png,3
kanazawa_266_310_16_119.png,6
kanazawa_266_310_46_243.png,6
kanazawa_266_310_143_186.png,5
kanazawa_266_310_39_107.png,6
kanazawa_266_310_146_111.png,1
kanazawa_266_310_26_163.png,5
kanazawa_266_310_133_27.png,6
kanazawa_266_310_229_174.png,3
kanazawa_266_310_144_69.png,3
kanazawa_266_310_161_45.png,6
kanazawa_266_310_100_127.png,3
kanazawa_266_310_38_192.png,3
kanazawa_266_310_96_234.png,5
kanazawa_266_310_137_262.png,5
kanazawa_266_310_184_99.png,3
kanazawa_266_310_121_180.png,5
kanazawa_266_310_228_155.png,3
kanazawa_266_310_225_208.png,3
kanazawa_266_310_144_91.png,1
kanazawa_266_310_160_203.png,3
kanazawa_266_310_147_242.png,3
kanazawa_266_310_148_97.png,1
kanazawa_266_310_220_227.png,3
kanazawa_266_310_129_112.png,5
kanazawa_266_310_120_90.png,3
kanazawa_266_310_123_75.png,6
kanazawa_266_310_187_153.png,3
kanazawa_266_310_58_131.png,3
kanazawa_266_310_198_99.png,3
kanazawa_266_310_136_119.png,3
kanazawa_266_310_221_236.png,3
kanazawa_266_310_165_202.png,3
kanazawa_266_310_195_208.png,3
kanazawa_266_310_208_124.png,3
kanazawa_266_310_30_153.png,5
kanazawa_266_310_91_173.png,3
kanazawa_266_310_85_90.png,6
kanazawa_266_310_56_58.png,6
kanazawa_266_310_209_123.png,3
kanazawa_266_310_59_65.png,6
kanazawa_266_310_151_175.png,5
kanazawa_266_310_146_112.png,3
kanazawa_266_310_74_71.png,6
kanazawa_266_310_27_139.png,3
kanazawa_266_310_165_49.png,3
kanazawa_266_310_138_48.png,6
kanazawa_266_310_49_130.png,6
kanazawa_266_310_173_195.png,3
kanazawa_266_310_170_218.png,3
kanazawa_266_310_34_200.png,3
kanazawa_266_310_110_88.png,6
kanazawa_266_310_130_69.png,3
kanazawa_266_310_25_120.png,6
kanazawa_266_310_212_155.png,3
kanazawa_266_310_234_129.png,3
kanazawa_266_310_105_142.png,3
kanazawa_266_310_135_109.png,1
kanazawa_266_310_90_112.png,3
kanazawa_266_310_168_150.png,3
kanazawa_266_310_250_227.png,3
kanazawa_266_310_82_278.png,3
kanazawa_266_310_90_110.png,3
kanazawa_266_310_76_120.png,3
kanazawa_266_310_234_164.png,3
kanazawa_266_310_41_108.png,6
kanazawa_266_310_244_237.png,3
kanazawa_266_310_56_208.png,6
kanazawa_266_310_49_96.png,6
kanazawa_266_310_188_227.png,3
kanazawa_266_310_161_247.png,3
kanazawa_266_310_90_285.png,1
kanazawa_266_310_44_90.png,6
kanazawa_266_310_88_147.png,3
kanazawa_266_310_85_56.png,6
kanazawa_266_310_94_98.png,6
kanazawa_266_310_30_113.png,6
kanazawa_266_310_100_262.png,1
kanazawa_266_310_171_141.png,3
kanazawa_266_310_115_52.png,6
kanazawa_266_310_244_216.png,3
kanazawa_266_310_140_103.png,1
kanazawa_266_310_91_69.png,6
kanazawa_266_310_170_266.png,3
kanazawa_266_310_225_248.png,3
kanazawa_266_310_106_191.png,5
kanazawa_266_310_125_31.png,6
kanazawa_266_310_195_18.png,6
kanazawa_266_310_37_150.png,5
kanazawa_266_310_102_151.png,3
kanazawa_266_310_41_214.png,3
kanazawa_266_310_173_260.png,3
kanazawa_266_310_193_244.png,3
kanazawa_266_310_234_242.png,3
kanazawa_266_310_191_138.png,3
kanazawa_266_310_212_147.png,6
kanazawa_266_310_88_127.png,3
kanazawa_266_310_75_131.png,5
kanazawa_266_310_73_215.png,3
kanazawa_266_310_67_242.png,6
kanazawa_266_310_181_263.png,3
kanazawa_266_310_68_265.png,6
kanazawa_266_310_57_151.png,3
kanazawa_266_310_217_139.png,3
kanazawa_266_310_46_278.png,6
kanazawa_266_310_193_56.png,1
kanazawa_266_310_102_140.png,3
kanazawa_266_310_244_170.png,3
kanazawa_266_310_73_290.png,6
kanazawa_266_310_98_242.png,5
kanazawa_266_310_177_31.png,6
kanazawa_266_310_144_167.png,5
kanazawa_266_310_47_244.png,6
kanazawa_266_310_52_111.png,6
kanazawa_266_310_246_148.png,3
kanazawa_266_310_192_118.png,3
kanazawa_266_310_89_282.png,1
kanazawa_266_310_48_182.png,3
kanazawa_266_310_214_75.png,3
kanazawa_266_310_123_115.png,5
kanazawa_266_310_209_96.png,3
kanazawa_266_310_173_141.png,3
kanazawa_266_310_178_58.png,5
kanazawa_266_310_230_93.png,3
kanazawa_266_310_44_96.png,6
kanazawa_266_310_63_104.png,6
kanazawa_266_310_152_239.png,3
kanazawa_266_310_184_262.png,3
kanazawa_266_310_56_253.png,6
kanazawa_266_310_150_207.png,3
kanazawa_266_310_74_127.png,3
kanazawa_266_310_127_166.png,3
kanazawa_266_310_161_235.png,3
kanazawa_266_310_210_235.png,3
kanazawa_266_310_54_231.png,6
kanazawa_266_310_108_282.png,1
kanazawa_266_310_65_50.png,6
kanazawa_266_310_46_197.png,5
kanazawa_266_310_104_284.png,1
kanazawa_266_310_216_83.png,3
kanazawa_266_310_50_94.png,6
kanazawa_266_310_49_125.png,6
kanazawa_266_310_146_207.png,3
kanazawa_266_310_60_97.png,6
kanazawa_266_310_41_113.png,6
kanazawa_266_310_237_147.png,3
kanazawa_266_310_18_64.png,6
kanazawa_266_310_192_222.png,3
kanazawa_266_310_90_80.png,6
kanazawa_266_310_73_252.png,6
kanazawa_266_310_57_131.png,3
kanazawa_266_310_65_258.png,6
kanazawa_266_310_214_76.png,3
kanazawa_266_310_78_105.png,6
kanazawa_266_310_218_88.png,3
kanazawa_266_310_61_269.png,6
kanazawa_266_310_146_232.png,3
kanazawa_266_310_42_263.png,6
kanazawa_266_310_187_220.png,3
kanazawa_266_310_205_196.png,3
kanazawa_266_310_209_212.png,3
kanazawa_266_310_190_152.png,3
kanazawa_266_310_194_47.png,5
kanazawa_266_310_39_135.png,3
kanazawa_266_310_179_60.png,5
kanazawa_266_310_225_185.png,3
kanazawa_266_310_62_102.png,6
kanazawa_266_310_190_167.png,3
kanazawa_266_310_91_80.png,6
kanazawa_266_310_245_212.png,3
kanazawa_266_310_130_205.png,5
kanazawa_266_310_138_65.png,6
kanazawa_266_310_193_208.png,3
kanazawa_266_310_91_101.png,6
kanazawa_266_310_63_243.png,6
kanazawa_266_310_80_110.png,6
kanazawa_266_310_209_133.png,3
kanazawa_266_310_45_241.png,6
kanazawa_266_310_47_59.png,6
kanazawa_266_310_167_254.png,3
kanazawa_266_310_54_265.png,6
kanazawa_266_310_121_135.png,3
kanazawa_266_310_161_46.png,6
kanazawa_266_310_223_212.png,3
kanazawa_266_310_34_135.png,5
kanazawa_266_310_227_216.png,3
kanazawa_266_310_149_71.png,1
kanazawa_266_310_174_18.png,6
kanazawa_266_310_31_127.png,6
kanazawa_266_310_194_209.png,3
kanazawa_266_310_85_234.png,5
kanazawa_266_310_139_105.png,1
kanazawa_266_310_192_200.png,3
kanazawa_266_310_133_224.png,3
kanazawa_266_310_196_233.png,3
kanazawa_266_310_51_280.png,6
kanazawa_266_310_207_137.png,3
kanazawa_266_310_47_230.png,6
kanazawa_266_310_166_46.png,3
kanazawa_266_310_61_171.png,3
kanazawa_266_310_213_155.png,3
kanazawa_266_310_101_89.png,6
kanazawa_266_310_92_262.png,5
kanazawa_266_310_29_189.png,3
kanazawa_266_310_138_188.png,5
kanazawa_266_310_61_214.png,3
kanazawa_266_310_157_203.png,3
kanazawa_266_310_187_260.png,3
kanazawa_266_310_258_229.png,3
kanazawa_266_310_237_162.png,3
kanazawa_266_310_124_196.png,1
kanazawa_266_310_137_50.png,6
kanazawa_266_310_201_189.png,3
kanazawa_266_310_149_40.png,6
kanazawa_266_310_186_102.png,3
kanazawa_266_310_229_193.png,3
kanazawa_266_310_120_47.png,6
kanazawa_266_310_98_62.png,6
kanazawa_266_310_121_283.png,5
kanazawa_266_310_115_200.png,1
kanazawa_266_310_81_91.png,6
kanazawa_266_310_32_57.png,6
kanazawa_266_310_119_33.png,6
kanazawa_266_310_101_228.png,5
kanazawa_266_310_204_33.png,1
kanazawa_266_310_66_199.png,5
kanazawa_266_310_69_73.png,6
kanazawa_266_310_44_124.png,6
kanazawa_266_310_6_71.png,6
kanazawa_266_310_46_218.png,6
kanazawa_266_310_234_228.png,3
kanazawa_266_310_90_128.png,3
kanazawa_266_310_152_156.png,3
kanazawa_266_310_76_94.png,6
kanazawa_266_310_103_221.png,5
kanazawa_266_310_102_76.png,6
kanazawa_266_310_190_163.png,3
kanazawa_266_310_51_256.png,6
kanazawa_266_310_169_207.png,3
kanazawa_266_310_104_230.png,1
kanazawa_266_310_168_83.png,5
kanazawa_266_310_182_248.png,3
kanazawa_266_310_93_68.png,6
kanazawa_266_310_43_276.png,6
kanazawa_266_310_63_143.png,3
kanazawa_266_310_73_262.png,6
kanazawa_266_310_158_52.png,6
kanazawa_266_310_253_229.png,3
kanazawa_266_310_179_109.png,3
kanazawa_266_310_134_176.png,5
kanazawa_266_310_210_159.png,3
kanazawa_266_310_31_89.png,6
kanazawa_266_310_64_165.png,3
kanazawa_266_310_37_116.png,6
kanazawa_266_310_78_133.png,5
kanazawa_266_310_120_58.png,6
kanazawa_266_310_143_50.png,6
kanazawa_266_310_76_235.png,3
kanazawa_266_310_54_209.png,6
kanazawa_266_310_99_172.png,3
kanazawa_266_310_235_234.png,3
kanazawa_266_310_227_230.png,3
kanazawa_266_310_234_167.png,3
kanazawa_266_310_184_209.png,3
kanazawa_266_310_259_226.png,3
kanazawa_266_310_245_202.png,3
kanazawa_266_310_85_261.png,5
kanazawa_266_310_114_97.png,3
kanazawa_266_310_224_236.png,3
kanazawa_266_310_202_158.png,3
kanazawa_266_310_198_111.png,3
kanazawa_266_310_213_185.png,3
kanazawa_266_310_220_206.png,3
kanazawa_266_310_70_222.png,3
kanazawa_266_310_82_50.png,6
kanazawa_266_310_148_150.png,3
kanazawa_266_310_173_107.png,3
kanazawa_266_310_84_93.png,6
kanazawa_266_310_189_145.png,3
kanazawa_266_310_153_24.png,6
kanazawa_266_310_182_211.png,3
kanazawa_266_310_84_286.png,1
kanazawa_266_310_184_25.png,6
kanazawa_266_310_164_38.png,6
kanazawa_266_310_86_135.png,3
kanazawa_266_310_192_127.png,3
kanazawa_266_310_166_191.png,3
kanazawa_266_310_143_48.png,6
kanazawa_266_310_75_293.png,6
kanazawa_266_310_53_269.png,6
kanazawa_266_310_125_202.png,5
kanazawa_266_310_102_42.png,6
kanazawa_266_310_133_78.png,3
kanazawa_266_310_116_88.png,6
kanazawa_266_310_94_289.png,5
kanazawa_266_310_108_48.png,6
kanazawa_266_310_37_134.png,3
kanazawa_266_310_92_226.png,1
kanazawa_266_310_73_58.png,6
kanazawa_266_310_61_217.png,6
kanazawa_266_310_57_75.png,6
kanazawa_266_310_116_33.png,6
kanazawa_266_310_162_200.png,3
kanazawa_266_310_18_70.png,6
kanazawa_266_310_68_237.png,6
kanazawa_266_310_84_114.png,3
kanazawa_266_310_103_93.png,6
kanazawa_266_310_228_207.png,3
kanazawa_266_310_170_73.png,5
kanazawa_266_310_163_217.png,3
kanazawa_266_310_239_237.png,3
kanazawa_266_310_177_254.png,3
kanazawa_266_310_25_163.png,5
kanazawa_266_310_192_85.png,3
kanazawa_266_310_73_214.png,3
kanazawa_266_310_70_278.png,6
kanazawa_266_310_58_277.png,6
kanazawa_266_310_216_225.png,3
kanazawa_266_310_237_167.png,3
kanazawa_266_310_168_261.png,3
kanazawa_266_310_159_208.png,3
kanazawa_266_310_73_86.png,6
kanazawa_266_310_134_48.png,6
kanazawa_266_310_118_126.png,3
kanazawa_266_310_96_78.png,6
kanazawa_266_310_153_35.png,6
kanazawa_266_310_48_192.png,3
kanazawa_266_310_186_257.png,3
kanazawa_266_310_40_111.png,6
kanazawa_266_310_115_145.png,3
kanazawa_266_310_207_115.png,3
kanazawa_266_310_180_97.png,3
kanazawa_266_310_55_294.png,6
kanazawa_266_310_35_67.png,6
kanazawa_266_310_167_167.png,3
kanazawa_266_310_75_222.png,1
kanazawa_266_310_104_81.png,6
kanazawa_266_310_111_284.png,1
kanazawa_266_310_199_234.png,3
kanazawa_266_310_69_111.png,6
kanazawa_266_310_166_260.png,3
kanazawa_266_310_94_177.png,3
kanazawa_266_310_129_49.png,6
kanazawa_266_310_177_74.png,5
kanazawa_266_310_187_224.png,5
kanazawa_266_310_102_218.png,5
kanazawa_266_310_207_229.png,3
kanazawa_266_310_202_161.png,3
kanazawa_266_310_259_231.png,3
kanazawa_266_310_113_50.png,6
kanazawa_266_310_134_266.png,5
kanazawa_266_310_123_44.png,6
kanazawa_266_310_101_100.png,6
kanazawa_266_310_61_258.png,6
kanazawa_266_310_162_219.png,3
kanazawa_266_310_188_109.png,3
kanazawa_266_310_157_188.png,5
kanazawa_266_310_100_62.png,6
kanazawa_266_310_107_280.png,1
kanazawa_266_310_167_104.png,3
kanazawa_266_310_46_257.png,6
kanazawa_266_310_177_207.png,3
kanazawa_266_310_20_73.png,6
kanazawa_266_310_98_193.png,5
kanazawa_266_310_38_244.png,6
kanazawa_266_310_190_64.png,3
kanazawa_266_310_149_99.png,1
kanazawa_266_310_150_108.png,1
kanazawa_266_310_232_123.png,3
kanazawa_266_310_71_104.png,6
kanazawa_266_310_64_280.png,6
kanazawa_266_310_39_234.png,6
kanazawa_266_310_216_99.png,3
kanazawa_266_310_213_151.png,3
kanazawa_266_310_119_41.png,6
kanazawa_266_310_64_164.png,3
kanazawa_266_310_168_56.png,5
kanazawa_266_310_95_97.png,6
kanazawa_266_310_114_201.png,5
kanazawa_266_310_69_200.png,3
kanazawa_266_310_75_286.png,6
kanazawa_266_310_208_232.png,3
kanazawa_266_310_27_168.png,5
kanazawa_266_310_146_80.png,1
kanazawa_266_310_48_207.png,6
kanazawa_266_310_11_93.png,6
kanazawa_266_310_216_197.png,3
kanazawa_266_310_62_93.png,6
kanazawa_266_310_185_178.png,3
kanazawa_266_310_34_77.png,6
kanazawa_266_310_179_262.png,3
kanazawa_266_310_161_202.png,3
kanazawa_266_310_73_284.png,6
kanazawa_266_310_219_200.png,3
kanazawa_266_310_14_126.png,6
kanazawa_266_310_145_33.png,6
kanazawa_266_310_116_136.png,3
kanazawa_266_310_146_127.png,3
kanazawa_266_310_43_264.png,6
kanazawa_266_310_8_63.png,6
kanazawa_266_310_122_100.png,1
kanazawa_266_310_220_9.png,5
kanazawa_266_310_134_94.png,5
kanazawa_266_310_113_87.png,6
kanazawa_266_310_42_130.png,3
kanazawa_266_310_157_218.png,3
kanazawa_266_310_26_94.png,6
kanazawa_266_310_194_87.png,3
kanazawa_266_310_23_101.png,6
kanazawa_266_310_73_57.png,6
kanazawa_266_310_90_111.png,3
kanazawa_266_310_54_69.png,6
kanazawa_266_310_168_21.png,6
kanazawa_266_310_199_134.png,3
kanazawa_266_310_47_248.png,6
kanazawa_266_310_170_253.png,3
kanazawa_266_310_98_67.png,6
kanazawa_266_310_94_51.png,6
kanazawa_266_310_188_199.png,3
kanazawa_266_310_208_143.png,3
kanazawa_266_310_230_121.png,3
kanazawa_266_310_207_110.png,3
kanazawa_266_310_65_289.png,6
kanazawa_266_310_229_159.png,3
kanazawa_266_310_56_60.png,6
kanazawa_266_310_57_296.png,6
kanazawa_266_310_171_46.png,1
kanazawa_266_310_218_52.png,3
kanazawa_266_310_204_22.png,5
kanazawa_266_310_51_273.png,6
kanazawa_266_310_217_225.png,3
kanazawa_266_310_34_233.png,6
kanazawa_266_310_154_132.png,3
kanazawa_266_310_221_145.png,6
kanazawa_266_310_34_130.png,6
kanazawa_266_310_72_237.png,6
kanazawa_266_310_74_214.png,3
kanazawa_266_310_94_132.png,3
kanazawa_266_310_200_193.png,3
kanazawa_266_310_92_282.png,1
kanazawa_266_310_230_205.png,3
kanazawa_266_310_66_124.png,6
kanazawa_266_310_108_60.png,6
kanazawa_266_310_34_65.png,6
kanazawa_266_310_150_161.png,5
kanazawa_266_310_117_133.png,3
kanazawa_266_310_133_196.png,5
kanazawa_266_310_62_187.png,3
kanazawa_266_310_131_65.png,6
kanazawa_266_310_47_121.png,6
kanazawa_266_310_126_37.png,6
kanazawa_266_310_42_114.png,6
kanazawa_266_310_81_100.png,6
kanazawa_266_310_147_63.png,3
kanazawa_266_310_36_158.png,5
kanazawa_266_310_120_63.png,6
kanazawa_266_310_222_147.png,3
kanazawa_266_310_113_60.png,6
kanazawa_266_310_54_150.png,5
kanazawa_266_310_170_61.png,5
kanazawa_266_310_248_224.png,3
kanazawa_266_310_97_77.png,6
kanazawa_266_310_220_186.png,3
kanazawa_266_310_223_165.png,3
kanazawa_266_310_195_257.png,3
kanazawa_266_310_234_148.png,3
kanazawa_266_310_80_119.png,3
kanazawa_266_310_120_70.png,6
kanazawa_266_310_96_255.png,1
kanazawa_266_310_195_146.png,3
kanazawa_266_310_98_152.png,3
kanazawa_266_310_112_172.png,5
kanazawa_266_310_245_242.png,3
kanazawa_266_310_168_100.png,3
kanazawa_266_310_184_252.png,3
kanazawa_266_310_211_253.png,3
kanazawa_266_310_40_162.png,3
kanazawa_266_310_183_136.png,3
kanazawa_266_310_242_198.png,3
kanazawa_266_310_202_96.png,3
kanazawa_266_310_164_244.png,3
kanazawa_266_310_62_229.png,6
kanazawa_266_310_173_36.png,6
kanazawa_266_310_49_89.png,6
kanazawa_266_310_171_252.png,3
kanazawa_266_310_185_123.png,3
kanazawa_266_310_89_93.png,6
kanazawa_266_310_38_65.png,6
kanazawa_266_310_93_152.png,3
kanazawa_266_310_48_221.png,6
kanazawa_266_310_240_194.png,3
kanazawa_266_310_173_170.png,3
kanazawa_266_310_198_28.png,1
kanazawa_266_310_257_228.png,3
kanazawa_266_310_140_67.png,6
kanazawa_266_310_39_232.png,6
kanazawa_266_310_60_290.png,6
kanazawa_266_310_196_227.png,3
kanazawa_266_310_89_41.png,6
kanazawa_266_310_160_43.png,6
kanazawa_266_310_220_134.png,3
kanazawa_266_310_14_118.png,6
kanazawa_266_310_233_167.png,3
kanazawa_266_310_73_96.png,6
kanazawa_266_310_56_254.png,6
kanazawa_266_310_62_216.png,6
kanazawa_266_310_237_141.png,3
kanazawa_266_310_78_166.png,3
kanazawa_266_310_222_38.png,3
kanazawa_266_310_71_261.png,6
kanazawa_266_310_132_225.png,3
kanazawa_266_310_86_68.png,6
kanazawa_266_310_45_118.png,6
kanazawa_266_310_16_106.png,6
kanazawa_266_310_39_236.png,6
kanazawa_266_310_186_60.png,1
kanazawa_266_310_169_146.png,3
kanazawa_266_310_38_166.png,3
kanazawa_266_310_47_282.png,6
kanazawa_266_310_98_122.png,5
kanazawa_266_310_225_161.png,3
kanazawa_266_310_234_248.png,3
kanazawa_266_310_114_132.png,5
kanazawa_266_310_209_132.png,3
kanazawa_266_310_191_142.png,3
kanazawa_266_310_136_77.png,3
kanazawa_266_310_43_54.png,6
kanazawa_266_310_151_124.png,3
kanazawa_266_310_63_98.png,6
kanazawa_266_310_137_87.png,1
kanazawa_266_310_50_111.png,6
kanazawa_266_310_198_195.png,3
kanazawa_266_310_188_251.png,3
kanazawa_266_310_161_263.png,3
kanazawa_266_310_107_111.png,5
kanazawa_266_310_72_196.png,3
kanazawa_266_310_225_160.png,3
kanazawa_266_310_179_183.png,3
kanazawa_266_310_53_242.png,6
kanazawa_266_310_131_185.png,5
kanazawa_266_310_156_224.png,3
kanazawa_266_310_107_157.png,3
kanazawa_266_310_222_113.png,3
kanazawa_266_310_132_43.png,6
kanazawa_266_310_51_217.png,6
kanazawa_266_310_204_190.png,3
kanazawa_266_310_63_121.png,6
kanazawa_266_310_148_177.png,5
kanazawa_266_310_41_119.png,6
kanazawa_266_310_61_218.png,6
kanazawa_266_310_93_103.png,6
kanazawa_266_310_170_145.png,3
kanazawa_266_310_82_88.png,6
kanazawa_266_310_61_270.png,6
kanazawa_266_310_130_104.png,5
kanazawa_266_310_37_226.png,6
kanazawa_266_310_118_35.png,6
kanazawa_266_310_204_174.png,3
kanazawa_266_310_100_175.png,3
kanazawa_266_310_156_53.png,6
kanazawa_266_310_157_102.png,4
kanazawa_266_310_135_59.png,6
kanazawa_266_310_197_221.png,3
kanazawa_266_310_51_104.png,6
kanazawa_266_310_126_34.png,6
kanazawa_266_310_86_162.png,3
kanazawa_266_310_196_226.png,3
kanazawa_266_310_70_157.png,3
kanazawa_266_310_145_246.png,3
kanazawa_266_310_149_57.png,6
kanazawa_266_310_103_239.png,1
kanazawa_266_310_148_58.png,6
kanazawa_266_310_238_226.png,3
kanazawa_266_310_35_105.png,6
kanazawa_266_310_147_51.png,6
kanazawa_266_310_189_192.png,3
kanazawa_266_310_84_106.png,6
kanazawa_266_310_89_173.png,3
kanazawa_266_310_102_99.png,6
kanazawa_266_310_184_110.png,3
kanazawa_266_310_152_115.png,1
kanazawa_266_310_109_138.png,3
kanazawa_266_310_149_151.png,3
kanazawa_266_310_222_122.png,3
kanazawa_266_310_113_272.png,1
kanazawa_266_310_44_229.png,6
kanazawa_266_310_20_86.png,6
kanazawa_266_310_226_158.png,3
kanazawa_266_310_122_135.png,3
kanazawa_266_310_189_114.png,3
kanazawa_266_310_201_246.png,3
kanazawa_266_310_249_180.png,3
kanazawa_266_310_31_222.png,6
kanazawa_266_310_164_59.png,5
kanazawa_266_310_182_97.png,3
kanazawa_266_310_117_124.png,1
kanazawa_266_310_33_97.png,6
kanazawa_266_310_135_66.png,6
kanazawa_266_310_44_225.png,6
kanazawa_266_310_168_216.png,3
kanazawa_266_310_218_220.png,3
kanazawa_266_310_193_256.png,3
kanazawa_266_310_200_8.png,6
kanazawa_266_310_192_159.png,3
kanazawa_266_310_4_64.png,6
kanazawa_266_310_257_221.png,3
kanazawa_266_310_33_114.png,6
kanazawa_266_310_57_116.png,6
kanazawa_266_310_31_122.png,6
kanazawa_266_310_143_108.png,3
kanazawa_266_310_67_49.png,6
kanazawa_266_310_18_114.png,6
kanazawa_266_310_92_51.png,6
kanazawa_266_310_137_107.png,1
kanazawa_266_310_53_108.png,6
kanazawa_266_310_98_105.png,3
kanazawa_266_310_222_202.png,3
kanazawa_266_310_216_229.png,3
kanazawa_266_310_92_76.png,6
kanazawa_266_310_189_119.png,3
kanazawa_266_310_27_126.png,6
kanazawa_266_310_65_76.png,6
kanazawa_266_310_103_276.png,1
kanazawa_266_310_50_206.png,6
kanazawa_266_310_60_266.png,6
kanazawa_266_310_193_186.png,3
kanazawa_266_310_177_193.png,3
kanazawa_266_310_78_82.png,6
kanazawa_266_310_186_44.png,5
kanazawa_266_310_213_210.png,3
kanazawa_266_310_77_46.png,6
kanazawa_266_310_73_49.png,6
kanazawa_266_310_92_73.png,6
kanazawa_266_310_188_120.png,3
kanazawa_266_310_102_44.png,6
kanazawa_266_310_49_64.png,6
kanazawa_266_310_93_270.png,5
kanazawa_266_310_56_281.png,6
kanazawa_266_310_213_202.png,3
kanazawa_266_310_42_148.png,1
kanazawa_266_310_118_33.png,6
kanazawa_266_310_158_138.png,3
kanazawa_266_310_145_29.png,6
kanazawa_266_310_218_216.png,3
kanazawa_266_310_76_228.png,1
kanazawa_266_310_60_264.png,6
kanazawa_266_310_81_85.png,6
kanazawa_266_310_110_83.png,6
kanazawa_266_310_107_110.png,5
kanazawa_266_310_223_145.png,3
kanazawa_266_310_20_119.png,6
kanazawa_266_310_51_214.png,6
kanazawa_266_310_139_177.png,5
kanazawa_266_310_132_86.png,1
kanazawa_266_310_27_130.png,3
kanazawa_266_310_158_261.png,3
kanazawa_266_310_172_200.png,3
kanazawa_266_310_239_195.png,3
kanazawa_266_310_18_121.png,6
kanazawa_266_310_15_116.png,6
kanazawa_266_310_131_101.png,5
kanazawa_266_310_96_101.png,6
kanazawa_266_310_194_118.png,3
kanazawa_266_310_180_78.png,5
kanazawa_266_310_190_122.png,3
kanazawa_266_310_99_213.png,5
kanazawa_266_310_87_167.png,3
kanazawa_266_310_55_191.png,3
kanazawa_266_310_220_44.png,3
kanazawa_266_310_75_105.png,6
kanazawa_266_310_225_140.png,3
kanazawa_266_310_36_169.png,3
kanazawa_266_310_217_107.png,3
kanazawa_266_310_82_288.png,3
kanazawa_266_310_223_155.png,3
kanazawa_266_310_199_217.png,3
kanazawa_266_310_156_258.png,3
kanazawa_266_310_155_87.png,1
kanazawa_266_310_57_123.png,6
kanazawa_266_310_67_260.png,6
kanazawa_266_310_232_234.png,3
kanazawa_266_310_145_181.png,5
kanazawa_266_310_151_89.png,1
kanazawa_266_310_127_135.png,3
kanazawa_266_310_152_138.png,3
kanazawa_266_310_60_155.png,3
kanazawa_266_310_51_262.png,6
kanazawa_266_310_201_205.png,3
kanazawa_266_310_237_130.png,3
kanazawa_266_310_208_145.png,3
kanazawa_266_310_40_92.png,6
kanazawa_266_310_127_139.png,3
kanazawa_266_310_207_153.png,3
kanazawa_266_310_74_52.png,6
kanazawa_266_310_234_244.png,3
kanazawa_266_310_59_91.png,6
kanazawa_266_310_81_239.png,1
kanazawa_266_310_190_181.png,3
kanazawa_266_310_209_254.png,3
kanazawa_266_310_94_172.png,3
kanazawa_266_310_227_78.png,3
kanazawa_266_310_176_261.png,3
kanazawa_266_310_227_133.png,3
kanazawa_266_310_78_235.png,1
kanazawa_266_310_68_67.png,6
kanazawa_266_310_44_97.png,6
kanazawa_266_310_76_283.png,1
kanazawa_266_310_144_102.png,1
kanazawa_266_310_228_58.png,3
kanazawa_266_310_85_265.png,5
kanazawa_266_310_49_179.png,3
kanazawa_266_310_192_215.png,3
kanazawa_266_310_253_198.png,3
kanazawa_266_310_197_245.png,3
kanazawa_266_310_96_131.png,3
kanazawa_266_310_46_192.png,3
kanazawa_266_310_71_262.png,6
kanazawa_266_310_111_53.png,6
kanazawa_266_310_178_29.png,6
kanazawa_266_310_138_196.png,5
kanazawa_266_310_191_247.png,3
kanazawa_266_310_234_156.png,3
kanazawa_266_310_71_240.png,6
kanazawa_266_310_257_240.png,3
kanazawa_266_310_49_225.png,6
kanazawa_266_310_148_26.png,6
kanazawa_266_310_57_52.png,6
kanazawa_266_310_232_79.png,3
kanazawa_266_310_143_143.png,3
kanazawa_266_310_93_134.png,3
kanazawa_266_310_79_279.png,6
kanazawa_266_310_225_157.png,3
kanazawa_266_310_13_88.png,6
kanazawa_266_310_35_141.png,5
kanazawa_266_310_235_108.png,3
kanazawa_266_310_230_173.png,3
kanazawa_266_310_247_176.png,3
kanazawa_266_310_157_43.png,6
kanazawa_266_310_142_32.png,6
kanazawa_266_310_4_67.png,6
kanazawa_266_310_235_230.png,3
kanazawa_266_310_81_160.png,3
kanazawa_266_310_28_120.png,6
kanazawa_266_310_213_27.png,5
kanazawa_266_310_170_180.png,3
kanazawa_266_310_64_278.png,6
kanazawa_266_310_39_167.png,3
kanazawa_266_310_61_239.png,6
kanazawa_266_310_107_166.png,3
kanazawa_266_310_22_92.png,6
kanazawa_266_310_117_99.png,1
kanazawa_266_310_156_42.png,6
kanazawa_266_310_177_124.png,3
kanazawa_266_310_129_138.png,3
kanazawa_266_310_118_125.png,3
kanazawa_266_310_128_46.png,6
kanazawa_266_310_216_110.png,3
kanazawa_266_310_54_53.png,6
kanazawa_266_310_118_106.png,6
kanazawa_266_310_249_223.png,3
kanazawa_266_310_16_125.png,6
kanazawa_266_310_134_49.png,6
kanazawa_266_310_230_66.png,3
kanazawa_266_310_180_142.png,3
kanazawa_266_310_138_175.png,5
kanazawa_266_310_91_288.png,5
kanazawa_266_310_188_247.png,3
kanazawa_266_310_111_81.png,6
kanazawa_266_310_138_187.png,5
kanazawa_266_310_79_71.png,6
kanazawa_266_310_206_46.png,3
kanazawa_266_310_233_113.png,3
kanazawa_266_310_64_61.png,6
kanazawa_266_310_215_151.png,3
kanazawa_266_310_45_144.png,5
kanazawa_266_310_127_260.png,5
kanazawa_266_310_9_81.png,6
kanazawa_266_310_84_148.png,3
kanazawa_266_310_62_91.png,6
kanazawa_266_310_181_209.png,3
kanazawa_266_310_135_194.png,5
kanazawa_266_310_26_125.png,6
kanazawa_266_310_175_102.png,3
kanazawa_266_310_146_223.png,3
kanazawa_266_310_101_221.png,5
kanazawa_266_310_217_45.png,3
kanazawa_266_310_112_126.png,1
kanazawa_266_310_41_276.png,6
kanazawa_266_310_171_225.png,3
kanazawa_266_310_144_178.png,5
kanazawa_266_310_240_124.png,3
kanazawa_266_310_191_110.png,3
kanazawa_266_310_181_22.png,6
kanazawa_266_310_226_92.png,3
kanazawa_266_310_217_80.png,3
kanazawa_266_310_207_138.png,3
kanazawa_266_310_70_194.png,5
kanazawa_266_310_56_63.png,6
kanazawa_266_310_55_54.png,6
kanazawa_266_310_83_74.png,6
kanazawa_266_310_70_287.png,6
kanazawa_266_310_92_237.png,5
kanazawa_266_310_240_246.png,3
kanazawa_266_310_62_217.png,6
kanazawa_266_310_55_92.png,6
kanazawa_266_310_176_110.png,3
kanazawa_266_310_206_104.png,3
kanazawa_266_310_42_127.png,6
kanazawa_266_310_232_82.png,3
kanazawa_266_310_220_173.png,3
kanazawa_266_310_141_29.png,6
kanazawa_266_310_65_285.png,6
kanazawa_266_310_143_87.png,1
kanazawa_266_310_154_141.png,3
kanazawa_266_310_189_22.png,6
kanazawa_266_310_228_109.png,3
kanazawa_266_310_138_128.png,3
kanazawa_266_310_90_218.png,1
kanazawa_266_310_199_130.png,3
kanazawa_266_310_225_221.png,3
kanazawa_266_310_71_148.png,3
kanazawa_266_310_111_98.png,3
kanazawa_266_310_166_195.png,3
kanazawa_266_310_237_241.png,3
kanazawa_266_310_99_138.png,3
kanazawa_266_310_232_189.png,3
kanazawa_266_310_38_226.png,6
kanazawa_266_310_62_61.png,6
kanazawa_266_310_140_194.png,5
kanazawa_266_310_216_171.png,3
kanazawa_266_310_170_256.png,3
kanazawa_266_310_138_26.png,6
kanazawa_266_310_36_178.png,3
kanazawa_266_310_161_208.png,3
kanazawa_266_310_14_123.png,6
kanazawa_266_310_250_243.png,3
kanazawa_266_310_230_143.png,3
kanazawa_266_310_11_107.png,6
kanazawa_266_310_119_31.png,6
kanazawa_266_310_129_262.png,5
kanazawa_266_310_84_86.png,6
kanazawa_266_310_38_149.png,5
kanazawa_266_310_170_202.png,3
kanazawa_266_310_48_224.png,6
kanazawa_266_310_62_86.png,6
kanazawa_266_310_162_188.png,3
kanazawa_266_310_181_27.png,6
kanazawa_266_310_153_110.png,1
kanazawa_266_310_100_139.png,3
kanazawa_266_310_85_151.png,3
kanazawa_266_310_98_258.png,1
kanazawa_266_310_191_117.png,3
kanazawa_266_310_197_22.png,1
kanazawa_266_310_234_218.png,3
kanazawa_266_310_69_245.png,6
kanazawa_266_310_210_100.png,3
kanazawa_266_310_239_135.png,3
kanazawa_266_310_209_255.png,3
kanazawa_266_310_91_226.png,1
kanazawa_266_310_207_179.png,3
kanazawa_266_310_120_146.png,3
kanazawa_266_310_27_162.png,5
kanazawa_266_310_65_169.png,3
kanazawa_266_310_50_55.png,6
kanazawa_266_310_60_151.png,3
kanazawa_266_310_49_232.png,6
kanazawa_266_310_18_104.png,6
kanazawa_266_310_138_66.png,6
kanazawa_266_310_243_185.png,3
kanazawa_266_310_218_169.png,3
kanazawa_266_310_32_193.png,3
kanazawa_266_310_223_27.png,5
kanazawa_266_310_107_90.png,6
kanazawa_266_310_86_247.png,1
kanazawa_266_310_190_55.png,5
kanazawa_266_310_91_100.png,6
kanazawa_266_310_172_73.png,5
kanazawa_266_310_247_156.png,3
kanazawa_266_310_227_136.png,3
kanazawa_266_310_47_115.png,6
kanazawa_266_310_61_220.png,6
kanazawa_266_310_82_119.png,5
kanazawa_266_310_219_83.png,3
kanazawa_266_310_173_83.png,1
kanazawa_266_310_38_108.png,6
kanazawa_266_310_107_74.png,6
kanazawa_266_310_223_184.png,3
kanazawa_266_310_34_167.png,3
kanazawa_266_310_228_56.png,3
kanazawa_266_310_48_213.png,6
kanazawa_266_310_175_38.png,6
kanazawa_266_310_104_101.png,3
kanazawa_266_310_192_121.png,3
kanazawa_266_310_75_273.png,6
kanazawa_266_310_77_196.png,3
kanazawa_266_310_28_67.png,6
kanazawa_266_310_222_119.png,3
kanazawa_266_310_103_78.png,6
kanazawa_266_310_241_203.png,3
kanazawa_266_310_171_101.png,3
kanazawa_266_310_156_252.png,3
kanazawa_266_310_247_169.png,3
kanazawa_266_310_115_195.png,5
kanazawa_266_310_32_81.png,6
kanazawa_266_310_37_221.png,6
kanazawa_266_310_134_145.png,3
kanazawa_266_310_92_130.png,3
kanazawa_266_310_85_76.png,6
kanazawa_266_310_99_278.png,1
kanazawa_266_310_52_304.png,6
kanazawa_266_310_213_135.png,3
kanazawa_266_310_258_224.png,3
kanazawa_266_310_210_190.png,3
kanazawa_266_310_125_39.png,6
kanazawa_266_310_228_93.png,3
kanazawa_266_310_142_213.png,3
kanazawa_266_310_84_287.png,1
kanazawa_266_310_96_248.png,1
kanazawa_266_310_47_229.png,6
kanazawa_266_310_121_166.png,5
kanazawa_266_310_231_117.png,3
kanazawa_266_310_126_211.png,5
kanazawa_266_310_208_95.png,3
kanazawa_266_310_50_159.png,3
kanazawa_266_310_129_35.png,6
kanazawa_266_310_203_75.png,3
kanazawa_266_310_85_242.png,1
kanazawa_266_310_141_64.png,6
kanazawa_266_310_199_172.png,3
kanazawa_266_310_216_181.png,3
kanazawa_266_310_214_220.png,3
kanazawa_266_310_27_186.png,3
kanazawa_266_310_161_223.png,3
kanazawa_266_310_48_292.png,6
kanazawa_266_310_48_173.png,3
kanazawa_266_310_210_178.png,3
kanazawa_266_310_192_30.png,1
kanazawa_266_310_193_174.png,3
kanazawa_266_310_49_260.png,6
kanazawa_266_310_66_294.png,6
kanazawa_266_310_53_135.png,3
kanazawa_266_310_202_208.png,3
kanazawa_266_310_184_169.png,3
kanazawa_266_310_72_76.png,6
kanazawa_266_310_115_67.png,6
kanazawa_266_310_190_47.png,5
kanazawa_266_310_193_117.png,3
kanazawa_266_310_134_38.png,6
kanazawa_266_310_64_237.png,6
kanazawa_266_310_175_60.png,5
kanazawa_266_310_196_137.png,3
kanazawa_266_310_107_247.png,5
kanazawa_266_310_46_176.png,3
kanazawa_266_310_93_236.png,5
kanazawa_266_310_184_149.png,3
kanazawa_266_310_154_194.png,3
kanazawa_266_310_246_166.png,3
kanazawa_266_310_205_177.png,3
kanazawa_266_310_163_94.png,3
kanazawa_266_310_159_123.png,3
kanazawa_266_310_63_92.png,6
kanazawa_266_310_96_206.png,5
kanazawa_266_310_170_236.png,3
kanazawa_266_310_120_272.png,5
kanazawa_266_310_246_163.png,5
kanazawa_266_310_234_170.png,3
kanazawa_266_310_117_57.png,6
kanazawa_266_310_101_150.png,3
kanazawa_266_310_45_91.png,6
kanazawa_266_310_160_151.png,3
kanazawa_266_310_110_285.png,1
kanazawa_266_310_178_258.png,3
kanazawa_266_310_171_211.png,3
kanazawa_266_310_139_88.png,1
kanazawa_266_310_65_163.png,3
kanazawa_266_310_86_281.png,1
kanazawa_266_310_248_228.png,3
kanazawa_266_310_70_65.png,6
kanazawa_266_310_125_250.png,5
kanazawa_266_310_56_169.png,3
kanazawa_266_310_144_89.png,1
kanazawa_266_310_143_185.png,5
kanazawa_266_310_211_249.png,3
kanazawa_266_310_118_206.png,5
kanazawa_266_310_49_212.png,6
kanazawa_266_310_189_23.png,6
kanazawa_266_310_144_76.png,1
kanazawa_266_310_246_200.png,3
kanazawa_266_310_222_145.png,6
kanazawa_266_310_113_56.png,6
kanazawa_266_310_72_52.png,6
kanazawa_266_310_232_120.png,3
kanazawa_266_310_221_154.png,3
kanazawa_266_310_213_154.png,3
kanazawa_266_310_126_281.png,5
kanazawa_266_310_169_201.png,3
kanazawa_266_310_133_51.png,6
kanazawa_266_310_177_22.png,6
kanazawa_266_310_36_200.png,3
kanazawa_266_310_36_84.png,6
kanazawa_266_310_210_128.png,3
kanazawa_266_310_121_282.png,5
kanazawa_266_310_221_193.png,3
kanazawa_266_310_42_128.png,6
kanazawa_266_310_193_28.png,5
kanazawa_266_310_160_105.png,3
kanazawa_266_310_156_151.png,3
kanazawa_266_310_239_128.png,3
kanazawa_266_310_179_54.png,5
kanazawa_266_310_118_183.png,5
kanazawa_266_310_68_228.png,6
kanazawa_266_310_175_116.png,3
kanazawa_266_310_92_52.png,6
kanazawa_266_310_66_180.png,3
kanazawa_266_310_152_57.png,6
kanazawa_266_310_145_232.png,3
kanazawa_266_310_74_88.png,6
kanazawa_266_310_97_106.png,3
kanazawa_266_310_85_248.png,1
kanazawa_266_310_96_55.png,6
kanazawa_266_310_57_241.png,6
kanazawa_266_310_210_215.png,3
kanazawa_266_310_153_196.png,3
kanazawa_266_310_105_128.png,3
kanazawa_266_310_38_145.png,5
kanazawa_266_310_64_87.png,6
kanazawa_266_310_42_144.png,1
kanazawa_266_310_125_272.png,1
kanazawa_266_310_199_129.png,3
kanazawa_266_310_236_165.png,3
kanazawa_266_310_125_57.png,6
kanazawa_266_310_192_116.png,3
kanazawa_266_310_89_171.png,3
kanazawa_266_310_188_135.png,3
kanazawa_266_310_98_131.png,3
kanazawa_266_310_156_35.png,6
kanazawa_266_310_125_65.png,6
kanazawa_266_310_235_121.png,3
kanazawa_266_310_229_103.png,3
kanazawa_266_310_209_217.png,3
kanazawa_266_310_163_47.png,6
kanazawa_266_310_208_33.png,5
kanazawa_266_310_171_65.png,5
kanazawa_266_310_87_260.png,5
kanazawa_266_310_176_111.png,3
kanazawa_266_310_94_101.png,6
kanazawa_266_310_91_70.png,6
kanazawa_266_310_153_265.png,3
kanazawa_266_310_154_222.png,3
kanazawa_266_310_142_72.png,3
kanazawa_266_310_181_253.png,3
kanazawa_266_310_38_84.png,6
kanazawa_266_310_211_132.png,3
kanazawa_266_310_198_222.png,3
kanazawa_266_310_248_207.png,3
kanazawa_266_310_171_223.png,3
kanazawa_266_310_57_109.png,6
kanazawa_266_310_34_168.png,3
kanazawa_266_310_129_198.png,5
kanazawa_266_310_48_144.png,5
kanazawa_266_310_91_121.png,4
kanazawa_266_310_195_209.png,3
kanazawa_266_310_209_107.png,3
kanazawa_266_310_248_165.png,3
kanazawa_266_310_212_156.png,3
kanazawa_266_310_193_106.png,3
kanazawa_266_310_176_194.png,3
kanazawa_266_310_167_192.png,3
kanazawa_266_310_64_192.png,5
kanazawa_266_310_172_189.png,3
kanazawa_266_310_251_242.png,3
kanazawa_266_310_120_124.png,3
kanazawa_266_310_34_123.png,6
kanazawa_266_310_90_171.png,3
kanazawa_266_310_232_222.png,3
kanazawa_266_310_174_226.png,3
kanazawa_266_310_123_123.png,3
kanazawa_266_310_188_241.png,3
kanazawa_266_310_67_63.png,6
kanazawa_266_310_136_279.png,5
kanazawa_266_310_238_153.png,3
kanazawa_266_310_84_144.png,3
kanazawa_266_310_67_283.png,6
kanazawa_266_310_34_107.png,6
kanazawa_266_310_60_141.png,3
kanazawa_266_310_64_80.png,6
kanazawa_266_310_128_30.png,6
kanazawa_266_310_163_268.png,3
kanazawa_266_310_42_85.png,6
kanazawa_266_310_244_217.png,3
kanazawa_266_310_65_71.png,6
kanazawa_266_310_201_31.png,5
kanazawa_266_310_57_290.png,6
kanazawa_266_310_87_107.png,6
kanazawa_266_310_195_259.png,3
kanazawa_266_310_152_48.png,6
kanazawa_266_310_134_154.png,3
kanazawa_266_310_32_184.png,3
kanazawa_266_310_45_86.png,6
kanazawa_266_310_101_53.png,6
kanazawa_266_310_69_48.png,6
kanazawa_266_310_153_267.png,3
kanazawa_266_310_172_195.png,4
kanazawa_266_310_143_93.png,1
kanazawa_266_310_66_47.png,6
kanazawa_266_310_179_119.png,3
kanazawa_266_310_91_124.png,3
kanazawa_266_310_102_229.png,5
kanazawa_266_310_84_54.png,6
kanazawa_266_310_96_262.png,5
kanazawa_266_310_182_133.png,3
kanazawa_266_310_149_232.png,3
kanazawa_266_310_200_106.png,3
kanazawa_266_310_149_271.png,3
kanazawa_266_310_115_82.png,6
kanazawa_266_310_50_115.png,6
kanazawa_266_310_82_85.png,6
kanazawa_266_310_96_64.png,6
kanazawa_266_310_27_164.png,5
kanazawa_266_310_161_23.png,6
kanazawa_266_310_234_217.png,3
kanazawa_266_310_64_276.png,6
kanazawa_266_310_148_80.png,1
kanazawa_266_310_61_261.png,6
kanazawa_266_310_68_46.png,6
kanazawa_266_310_227_218.png,3
kanazawa_266_310_240_154.png,3
kanazawa_266_310_50_267.png,6
kanazawa_266_310_184_122.png,3
kanazawa_266_310_65_77.png,6
kanazawa_266_310_251_184.png,3
kanazawa_266_310_195_36.png,1
kanazawa_266_310_120_227.png,3
kanazawa_266_310_180_210.png,3
kanazawa_266_310_243_204.png,3
kanazawa_266_310_99_261.png,1
kanazawa_266_310_143_184.png,5
kanazawa_266_310_21_119.png,6
kanazawa_266_310_11_85.png,6
kanazawa_266_310_175_236.png,3
kanazawa_266_310_123_210.png,1
kanazawa_266_310_178_161.png,3
kanazawa_266_310_104_287.png,1
kanazawa_266_310_253_195.png,3
kanazawa_266_310_187_206.png,3
kanazawa_266_310_80_116.png,3
kanazawa_266_310_60_69.png,6
kanazawa_266_310_83_189.png,3
kanazawa_266_310_230_213.png,3
kanazawa_266_310_238_148.png,3
kanazawa_266_310_134_168.png,3
kanazawa_266_310_213_149.png,5
kanazawa_266_310_185_246.png,3
kanazawa_266_310_126_86.png,6
kanazawa_266_310_57_251.png,6
kanazawa_266_310_113_203.png,5
kanazawa_266_310_98_254.png,5
kanazawa_266_310_85_86.png,6
kanazawa_266_310_200_121.png,3
kanazawa_266_310_169_269.png,3
kanazawa_266_310_60_277.png,6
kanazawa_266_310_154_145.png,3
kanazawa_266_310_110_267.png,1
kanazawa_266_310_246_161.png,3
kanazawa_266_310_89_232.png,1
kanazawa_266_310_205_219.png,3
kanazawa_266_310_225_80.png,3
kanazawa_266_310_206_165.png,3
kanazawa_266_310_174_136.png,3
kanazawa_266_310_124_265.png,1
kanazawa_266_310_153_221.png,3
kanazawa_266_310_26_164.png,5
kanazawa_266_310_91_39.png,6
kanazawa_266_310_145_62.png,6
kanazawa_266_310_75_100.png,6
kanazawa_266_310_220_126.png,3
kanazawa_266_310_184_241.png,3
kanazawa_266_310_92_142.png,3
kanazawa_266_310_150_27.png,6
kanazawa_266_310_55_245.png,6
kanazawa_266_310_6_77.png,6
kanazawa_266_310_173_158.png,3
kanazawa_266_310_206_243.png,3
kanazawa_266_310_63_276.png,6
kanazawa_266_310_152_29.png,6
kanazawa_266_310_27_174.png,3
kanazawa_266_310_238_244.png,3
kanazawa_266_310_227_209.png,3
kanazawa_266_310_169_17.png,6
kanazawa_266_310_169_191.png,3
kanazawa_266_310_241_139.png,3
kanazawa_266_310_37_58.png,6
kanazawa_266_310_79_108.png,6
kanazawa_266_310_92_45.png,6
kanazawa_266_310_149_83.png,1
kanazawa_266_310_164_182.png,3
kanazawa_266_310_112_211.png,1
kanazawa_266_310_96_80.png,6
kanazawa_266_310_158_160.png,5
kanazawa_266_310_42_226.png,6
kanazawa_266_310_83_220.png,1
kanazawa_266_310_177_194.png,3
kanazawa_266_310_244_243.png,3
kanazawa_266_310_61_136.png,5
kanazawa_266_310_210_250.png,3
kanazawa_266_310_200_212.png,3
kanazawa_266_310_45_108.png,6
kanazawa_266_310_145_234.png,3
kanazawa_266_310_123_42.png,6
kanazawa_266_310_239_212.png,3
kanazawa_266_310_189_128.png,3
kanazawa_266_310_175_257.png,3
kanazawa_266_310_100_124.png,3
kanazawa_266_310_105_215.png,5
kanazawa_266_310_17_77.png,6
kanazawa_266_310_168_19.png,6
kanazawa_266_310_91_188.png,5
kanazawa_266_310_164_32.png,6
kanazawa_266_310_204_83.png,3
kanazawa_266_310_246_207.png,3
kanazawa_266_310_56_147.png,3
kanazawa_266_310_105_214.png,5
kanazawa_266_310_132_259.png,5
kanazawa_266_310_67_246.png,6
kanazawa_266_310_51_165.png,3
kanazawa_266_310_200_247.png,3
kanazawa_266_310_70_59.png,6
kanazawa_266_310_47_107.png,6
kanazawa_266_310_227_56.png,3
kanazawa_266_310_237_186.png,3
kanazawa_266_310_67_87.png,6
kanazawa_266_310_63_93.png,6
kanazawa_266_310_208_114.png,3
kanazawa_266_310_163_270.png,3
kanazawa_266_310_159_76.png,1
kanazawa_266_310_157_224.png,3
kanazawa_266_310_109_132.png,3
kanazawa_266_310_246_213.png,3
kanazawa_266_310_34_74.png,6
kanazawa_266_310_233_220.png,3
kanazawa_266_310_125_79.png,3
kanazawa_266_310_158_71.png,1
kanazawa_266_310_39_202.png,3
kanazawa_266_310_222_141.png,3
kanazawa_266_310_24_91.png,6
kanazawa_266_310_175_205.png,3
kanazawa_266_310_185_235.png,3
kanazawa_266_310_170_50.png,5
kanazawa_266_310_175_126.png,3
kanazawa_266_310_207_151.png,3
kanazawa_266_310_205_77.png,3
kanazawa_266_310_69_295.png,6
kanazawa_266_310_89_118.png,1
kanazawa_266_310_142_133.png,5
kanazawa_266_310_232_169.png,3
kanazawa_266_310_31_111.png,6
kanazawa_266_310_142_70.png,3
kanazawa_266_310_238_213.png,3
kanazawa_266_310_132_200.png,5
kanazawa_266_310_3_70.png,6
kanazawa_266_310_97_164.png,3
kanazawa_266_310_196_224.png,3
kanazawa_266_310_86_62.png,6
kanazawa_266_310_170_110.png,3
kanazawa_266_310_30_123.png,6
kanazawa_266_310_109_83.png,6
kanazawa_266_310_161_123.png,3
kanazawa_266_310_185_257.png,3
kanazawa_266_310_189_134.png,3
kanazawa_266_310_139_121.png,3
kanazawa_266_310_14_91.png,6
kanazawa_266_310_100_185.png,5
kanazawa_266_310_206_87.png,5
kanazawa_266_310_127_79.png,3
kanazawa_266_310_49_229.png,6
kanazawa_266_310_183_196.png,3
kanazawa_266_310_235_169.png,3
kanazawa_266_310_189_60.png,5
kanazawa_266_310_93_261.png,5
kanazawa_266_310_158_22.png,6
kanazawa_266_310_250_202.png,3
kanazawa_266_310_113_75.png,6
kanazawa_266_310_174_152.png,3
kanazawa_266_310_102_223.png,5
kanazawa_266_310_88_289.png,5
kanazawa_266_310_161_25.png,6
kanazawa_266_310_59_295.png,6
kanazawa_266_310_134_101.png,5
kanazawa_266_310_255_195.png,3
kanazawa_266_310_95_40.png,6
kanazawa_266_310_148_221.png,3
kanazawa_266_310_154_173.png,5
kanazawa_266_310_203_148.png,3
kanazawa_266_310_128_84.png,3
kanazawa_266_310_29_213.png,3
kanazawa_266_310_128_248.png,5
kanazawa_266_310_82_47.png,6
kanazawa_266_310_97_129.png,3
kanazawa_266_310_174_265.png,3
kanazawa_266_310_186_188.png,3
kanazawa_266_310_127_242.png,3
kanazawa_266_310_215_89.png,3
kanazawa_266_310_115_49.png,6
kanazawa_266_310_48_265.png,6
kanazawa_266_310_163_222.png,3
kanazawa_266_310_110_192.png,5
kanazawa_266_310_164_267.png,3
kanazawa_266_310_82_249.png,1
kanazawa_266_310_34_222.png,6
kanazawa_266_310_212_224.png,3
kanazawa_266_310_113_105.png,2
kanazawa_266_310_208_153.png,3
kanazawa_266_310_226_164.png,3
kanazawa_266_310_163_48.png,6
kanazawa_266_310_203_187.png,3
kanazawa_266_310_204_122.png,3
kanazawa_266_310_125_102.png,5
kanazawa_266_310_99_225.png,5
kanazawa_266_310_58_64.png,6
kanazawa_266_310_97_76.png,6
kanazawa_266_310_212_130.png,3
kanazawa_266_310_238_165.png,3
kanazawa_266_310_54_229.png,6
kanazawa_266_310_92_166.png,3
kanazawa_266_310_103_198.png,5
kanazawa_266_310_54_268.png,6
kanazawa_266_310_69_65.png,6
kanazawa_266_310_153_37.png,6
kanazawa_266_310_80_294.png,6
kanazawa_266_310_91_139.png,3
kanazawa_266_310_172_20.png,6
kanazawa_266_310_92_140.png,3
kanazawa_266_310_155_198.png,3
kanazawa_266_310_189_105.png,3
kanazawa_266_310_70_158.png,3
kanazawa_266_310_177_108.png,3
kanazawa_266_310_82_46.png,6
kanazawa_266_310_33_123.png,6
kanazawa_266_310_193_247.png,3
kanazawa_266_310_64_292.png,6
kanazawa_266_310_150_143.png,3
kanazawa_266_310_173_75.png,5
kanazawa_266_310_154_76.png,1
kanazawa_266_310_70_161.png,3
kanazawa_266_310_63_66.png,6
kanazawa_266_310_121_50.png,6
kanazawa_266_310_185_160.png,3
kanazawa_266_310_177_191.png,3
kanazawa_266_310_161_222.png,3
kanazawa_266_310_30_160.png,5
kanazawa_266_310_160_37.png,6
kanazawa_266_310_179_107.png,3
kanazawa_266_310_108_274.png,1
kanazawa_266_310_48_69.png,6
kanazawa_266_310_200_93.png,3
kanazawa_266_310_181_64.png,5
kanazawa_266_310_42_115.png,6
kanazawa_266_310_209_99.png,3
kanazawa_266_310_66_217.png,5
kanazawa_266_310_179_205.png,3
kanazawa_266_310_73_151.png,3
kanazawa_266_310_152_149.png,3
kanazawa_266_310_113_201.png,5
kanazawa_266_310_244_220.png,3
kanazawa_266_310_31_113.png,6
kanazawa_266_310_105_149.png,3
kanazawa_266_310_253_211.png,3
kanazawa_266_310_118_54.png,6
kanazawa_266_310_207_101.png,3
kanazawa_266_310_69_289.png,6
kanazawa_266_310_156_141.png,3
kanazawa_266_310_81_137.png,3
kanazawa_266_310_208_26.png,1
kanazawa_266_310_180_52.png,5
kanazawa_266_310_58_164.png,3
kanazawa_266_310_212_205.png,3
kanazawa_266_310_61_252.png,6
kanazawa_266_310_43_279.png,6
kanazawa_266_310_164_238.png,3
kanazawa_266_310_106_259.png,5
kanazawa_266_310_227_68.png,3
kanazawa_266_310_184_180.png,3
kanazawa_266_310_159_35.png,6
kanazawa_266_310_184_159.png,3
kanazawa_266_310_13_70.png,6
kanazawa_266_310_90_77.png,6
kanazawa_266_310_83_229.png,5
kanazawa_266_310_38_74.png,6
kanazawa_266_310_139_158.png,3
kanazawa_266_310_42_58.png,6
kanazawa_266_310_77_248.png,6
kanazawa_266_310_77_90.png,6
kanazawa_266_310_53_295.png,6
kanazawa_266_310_97_215.png,5
kanazawa_266_310_64_126.png,3
kanazawa_266_310_46_242.png,6
kanazawa_266_310_155_179.png,5
kanazawa_266_310_245_222.png,3
kanazawa_266_310_41_194.png,3
kanazawa_266_310_142_168.png,5
kanazawa_266_310_227_94.png,3
kanazawa_266_310_103_105.png,3
kanazawa_266_310_26_122.png,6
kanazawa_266_310_75_295.png,6
kanazawa_266_310_177_47.png,5
kanazawa_266_310_81_243.png,3
kanazawa_266_310_34_76.png,6
kanazawa_266_310_152_111.png,1
kanazawa_266_310_187_188.png,3
kanazawa_266_310_81_123.png,1
kanazawa_266_310_87_135.png,3
kanazawa_266_310_114_105.png,2
kanazawa_266_310_126_50.png,6
kanazawa_266_310_157_163.png,5
kanazawa_266_310_148_223.png,3
kanazawa_266_310_167_245.png,3
kanazawa_266_310_179_257.png,3
kanazawa_266_310_52_130.png,6
kanazawa_266_310_82_240.png,1
kanazawa_266_310_191_150.png,3
kanazawa_266_310_19_128.png,6
kanazawa_266_310_191_213.png,3
kanazawa_266_310_150_28.png,6
kanazawa_266_310_80_136.png,3
kanazawa_266_310_66_275.png,6
kanazawa_266_310_149_116.png,3
kanazawa_266_310_62_278.png,6
kanazawa_266_310_107_35.png,6
kanazawa_266_310_213_124.png,3
kanazawa_266_310_83_78.png,6
kanazawa_266_310_42_135.png,3
kanazawa_266_310_87_88.png,6
kanazawa_266_310_118_175.png,5
kanazawa_266_310_203_165.png,3
kanazawa_266_310_245_193.png,3
kanazawa_266_310_231_161.png,3
kanazawa_266_310_72_115.png,6
kanazawa_266_310_46_232.png,6
kanazawa_266_310_236_199.png,3
kanazawa_266_310_44_258.png,6
kanazawa_266_310_210_145.png,3
kanazawa_266_310_105_126.png,3
kanazawa_266_310_212_103.png,3
kanazawa_266_310_38_251.png,6
kanazawa_266_310_205_238.png,6
kanazawa_266_310_85_72.png,6
kanazawa_266_310_120_195.png,1
kanazawa_266_310_75_195.png,3
kanazawa_266_310_120_64.png,6
kanazawa_266_310_197_234.png,3
kanazawa_266_310_247_226.png,3
kanazawa_266_310_161_91.png,1
kanazawa_266_310_35_81.png,6
kanazawa_266_310_40_64.png,6
kanazawa_266_310_18_79.png,6
kanazawa_266_310_99_238.png,1
kanazawa_266_310_71_111.png,6
kanazawa_266_310_129_248.png,5
kanazawa_266_310_179_249.png,3
kanazawa_266_310_194_237.png,3
kanazawa_266_310_235_160.png,3
kanazawa_266_310_62_225.png,6
kanazawa_266_310_92_131.png,3
kanazawa_266_310_231_215.png,3
kanazawa_266_310_249_200.png,3
kanazawa_266_310_76_239.png,6
kanazawa_266_310_36_74.png,6
kanazawa_266_310_232_89.png,3
kanazawa_266_310_109_193.png,5
kanazawa_266_310_40_165.png,3
kanazawa_266_310_158_26.png,6
kanazawa_266_310_84_265.png,3
kanazawa_266_310_235_142.png,3
kanazawa_266_310_104_283.png,1
kanazawa_266_310_63_287.png,6
kanazawa_266_310_231_246.png,3
kanazawa_266_310_63_96.png,6
kanazawa_266_310_225_85.png,3
kanazawa_266_310_215_8.png,3
kanazawa_266_310_24_170.png,5
kanazawa_266_310_27_59.png,6
kanazawa_266_310_64_255.png,6
kanazawa_266_310_93_258.png,5
kanazawa_266_310_257_235.png,3
kanazawa_266_310_109_39.png,6
kanazawa_266_310_168_217.png,3
kanazawa_266_310_86_258.png,5
kanazawa_266_310_121_170.png,5
kanazawa_266_310_160_216.png,3
kanazawa_266_310_30_101.png,6
kanazawa_266_310_208_93.png,3
kanazawa_266_310_45_130.png,3
kanazawa_266_310_158_199.png,3
kanazawa_266_310_55_264.png,6
kanazawa_266_310_229_102.png,3
kanazawa_266_310_105_58.png,6
kanazawa_266_310_158_153.png,3
kanazawa_266_310_223_107.png,3
kanazawa_266_310_18_116.png,6
kanazawa_266_310_15_98.png,6
kanazawa_266_310_52_126.png,6
kanazawa_266_310_39_222.png,6
kanazawa_266_310_139_61.png,6
kanazawa_266_310_201_79.png,3
kanazawa_266_310_153_201.png,3
kanazawa_266_310_152_97.png,1
kanazawa_266_310_147_79.png,5
kanazawa_266_310_68_283.png,6
kanazawa_266_310_203_259.png,3
kanazawa_266_310_215_101.png,3
kanazawa_266_310_54_80.png,6
kanazawa_266_310_39_171.png,3
kanazawa_266_310_103_259.png,3
kanazawa_266_310_152_23.png,6
kanazawa_266_310_86_262.png,5
kanazawa_266_310_67_134.png,5
kanazawa_266_310_115_216.png,5
kanazawa_266_310_224_194.png,3
kanazawa_266_310_71_73.png,6
kanazawa_266_310_184_263.png,3
kanazawa_266_310_200_207.png,3
kanazawa_266_310_171_217.png,3
kanazawa_266_310_177_179.png,3
kanazawa_266_310_27_163.png,5
kanazawa_266_310_35_64.png,6
kanazawa_266_310_197_108.png,3
kanazawa_266_310_122_206.png,5
kanazawa_266_310_77_63.png,6
kanazawa_266_310_208_158.png,3
kanazawa_266_310_91_130.png,3
kanazawa_266_310_76_46.png,6
kanazawa_266_310_133_278.png,5
kanazawa_266_310_207_204.png,3
kanazawa_266_310_46_267.png,6
kanazawa_266_310_215_217.png,3
kanazawa_266_310_133_34.png,6
kanazawa_266_310_37_111.png,6
kanazawa_266_310_39_241.png,6
kanazawa_266_310_231_233.png,3
kanazawa_266_310_143_128.png,3
kanazawa_266_310_205_213.png,3
kanazawa_266_310_98_279.png,1
kanazawa_266_310_74_227.png,1
kanazawa_266_310_173_25.png,6
kanazawa_266_310_16_123.png,6
kanazawa_266_310_180_188.png,3
kanazawa_266_310_117_200.png,5
kanazawa_266_310_216_243.png,3
kanazawa_266_310_62_85.png,6
kanazawa_266_310_164_257.png,3
kanazawa_266_310_207_184.png,3
kanazawa_266_310_151_209.png,3
kanazawa_266_310_108_218.png,5
kanazawa_266_310_128_110.png,1
kanazawa_266_310_34_127.png,6
kanazawa_266_310_140_188.png,5
kanazawa_266_310_98_198.png,5
kanazawa_266_310_128_136.png,3
kanazawa_266_310_58_77.png,6
kanazawa_266_310_178_249.png,3
kanazawa_266_310_177_264.png,3
kanazawa_266_310_179_236.png,3
kanazawa_266_310_113_109.png,5
kanazawa_266_310_24_118.png,6
kanazawa_266_310_119_177.png,5
kanazawa_266_310_93_115.png,1
kanazawa_266_310_208_250.png,3
kanazawa_266_310_196_118.png,3
kanazawa_266_310_113_216.png,5
kanazawa_266_310_175_189.png,3
kanazawa_266_310_163_263.png,3
kanazawa_266_310_212_243.png,3
kanazawa_266_310_204_91.png,3
kanazawa_266_310_164_54.png,1
kanazawa_266_310_58_264.png,6
kanazawa_266_310_41_87.png,6
kanazawa_266_310_185_56.png,5
kanazawa_266_310_164_57.png,5
kanazawa_266_310_175_256.png,3
kanazawa_266_310_6_67.png,6
kanazawa_266_310_172_30.png,6
kanazawa_266_310_186_144.png,3
kanazawa_266_310_166_218.png,3
kanazawa_266_310_48_218.png,6
kanazawa_266_310_179_159.png,3
kanazawa_266_310_204_219.png,3
kanazawa_266_310_96_90.png,6
kanazawa_266_310_196_92.png,5
kanazawa_266_310_101_172.png,3
kanazawa_266_310_228_250.png,3
kanazawa_266_310_163_197.png,3
kanazawa_266_310_225_252.png,3
kanazawa_266_310_234_189.png,3
kanazawa_266_310_126_181.png,5
kanazawa_266_310_172_59.png,5
kanazawa_266_310_214_218.png,3
kanazawa_266_310_81_74.png,6
kanazawa_266_310_19_113.png,6
kanazawa_266_310_198_251.png,3
kanazawa_266_310_58_54.png,6
kanazawa_266_310_109_190.png,5
kanazawa_266_310_182_44.png,5
kanazawa_266_310_110_283.png,1
kanazawa_266_310_178_129.png,3
kanazawa_266_310_60_60.png,6
kanazawa_266_310_175_255.png,3
kanazawa_266_310_74_252.png,6
kanazawa_266_310_8_92.png,6
kanazawa_266_310_167_260.png,3
kanazawa_266_310_189_156.png,3
kanazawa_266_310_150_146.png,3
kanazawa_266_310_59_201.png,5
kanazawa_266_310_25_131.png,6
kanazawa_266_310_43_78.png,6
kanazawa_266_310_216_193.png,3
kanazawa_266_310_247_178.png,3
kanazawa_266_310_72_93.png,6
kanazawa_266_310_98_81.png,6
kanazawa_266_310_164_151.png,3
kanazawa_266_310_71_53.png,6
kanazawa_266_310_214_89.png,3
kanazawa_266_310_47_249.png,6
kanazawa_266_310_63_299.png,6
kanazawa_266_310_130_190.png,5
kanazawa_266_310_59_141.png,3
kanazawa_266_310_32_84.png,6
kanazawa_266_310_14_80.png,6
kanazawa_266_310_82_270.png,1
kanazawa_266_310_73_100.png,6
kanazawa_266_310_178_149.png,3
kanazawa_266_310_65_54.png,6
kanazawa_266_310_159_216.png,3
kanazawa_266_310_69_120.png,6
kanazawa_266_310_145_193.png,5
kanazawa_266_310_160_96.png,5
kanazawa_266_310_116_117.png,3
kanazawa_266_310_90_179.png,3
kanazawa_266_310_95_250.png,5
kanazawa_266_310_141_192.png,5
kanazawa_266_310_160_74.png,1
kanazawa_266_310_188_224.png,3
kanazawa_266_310_134_171.png,3
kanazawa_266_310_47_252.png,6
kanazawa_266_310_164_224.png,3
kanazawa_266_310_129_57.png,6
kanazawa_266_310_194_99.png,3
kanazawa_266_310_67_266.png,6
kanazawa_266_310_187_148.png,3
kanazawa_266_310_179_97.png,3
kanazawa_266_310_174_26.png,6
kanazawa_266_310_119_120.png,5
kanazawa_266_310_30_212.png,3
kanazawa_266_310_142_64.png,6
kanazawa_266_310_149_246.png,3
kanazawa_266_310_107_128.png,3
kanazawa_266_310_126_236.png,5
kanazawa_266_310_47_150.png,3
kanazawa_266_310_165_245.png,3
kanazawa_266_310_133_197.png,5
kanazawa_266_310_145_76.png,5
kanazawa_266_310_120_77.png,1
kanazawa_266_310_113_270.png,1
kanazawa_266_310_234_109.png,3
kanazawa_266_310_113_92.png,6
kanazawa_266_310_97_58.png,6
kanazawa_266_310_115_208.png,5
kanazawa_266_310_43_282.png,6
kanazawa_266_310_37_246.png,6
kanazawa_266_310_35_197.png,3
kanazawa_266_310_198_204.png,3
kanazawa_266_310_171_200.png,3
kanazawa_266_310_203_41.png,5
kanazawa_266_310_129_256.png,5
kanazawa_266_310_75_77.png,6
kanazawa_266_310_177_250.png,3
kanazawa_266_310_148_208.png,3
kanazawa_266_310_69_125.png,3
kanazawa_266_310_186_231.png,3
kanazawa_266_310_155_68.png,5
kanazawa_266_310_187_143.png,3
kanazawa_266_310_138_56.png,6
kanazawa_266_310_118_37.png,6
kanazawa_266_310_57_106.png,6
kanazawa_266_310_219_112.png,3
kanazawa_266_310_159_88.png,1
kanazawa_266_310_74_125.png,3
kanazawa_266_310_32_120.png,6
kanazawa_266_310_123_183.png,5
kanazawa_266_310_79_234.png,1
kanazawa_266_310_139_37.png,6
kanazawa_266_310_236_241.png,3
kanazawa_266_310_62_52.png,6
kanazawa_266_310_42_242.png,6
kanazawa_266_310_225_227.png,3
kanazawa_266_310_252_191.png,3
kanazawa_266_310_115_133.png,5
kanazawa_266_310_168_193.png,3
kanazawa_266_310_233_168.png,3
kanazawa_266_310_113_93.png,6
kanazawa_266_310_199_85.png,3
kanazawa_266_310_50_219.png,6
kanazawa_266_310_213_20.png,5
kanazawa_266_310_166_205.png,3
kanazawa_266_310_127_91.png,5
kanazawa_266_310_121_264.png,5
kanazawa_266_310_154_199.png,3
kanazawa_266_310_221_86.png,3
kanazawa_266_310_204_135.png,3
kanazawa_266_310_124_183.png,2
kanazawa_266_310_117_71.png,6
kanazawa_266_310_210_24.png,1
kanazawa_266_310_173_19.png,6
kanazawa_266_310_142_76.png,1
kanazawa_266_310_121_125.png,3
kanazawa_266_310_152_213.png,3
kanazawa_266_310_217_169.png,3
kanazawa_266_310_191_256.png,3
kanazawa_266_310_94_107.png,3
kanazawa_266_310_6_80.png,6
kanazawa_266_310_168_256.png,3
kanazawa_266_310_191_207.png,3
kanazawa_266_310_102_97.png,6
kanazawa_266_310_218_28.png,5
kanazawa_266_310_208_209.png,3
kanazawa_266_310_237_201.png,3
kanazawa_266_310_87_213.png,1
kanazawa_266_310_81_54.png,6
kanazawa_266_310_97_102.png,6
kanazawa_266_310_228_224.png,3
kanazawa_266_310_210_47.png,3
kanazawa_266_310_179_252.png,3
kanazawa_266_310_231_170.png,3
kanazawa_266_310_216_105.png,3
kanazawa_266_310_98_195.png,5
kanazawa_266_310_134_84.png,1
kanazawa_266_310_154_254.png,3
kanazawa_266_310_199_117.png,3
kanazawa_266_310_53_95.png,6
kanazawa_266_310_56_220.png,6
kanazawa_266_310_116_168.png,5
kanazawa_266_310_84_242.png,1
kanazawa_266_310_40_271.png,6
kanazawa_266_310_27_66.png,6
kanazawa_266_310_42_136.png,5
kanazawa_266_310_146_97.png,1
kanazawa_266_310_130_185.png,5
kanazawa_266_310_93_57.png,6
kanazawa_266_310_192_146.png,3
kanazawa_266_310_203_236.png,3
kanazawa_266_310_103_128.png,5
kanazawa_266_310_184_193.png,3
kanazawa_266_310_221_222.png,3
kanazawa_266_310_188_169.png,3
kanazawa_266_310_142_30.png,6
kanazawa_266_310_177_147.png,3
kanazawa_266_310_214_207.png,3
kanazawa_266_310_201_166.png,3
kanazawa_266_310_138_96.png,1
kanazawa_266_310_149_167.png,5
kanazawa_266_310_102_205.png,5
kanazawa_266_310_189_100.png,3
kanazawa_266_310_118_224.png,3
kanazawa_266_310_223_166.png,3
kanazawa_266_310_104_142.png,3
kanazawa_266_310_154_56.png,3
kanazawa_266_310_81_149.png,3
kanazawa_266_310_166_234.png,3
kanazawa_266_310_107_143.png,5
kanazawa_266_310_180_185.png,3
kanazawa_266_310_67_200.png,5
kanazawa_266_310_43_273.png,6
kanazawa_266_310_215_85.png,3
kanazawa_266_310_189_101.png,3
kanazawa_266_310_123_86.png,3
kanazawa_266_310_44_237.png,6
kanazawa_266_310_212_10.png,1
kanazawa_266_310_247_157.png,3
kanazawa_266_310_46_226.png,6
kanazawa_266_310_220_122.png,3
kanazawa_266_310_117_85.png,6
kanazawa_266_310_99_209.png,5
kanazawa_266_310_65_108.png,6
kanazawa_266_310_160_75.png,1
kanazawa_266_310_93_240.png,5
kanazawa_266_310_39_55.png,6
kanazawa_266_310_161_108.png,5
kanazawa_266_310_225_112.png,3
kanazawa_266_310_118_215.png,5
kanazawa_266_310_202_75.png,3
kanazawa_266_310_56_68.png,6
kanazawa_266_310_69_62.png,6
kanazawa_266_310_215_198.png,3
kanazawa_266_310_200_107.png,3
kanazawa_266_310_13_62.png,6
kanazawa_266_310_102_105.png,3
kanazawa_266_310_121_127.png,3
kanazawa_266_310_175_194.png,3
kanazawa_266_310_206_154.png,3
kanazawa_266_310_233_84.png,3
kanazawa_266_310_58_298.png,6
kanazawa_266_310_198_26.png,1
kanazawa_266_310_223_252.png,3
kanazawa_266_310_32_56.png,6
kanazawa_266_310_71_286.png,6
kanazawa_266_310_217_204.png,3
kanazawa_266_310_192_160.png,3
kanazawa_266_310_176_176.png,3
kanazawa_266_310_143_150.png,3
kanazawa_266_310_55_121.png,6
kanazawa_266_310_160_240.png,3
kanazawa_266_310_208_255.png,3
kanazawa_266_310_192_88.png,3
kanazawa_266_310_191_87.png,3
kanazawa_266_310_141_273.png,1
kanazawa_266_310_200_146.png,3
kanazawa_266_310_166_93.png,3
kanazawa_266_310_29_163.png,5
kanazawa_266_310_92_256.png,5
kanazawa_266_310_81_81.png,6
kanazawa_266_310_36_240.png,6
kanazawa_266_310_51_141.png,5
kanazawa_266_310_76_277.png,6
kanazawa_266_310_94_185.png,5
kanazawa_266_310_133_31.png,6
kanazawa_266_310_193_124.png,3
kanazawa_266_310_224_148.png,3
kanazawa_266_310_226_71.png,3
kanazawa_266_310_49_257.png,6
kanazawa_266_310_142_104.png,1
kanazawa_266_310_185_173.png,3
kanazawa_266_310_135_57.png,6
kanazawa_266_310_213_13.png,3
kanazawa_266_310_151_63.png,3
kanazawa_266_310_34_106.png,6
kanazawa_266_310_144_37.png,6
kanazawa_266_310_72_153.png,3
kanazawa_266_310_237_205.png,3
kanazawa_266_310_51_245.png,6
kanazawa_266_310_47_294.png,6
kanazawa_266_310_151_271.png,3
kanazawa_266_310_132_198.png,5
kanazawa_266_310_93_135.png,3
kanazawa_266_310_233_192.png,3
kanazawa_266_310_144_44.png,6
kanazawa_266_310_82_287.png,3
kanazawa_266_310_65_230.png,6
kanazawa_266_310_220_15.png,5
kanazawa_266_310_103_80.png,6
kanazawa_266_310_50_264.png,6
kanazawa_266_310_146_98.png,1
kanazawa_266_310_110_149.png,3
kanazawa_266_310_107_42.png,6
kanazawa_266_310_111_175.png,5
kanazawa_266_310_122_257.png,5
kanazawa_266_310_88_157.png,6
kanazawa_266_310_68_269.png,6
kanazawa_266_310_150_168.png,5
kanazawa_266_310_211_123.png,3
kanazawa_266_310_81_47.png,6
kanazawa_266_310_73_197.png,3
kanazawa_266_310_232_196.png,3
kanazawa_266_310_140_173.png,5
kanazawa_266_310_122_145.png,3
kanazawa_266_310_146_137.png,3
kanazawa_266_310_119_163.png,5
kanazawa_266_310_132_254.png,5
kanazawa_266_310_47_103.png,6
kanazawa_266_310_81_93.png,6
kanazawa_266_310_13_120.png,6
kanazawa_266_310_47_111.png,6
kanazawa_266_310_17_94.png,6
kanazawa_266_310_89_216.png,1
kanazawa_266_310_211_88.png,3
kanazawa_266_310_113_227.png,3
kanazawa_266_310_131_214.png,3
kanazawa_266_310_94_186.png,5
kanazawa_266_310_118_38.png,6
kanazawa_266_310_179_113.png,3
kanazawa_266_310_24_128.png,6
kanazawa_266_310_243_160.png,3
kanazawa_266_310_218_54.png,3
kanazawa_266_310_146_65.png,3
kanazawa_266_310_225_232.png,3
kanazawa_266_310_222_208.png,3
kanazawa_266_310_187_226.png,3
kanazawa_266_310_119_141.png,3
kanazawa_266_310_147_28.png,6
kanazawa_266_310_100_289.png,1
kanazawa_266_310_168_18.png,6
kanazawa_266_310_53_231.png,6
kanazawa_266_310_111_273.png,1
kanazawa_266_310_42_238.png,6
kanazawa_266_310_233_133.png,3
kanazawa_266_310_86_205.png,1
kanazawa_266_310_63_257.png,6
kanazawa_266_310_178_237.png,3
kanazawa_266_310_138_62.png,6
kanazawa_266_310_185_265.png,3
kanazawa_266_310_144_36.png,6
kanazawa_266_310_93_174.png,3
kanazawa_266_310_147_86.png,1
kanazawa_266_310_178_17.png,6
kanazawa_266_310_63_102.png,6
kanazawa_266_310_227_124.png,3
kanazawa_266_310_209_93.png,3
kanazawa_266_310_152_190.png,5
kanazawa_266_310_185_217.png,3
kanazawa_266_310_133_217.png,3
kanazawa_266_310_234_146.png,3
kanazawa_266_310_95_238.png,1
kanazawa_266_310_52_90.png,6
kanazawa_266_310_208_137.png,3
kanazawa_266_310_151_181.png,5
kanazawa_266_310_15_71.png,6
kanazawa_266_310_94_71.png,6
kanazawa_266_310_188_134.png,3
kanazawa_266_310_29_72.png,6
kanazawa_266_310_179_132.png,3
kanazawa_266_310_41_235.png,6
kanazawa_266_310_22_106.png,6
kanazawa_266_310_221_177.png,3
kanazawa_266_310_149_28.png,6
kanazawa_266_310_196_163.png,3
kanazawa_266_310_200_204.png,3
kanazawa_266_310_181_247.png,3
kanazawa_266_310_52_254.png,6
kanazawa_266_310_129_80.png,3
kanazawa_266_310_68_59.png,6
kanazawa_266_310_183_261.png,3
kanazawa_266_310_119_107.png,3
kanazawa_266_310_220_179.png,3
kanazawa_266_310_30_75.png,6
kanazawa_266_310_64_262.png,6
kanazawa_266_310_177_230.png,3
kanazawa_266_310_44_276.png,6
kanazawa_266_310_225_151.png,3
kanazawa_266_310_46_244.png,6
kanazawa_266_310_59_73.png,6
kanazawa_266_310_232_157.png,3
kanazawa_266_310_223_239.png,3
kanazawa_266_310_30_112.png,6
kanazawa_266_310_215_130.png,3
kanazawa_266_310_252_201.png,3
kanazawa_266_310_234_150.png,3
kanazawa_266_310_154_130.png,3
kanazawa_266_310_163_20.png,6
kanazawa_266_310_74_48.png,6
kanazawa_266_310_156_225.png,3
kanazawa_266_310_41_115.png,6
kanazawa_266_310_101_81.png,6
kanazawa_266_310_218_188.png,3
kanazawa_266_310_143_81.png,1
kanazawa_266_310_59_263.png,6
kanazawa_266_310_55_181.png,5
kanazawa_266_310_145_267.png,3
kanazawa_266_310_103_168.png,3
kanazawa_266_310_206_81.png,3
kanazawa_266_310_144_106.png,1
kanazawa_266_310_57_295.png,6
kanazawa_266_310_227_138.png,3
kanazawa_266_310_154_60.png,3
kanazawa_266_310_174_22.png,6
kanazawa_266_310_43_225.png,6
kanazawa_266_310_49_219.png,6
kanazawa_266_310_26_70.png,6
kanazawa_266_310_182_166.png,3
kanazawa_266_310_144_185.png,5
kanazawa_266_310_217_226.png,3
kanazawa_266_310_130_258.png,5
kanazawa_266_310_122_50.png,6
kanazawa_266_310_220_113.png,3
kanazawa_266_310_94_40.png,6
kanazawa_266_310_223_169.png,3
kanazawa_266_310_214_42.png,3
kanazawa_266_310_180_253.png,3
kanazawa_266_310_37_142.png,5
kanazawa_266_310_203_229.png,3
kanazawa_266_310_130_228.png,3
kanazawa_266_310_108_58.png,6
kanazawa_266_310_123_247.png,5
kanazawa_266_310_151_86.png,1
kanazawa_266_310_214_241.png,3
kanazawa_266_310_88_282.png,1
kanazawa_266_310_149_95.png,1
kanazawa_266_310_66_108.png,6
kanazawa_266_310_54_114.png,6
kanazawa_266_310_191_225.png,3
kanazawa_266_310_45_252.png,6
kanazawa_266_310_113_258.png,1
kanazawa_266_310_206_159.png,3
kanazawa_266_310_159_62.png,5
kanazawa_266_310_95_114.png,1
kanazawa_266_310_153_34.png,6
kanazawa_266_310_176_153.png,3
kanazawa_266_310_87_143.png,3
kanazawa_266_310_253_225.png,3
kanazawa_266_310_184_210.png,3
kanazawa_266_310_32_119.png,6
kanazawa_266_310_165_193.png,3
kanazawa_266_310_45_213.png,6
kanazawa_266_310_106_119.png,5
kanazawa_266_310_77_85.png,6
kanazawa_266_310_199_233.png,3
kanazawa_266_310_222_210.png,3
kanazawa_266_310_22_63.png,6
kanazawa_266_310_60_259.png,6
kanazawa_266_310_155_199.png,3
kanazawa_266_310_215_243.png,3
kanazawa_266_310_183_89.png,3
kanazawa_266_310_73_229.png,1
kanazawa_266_310_78_270.png,6
kanazawa_266_310_73_103.png,6
kanazawa_266_310_79_148.png,3
kanazawa_266_310_169_19.png,6
kanazawa_266_310_248_197.png,3
kanazawa_266_310_241_131.png,3
kanazawa_266_310_177_60.png,2
kanazawa_266_310_217_166.png,3
kanazawa_266_310_67_278.png,6
kanazawa_266_310_153_80.png,5
kanazawa_266_310_72_255.png,6
kanazawa_266_310_199_78.png,3
kanazawa_266_310_205_233.png,3
kanazawa_266_310_68_298.png,6
kanazawa_266_310_106_88.png,6
kanazawa_266_310_15_126.png,6
kanazawa_266_310_93_133.png,3
kanazawa_266_310_145_28.png,6
kanazawa_266_310_110_70.png,6
kanazawa_266_310_61_284.png,6
kanazawa_266_310_96_71.png,6
kanazawa_266_310_185_13.png,6
kanazawa_266_310_128_166.png,3
kanazawa_266_310_223_181.png,3
kanazawa_266_310_61_240.png,6
kanazawa_266_310_132_130.png,3
kanazawa_266_310_80_248.png,1
kanazawa_266_310_242_217.png,3
kanazawa_266_310_155_42.png,6
kanazawa_266_310_215_206.png,3
kanazawa_266_310_134_190.png,5
kanazawa_266_310_213_152.png,3
kanazawa_266_310_190_216.png,3
kanazawa_266_310_32_58.png,6
kanazawa_266_310_147_91.png,1
kanazawa_266_310_119_43.png,6
kanazawa_266_310_68_238.png,6
kanazawa_266_310_160_174.png,5
kanazawa_266_310_70_47.png,6
kanazawa_266_310_191_201.png,3
kanazawa_266_310_160_269.png,3
kanazawa_266_310_56_70.png,6
kanazawa_266_310_180_229.png,3
kanazawa_266_310_189_73.png,3
kanazawa_266_310_22_147.png,3
kanazawa_266_310_235_189.png,3
kanazawa_266_310_148_35.png,6
kanazawa_266_310_202_10.png,6
kanazawa_266_310_30_100.png,6
kanazawa_266_310_52_206.png,3
kanazawa_266_310_211_172.png,3
kanazawa_266_310_23_68.png,6
kanazawa_266_310_238_231.png,3
kanazawa_266_310_132_255.png,5
kanazawa_266_310_230_198.png,3
kanazawa_266_310_148_182.png,5
kanazawa_266_310_73_233.png,6
kanazawa_266_310_177_90.png,5
kanazawa_266_310_66_80.png,6
kanazawa_266_310_150_165.png,5
kanazawa_266_310_177_35.png,6
kanazawa_266_310_100_169.png,2
kanazawa_266_310_133_193.png,5
kanazawa_266_310_165_106.png,3
kanazawa_266_310_57_170.png,3
kanazawa_266_310_194_199.png,3
kanazawa_266_310_128_204.png,5
kanazawa_266_310_205_159.png,3
kanazawa_266_310_156_215.png,3
kanazawa_266_310_210_111.png,3
kanazawa_266_310_143_221.png,3
kanazawa_266_310_70_97.png,6
kanazawa_266_310_239_228.png,3
kanazawa_266_310_211_213.png,6
kanazawa_266_310_48_284.png,6
kanazawa_266_310_169_55.png,5
kanazawa_266_310_158_34.png,6
kanazawa_266_310_218_96.png,5
kanazawa_266_310_226_125.png,3
kanazawa_266_310_155_232.png,3
kanazawa_266_310_230_245.png,3
kanazawa_266_310_109_170.png,5
kanazawa_266_310_97_57.png,6
kanazawa_266_310_59_113.png,6
kanazawa_266_310_174_91.png,3
kanazawa_266_310_126_152.png,3
kanazawa_266_310_116_217.png,5
kanazawa_266_310_70_106.png,6
kanazawa_266_310_46_160.png,3
kanazawa_266_310_108_49.png,6
kanazawa_266_310_212_217.png,6
kanazawa_266_310_158_46.png,6
kanazawa_266_310_164_19.png,6
kanazawa_266_310_243_181.png,3
kanazawa_266_310_38_195.png,3
kanazawa_266_310_214_221.png,3
kanazawa_266_310_137_28.png,6
kanazawa_266_310_231_114.png,3
kanazawa_266_310_99_94.png,6
kanazawa_266_310_190_18.png,6
kanazawa_266_310_195_142.png,3
kanazawa_266_310_249_234.png,3
kanazawa_266_310_156_230.png,3
kanazawa_266_310_168_88.png,5
kanazawa_266_310_159_261.png,3
kanazawa_266_310_226_68.png,3
kanazawa_266_310_82_264.png,6
kanazawa_266_310_134_74.png,3
kanazawa_266_310_153_257.png,3
kanazawa_266_310_59_89.png,6
kanazawa_266_310_156_259.png,3
kanazawa_266_310_132_196.png,5
kanazawa_266_310_179_95.png,3
kanazawa_266_310_97_64.png,6
kanazawa_266_310_78_65.png,6
kanazawa_266_310_99_45.png,6
kanazawa_266_310_86_55.png,6
kanazawa_266_310_191_105.png,3
kanazawa_266_310_111_114.png,5
kanazawa_266_310_122_74.png,6
kanazawa_266_310_205_148.png,3
kanazawa_266_310_109_143.png,3
kanazawa_266_310_87_233.png,5
kanazawa_266_310_50_145.png,5
kanazawa_266_310_55_280.png,6
kanazawa_266_310_230_211.png,3
kanazawa_266_310_127_96.png,5
kanazawa_266_310_126_204.png,5
kanazawa_266_310_108_70.png,6
kanazawa_266_310_100_134.png,3
kanazawa_266_310_88_73.png,6
kanazawa_266_310_99_61.png,6
kanazawa_266_310_248_162.png,3
kanazawa_266_310_85_52.png,6
kanazawa_266_310_81_80.png,6
kanazawa_266_310_98_204.png,5
kanazawa_266_310_31_83.png,6
kanazawa_266_310_206_131.png,3
kanazawa_266_310_213_22.png,5
kanazawa_266_310_23_103.png,6
kanazawa_266_310_255_221.png,3
kanazawa_266_310_7_87.png,6
kanazawa_266_310_217_146.png,3
kanazawa_266_310_9_102.png,6
kanazawa_266_310_55_268.png,6
kanazawa_266_310_55_196.png,5
kanazawa_266_310_147_236.png,3
kanazawa_266_310_236_171.png,3
kanazawa_266_310_42_89.png,6
kanazawa_266_310_148_220.png,3
kanazawa_266_310_203_163.png,3
kanazawa_266_310_87_115.png,3
kanazawa_266_310_228_72.png,3
kanazawa_266_310_241_170.png,3
kanazawa_266_310_157_117.png,5
kanazawa_266_310_57_218.png,6
kanazawa_266_310_180_155.png,3
kanazawa_266_310_125_148.png,3
kanazawa_266_310_58_72.png,6
kanazawa_266_310_62_236.png,6
kanazawa_266_310_182_231.png,3
kanazawa_266_310_170_211.png,3
kanazawa_266_310_208_34.png,5
kanazawa_266_310_215_149.png,3
kanazawa_266_310_160_179.png,1
kanazawa_266_310_100_75.png,6
kanazawa_266_310_150_57.png,6
kanazawa_266_310_136_85.png,1
kanazawa_266_310_207_143.png,3
kanazawa_266_310_110_185.png,5
kanazawa_266_310_79_296.png,6
kanazawa_266_310_176_27.png,6
kanazawa_266_310_217_248.png,3
kanazawa_266_310_109_93.png,6
kanazawa_266_310_46_273.png,6
kanazawa_266_310_118_98.png,1
kanazawa_266_310_156_61.png,5
kanazawa_266_310_106_220.png,5
kanazawa_266_310_232_181.png,3
kanazawa_266_310_233_234.png,3
kanazawa_266_310_80_62.png,6
kanazawa_266_310_234_225.png,3
kanazawa_266_310_124_248.png,5
kanazawa_266_310_90_85.png,6
kanazawa_266_310_53_288.png,6
kanazawa_266_310_117_63.png,6
kanazawa_266_310_126_200.png,5
kanazawa_266_310_53_84.png,6
kanazawa_266_310_217_47.png,3
kanazawa_266_310_180_45.png,5
kanazawa_266_310_226_149.png,3
kanazawa_266_310_171_54.png,5
kanazawa_266_310_205_127.png,3
kanazawa_266_310_150_97.png,1
kanazawa_266_310_135_85.png,1
kanazawa_266_310_243_192.png,3
kanazawa_266_310_38_241.png,6
kanazawa_266_310_102_83.png,6
kanazawa_266_310_219_183.png,3
kanazawa_266_310_230_193.png,3
kanazawa_266_310_78_164.png,3
kanazawa_266_310_124_100.png,5
kanazawa_266_310_187_21.png,6
kanazawa_266_310_146_82.png,5
kanazawa_266_310_149_195.png,5
kanazawa_266_310_202_218.png,3
kanazawa_266_310_43_188.png,3
kanazawa_266_310_31_70.png,6
kanazawa_266_310_218_195.png,3
kanazawa_266_310_54_230.png,6
kanazawa_266_310_20_75.png,6
kanazawa_266_310_205_181.png,3
kanazawa_266_310_127_81.png,3
kanazawa_266_310_22_164.png,3
kanazawa_266_310_104_282.png,1
kanazawa_266_310_202_49.png,3
kanazawa_266_310_174_95.png,3
kanazawa_266_310_71_279.png,6
kanazawa_266_310_250_208.png,3
kanazawa_266_310_83_295.png,3
kanazawa_266_310_154_263.png,3
kanazawa_266_310_191_257.png,3
kanazawa_266_310_31_99.png,6
kanazawa_266_310_125_78.png,3
kanazawa_266_310_148_119.png,3
kanazawa_266_310_42_112.png,6
kanazawa_266_310_139_71.png,3
kanazawa_266_310_176_34.png,6
kanazawa_266_310_92_54.png,6
kanazawa_266_310_64_233.png,6
kanazawa_266_310_195_200.png,3
kanazawa_266_310_192_189.png,3
kanazawa_266_310_37_254.png,6
kanazawa_266_310_221_249.png,3
kanazawa_266_310_157_175.png,5
kanazawa_266_310_89_266.png,5
kanazawa_266_310_40_112.png,6
kanazawa_266_310_93_114.png,1
kanazawa_266_310_173_26.png,6
kanazawa_266_310_185_251.png,3
kanazawa_266_310_150_25.png,6
kanazawa_266_310_235_223.png,3
kanazawa_266_310_212_149.png,3
kanazawa_266_310_158_63.png,5
kanazawa_266_310_124_160.png,5
kanazawa_266_310_40_131.png,6
kanazawa_266_310_162_48.png,3
kanazawa_266_310_71_232.png,6
kanazawa_266_310_42_250.png,6
kanazawa_266_310_240_187.png,3
kanazawa_266_310_245_209.png,3
kanazawa_266_310_52_277.png,6
kanazawa_266_310_162_213.png,3
kanazawa_266_310_168_221.png,3
kanazawa_266_310_169_89.png,5
kanazawa_266_310_17_133.png,3
kanazawa_266_310_211_246.png,3
kanazawa_266_310_154_54.png,3
kanazawa_266_310_27_83.png,6
kanazawa_266_310_183_227.png,3
kanazawa_266_310_23_91.png,6
kanazawa_266_310_84_128.png,3
kanazawa_266_310_46_108.png,6
kanazawa_266_310_62_254.png,6
kanazawa_266_310_215_167.png,3
kanazawa_266_310_239_192.png,3
kanazawa_266_310_101_288.png,1
kanazawa_266_310_130_55.png,6
kanazawa_266_310_144_115.png,3
kanazawa_266_310_219_192.png,3
kanazawa_266_310_162_110.png,4
kanazawa_266_310_224_199.png,3
kanazawa_266_310_171_191.png,3
kanazawa_266_310_187_155.png,3
kanazawa_266_310_74_297.png,6
kanazawa_266_310_139_197.png,5
kanazawa_266_310_49_145.png,5
kanazawa_266_310_128_272.png,5
kanazawa_266_310_112_213.png,5
kanazawa_266_310_80_282.png,6
kanazawa_266_310_194_155.png,3
kanazawa_266_310_69_190.png,3
kanazawa_266_310_160_268.png,3
kanazawa_266_310_138_162.png,3
kanazawa_266_310_176_117.png,3
kanazawa_266_310_50_214.png,6
kanazawa_266_310_165_45.png,6
kanazawa_266_310_124_192.png,5
kanazawa_266_310_77_130.png,5
kanazawa_266_310_251_192.png,3
kanazawa_266_310_41_171.png,3
kanazawa_266_310_83_114.png,3
kanazawa_266_310_69_297.png,6
kanazawa_266_310_222_190.png,3
kanazawa_266_310_161_252.png,3
kanazawa_266_310_205_110.png,3
kanazawa_266_310_204_96.png,3
kanazawa_266_310_171_81.png,5
kanazawa_266_310_241_230.png,3
kanazawa_266_310_123_193.png,1
kanazawa_266_310_162_199.png,3
kanazawa_266_310_238_217.png,3
kanazawa_266_310_186_142.png,3
kanazawa_266_310_72_220.png,3
kanazawa_266_310_109_57.png,6
kanazawa_266_310_214_122.png,3
kanazawa_266_310_18_130.png,6
kanazawa_266_310_24_98.png,6
kanazawa_266_310_175_266.png,3
kanazawa_266_310_201_203.png,3
kanazawa_266_310_216_115.png,3
kanazawa_266_310_119_239.png,3
kanazawa_266_310_81_105.png,6
kanazawa_266_310_13_126.png,6
kanazawa_266_310_111_84.png,6
kanazawa_266_310_258_231.png,3
kanazawa_266_310_36_97.png,6
kanazawa_266_310_99_233.png,5
kanazawa_266_310_204_52.png,3
kanazawa_266_310_157_87.png,1
kanazawa_266_310_183_102.png,3
kanazawa_266_310_48_239.png,6
kanazawa_266_310_231_206.png,3
kanazawa_266_310_206_134.png,3
kanazawa_266_310_151_241.png,3
kanazawa_266_310_169_200.png,3
kanazawa_266_310_161_195.png,3
kanazawa_266_310_148_68.png,5
kanazawa_266_310_111_119.png,5
kanazawa_266_310_193_151.png,3
kanazawa_266_310_193_196.png,3
kanazawa_266_310_25_130.png,3
kanazawa_266_310_71_161.png,3
kanazawa_266_310_242_188.png,3
kanazawa_266_310_65_234.png,6
kanazawa_266_310_204_48.png,3
kanazawa_266_310_53_101.png,6
kanazawa_266_310_152_189.png,5
kanazawa_266_310_56_276.png,6
kanazawa_266_310_98_66.png,6
kanazawa_266_310_46_186.png,3
kanazawa_266_310_50_266.png,6
kanazawa_266_310_142_232.png,3
kanazawa_266_310_222_97.png,3
kanazawa_266_310_13_94.png,6
kanazawa_266_310_166_213.png,3
kanazawa_266_310_23_115.png,6
kanazawa_266_310_109_77.png,6
kanazawa_266_310_181_241.png,3
kanazawa_266_310_136_144.png,3
kanazawa_266_310_231_172.png,3
kanazawa_266_310_104_182.png,5
kanazawa_266_310_78_256.png,6
kanazawa_266_310_126_135.png,3
kanazawa_266_310_242_222.png,3
kanazawa_266_310_109_115.png,5
kanazawa_266_310_139_208.png,3
kanazawa_266_310_130_102.png,5
kanazawa_266_310_146_92.png,1
kanazawa_266_310_146_29.png,6
kanazawa_266_310_31_80.png,6
kanazawa_266_310_143_59.png,6
kanazawa_266_310_63_125.png,3
kanazawa_266_310_99_251.png,5
kanazawa_266_310_243_152.png,3
kanazawa_266_310_85_295.png,1
kanazawa_266_310_79_74.png,6
kanazawa_266_310_177_241.png,3
kanazawa_266_310_186_250.png,3
kanazawa_266_310_209_111.png,3
kanazawa_266_310_69_248.png,6
kanazawa_266_310_241_186.png,3
kanazawa_266_310_116_106.png,6
kanazawa_266_310_96_215.png,5
kanazawa_266_310_85_216.png,1
kanazawa_266_310_243_168.png,3
kanazawa_266_310_145_184.png,5
kanazawa_266_310_169_236.png,3
kanazawa_266_310_113_193.png,5
kanazawa_266_310_118_74.png,6
kanazawa_266_310_168_40.png,6
kanazawa_266_310_180_65.png,5
kanazawa_266_310_34_101.png,6
kanazawa_266_310_239_249.png,3
kanazawa_266_310_140_43.png,6
kanazawa_266_310_81_281.png,6
kanazawa_266_310_59_81.png,6
kanazawa_266_310_215_86.png,3
kanazawa_266_310_34_68.png,6
kanazawa_266_310_75_249.png,1
kanazawa_266_310_85_43.png,6
kanazawa_266_310_161_219.png,3
kanazawa_266_310_90_129.png,3
kanazawa_266_310_80_214.png,5
kanazawa_266_310_51_70.png,6
kanazawa_266_310_168_250.png,3
kanazawa_266_310_240_171.png,3
kanazawa_266_310_58_251.png,6
kanazawa_266_310_89_43.png,6
kanazawa_266_310_151_184.png,5
kanazawa_266_310_89_285.png,1
kanazawa_266_310_155_37.png,6
kanazawa_266_310_246_226.png,3
kanazawa_266_310_203_11.png,3
kanazawa_266_310_181_201.png,3
kanazawa_266_310_188_55.png,5
kanazawa_266_310_164_133.png,3
kanazawa_266_310_190_143.png,3
kanazawa_266_310_50_174.png,3
kanazawa_266_310_27_106.png,6
kanazawa_266_310_239_190.png,3
kanazawa_266_310_125_224.png,3
kanazawa_266_310_199_228.png,3
kanazawa_266_310_41_251.png,6
kanazawa_266_310_74_265.png,6
kanazawa_266_310_57_103.png,6
kanazawa_266_310_166_43.png,6
kanazawa_266_310_224_195.png,3
kanazawa_266_310_177_53.png,1
kanazawa_266_310_89_172.png,3
kanazawa_266_310_50_124.png,6
kanazawa_266_310_111_206.png,5
kanazawa_266_310_34_174.png,3
kanazawa_266_310_129_135.png,3
kanazawa_266_310_207_123.png,3
kanazawa_266_310_127_262.png,5
kanazawa_266_310_185_252.png,3
kanazawa_266_310_214_94.png,5
kanazawa_266_310_240_200.png,3
kanazawa_266_310_39_264.png,6
kanazawa_266_310_115_60.png,6
kanazawa_266_310_110_245.png,2
kanazawa_266_310_80_260.png,6
kanazawa_266_310_68_87.png,6
kanazawa_266_310_64_125.png,3
kanazawa_266_310_57_223.png,6
kanazawa_266_310_199_184.png,3
kanazawa_266_310_45_73.png,6
kanazawa_266_310_218_246.png,3
kanazawa_266_310_64_117.png,6
kanazawa_266_310_229_58.png,3
kanazawa_266_310_64_272.png,6
kanazawa_266_310_112_251.png,5
kanazawa_266_310_128_149.png,3
kanazawa_266_310_77_62.png,6
kanazawa_266_310_149_182.png,5
kanazawa_266_310_52_208.png,6
kanazawa_266_310_125_43.png,6
kanazawa_266_310_45_142.png,5
kanazawa_266_310_42_275.png,6
kanazawa_266_310_24_73.png,6
kanazawa_266_310_50_275.png,6
kanazawa_266_310_99_260.png,1
kanazawa_266_310_211_198.png,3
kanazawa_266_310_90_183.png,3
kanazawa_266_310_39_105.png,6
kanazawa_266_310_155_171.png,5
kanazawa_266_310_170_68.png,5
kanazawa_266_310_118_147.png,3
kanazawa_266_310_207_51.png,3
kanazawa_266_310_101_248.png,5
kanazawa_266_310_233_152.png,3
kanazawa_266_310_211_239.png,3
kanazawa_266_310_165_256.png,3
kanazawa_266_310_206_149.png,3
kanazawa_266_310_68_280.png,6
kanazawa_266_310_68_242.png,6
kanazawa_266_310_122_260.png,5
kanazawa_266_310_176_188.png,3
kanazawa_266_310_46_81.png,6
kanazawa_266_310_212_157.png,3
kanazawa_266_310_189_160.png,3
kanazawa_266_310_231_110.png,3
kanazawa_266_310_49_227.png,6
kanazawa_266_310_62_280.png,6
kanazawa_266_310_153_182.png,5
kanazawa_266_310_34_158.png,5
kanazawa_266_310_194_181.png,3
kanazawa_266_310_56_56.png,6
kanazawa_266_310_73_110.png,6
kanazawa_266_310_97_44.png,6
kanazawa_266_310_216_212.png,3
kanazawa_266_310_82_68.png,6
kanazawa_266_310_113_96.png,3
kanazawa_266_310_117_234.png,3
kanazawa_266_310_127_201.png,5
kanazawa_266_310_32_59.png,6
kanazawa_266_310_50_79.png,6
kanazawa_266_310_164_236.png,3
kanazawa_266_310_252_182.png,3
kanazawa_266_310_56_180.png,5
kanazawa_266_310_25_59.png,6
kanazawa_266_310_216_45.png,3
kanazawa_266_310_68_56.png,6
kanazawa_266_310_211_107.png,3
kanazawa_266_310_105_87.png,6
kanazawa_266_310_139_182.png,5
kanazawa_266_310_45_183.png,4
kanazawa_266_310_50_75.png,6
kanazawa_266_310_22_80.png,6
kanazawa_266_310_73_83.png,6
kanazawa_266_310_10_110.png,6
kanazawa_266_310_219_202.png,3
kanazawa_266_310_77_111.png,6
kanazawa_266_310_157_36.png,6
kanazawa_266_310_91_83.png,6
kanazawa_266_310_231_223.png,3
kanazawa_266_310_258_220.png,3
kanazawa_266_310_151_216.png,3
kanazawa_266_310_133_36.png,6
kanazawa_266_310_60_168.png,3
kanazawa_266_310_51_224.png,6
kanazawa_266_310_93_60.png,6
kanazawa_266_310_85_262.png,5
kanazawa_266_310_57_266.png,6
kanazawa_266_310_120_279.png,5
kanazawa_266_310_172_54.png,5
kanazawa_266_310_73_51.png,6
kanazawa_266_310_74_285.png,6
kanazawa_266_310_94_95.png,6
kanazawa_266_310_198_25.png,1
kanazawa_266_310_203_126.png,3
kanazawa_266_310_105_243.png,5
kanazawa_266_310_206_187.png,3
kanazawa_266_310_71_92.png,6
kanazawa_266_310_209_238.png,3
kanazawa_266_310_217_69.png,3
kanazawa_266_310_170_188.png,3
kanazawa_266_310_208_173.png,3
kanazawa_266_310_207_86.png,3
kanazawa_266_310_130_135.png,3
kanazawa_266_310_161_89.png,1
kanazawa_266_310_200_180.png,3
kanazawa_266_310_206_226.png,3
kanazawa_266_310_50_281.png,6
kanazawa_266_310_120_157.png,3
kanazawa_266_310_101_99.png,6
kanazawa_266_310_62_274.png,6
kanazawa_266_310_176_266.png,3
kanazawa_266_310_49_101.png,6
kanazawa_266_310_36_213.png,5
kanazawa_266_310_19_125.png,6
kanazawa_266_310_64_287.png,6
kanazawa_266_310_161_48.png,6
kanazawa_266_310_55_94.png,6
kanazawa_266_310_68_104.png,6
kanazawa_266_310_225_190.png,3
kanazawa_266_310_99_173.png,3
kanazawa_266_310_96_212.png,5
kanazawa_266_310_92_85.png,6
kanazawa_266_310_96_190.png,5
kanazawa_266_310_123_251.png,1
kanazawa_266_310_30_67.png,6
kanazawa_266_310_118_47.png,6
kanazawa_266_310_179_59.png,5
kanazawa_266_310_127_149.png,3
kanazawa_266_310_110_277.png,1
kanazawa_266_310_79_295.png,6
kanazawa_266_310_69_273.png,6
kanazawa_266_310_33_133.png,4
kanazawa_266_310_232_194.png,3
kanazawa_266_310_223_233.png,3
kanazawa_266_310_234_93.png,3
kanazawa_266_310_83_58.png,6
kanazawa_266_310_54_290.png,6
kanazawa_266_310_231_213.png,3
kanazawa_266_310_227_119.png,3
kanazawa_266_310_203_196.png,3
kanazawa_266_310_210_229.png,3
kanazawa_266_310_222_201.png,3
kanazawa_266_310_52_147.png,5
kanazawa_266_310_231_90.png,3
kanazawa_266_310_143_203.png,5
kanazawa_266_310_62_250.png,6
kanazawa_266_310_59_243.png,6
kanazawa_266_310_102_139.png,3
kanazawa_266_310_202_162.png,3
kanazawa_266_310_60_126.png,3
kanazawa_266_310_180_175.png,3
kanazawa_266_310_146_235.png,3
kanazawa_266_310_91_40.png,6
kanazawa_266_310_210_209.png,3
kanazawa_266_310_76_276.png,6
kanazawa_266_310_221_244.png,3
kanazawa_266_310_112_276.png,1
kanazawa_266_310_202_178.png,3
kanazawa_266_310_50_65.png,6
kanazawa_266_310_88_250.png,5
kanazawa_266_310_196_42.png,1
kanazawa_266_310_169_262.png,3
kanazawa_266_310_228_73.png,3
kanazawa_266_310_193_234.png,3
kanazawa_266_310_136_117.png,3
kanazawa_266_310_167_29.png,6
kanazawa_266_310_201_216.png,3
kanazawa_266_310_126_36.png,6
kanazawa_266_310_172_38.png,6
kanazawa_266_310_109_78.png,6
kanazawa_266_310_21_132.png,3
kanazawa_266_310_75_250.png,6
kanazawa_266_310_47_90.png,6
kanazawa_266_310_107_184.png,5
kanazawa_266_310_167_236.png,3
kanazawa_266_310_176_239.png,3
kanazawa_266_310_188_110.png,3
kanazawa_266_310_188_185.png,3
kanazawa_266_310_111_280.png,1
kanazawa_266_310_142_38.png,6
kanazawa_266_310_170_31.png,6
kanazawa_266_310_153_193.png,3
kanazawa_266_310_162_88.png,1
kanazawa_266_310_38_56.png,6
kanazawa_266_310_180_251.png,3
kanazawa_266_310_81_135.png,5
kanazawa_266_310_201_124.png,3
kanazawa_266_310_27_112.png,6
kanazawa_266_310_210_236.png,3
kanazawa_266_310_85_73.png,6
kanazawa_266_310_225_219.png,3
kanazawa_266_310_117_118.png,5
kanazawa_266_310_94_216.png,1
kanazawa_266_310_209_143.png,3
kanazawa_266_310_90_194.png,5
kanazawa_266_310_201_154.png,3
kanazawa_266_310_162_159.png,3
kanazawa_266_310_171_29.png,6
kanazawa_266_310_164_232.png,3
kanazawa_266_310_49_82.png,6
kanazawa_266_310_129_103.png,5
kanazawa_266_310_236_191.png,3
kanazawa_266_310_46_97.png,6
kanazawa_266_310_151_55.png,6
kanazawa_266_310_80_161.png,3
kanazawa_266_310_58_75.png,6
kanazawa_266_310_104_106.png,5
kanazawa_266_310_125_215.png,5
kanazawa_266_310_80_113.png,6
kanazawa_266_310_179_261.png,3
kanazawa_266_310_43_253.png,6
kanazawa_266_310_109_109.png,5
kanazawa_266_310_88_115.png,4
kanazawa_266_310_165_204.png,3
kanazawa_266_310_29_173.png,3
kanazawa_266_310_76_90.png,6
kanazawa_266_310_81_204.png,5
kanazawa_266_310_260_229.png,3
kanazawa_266_310_100_271.png,1
kanazawa_266_310_210_75.png,3
kanazawa_266_310_140_165.png,3
kanazawa_266_310_121_228.png,3
kanazawa_266_310_179_155.png,3
kanazawa_266_310_211_163.png,3
kanazawa_266_310_54_74.png,6
kanazawa_266_310_194_140.png,3
kanazawa_266_310_108_54.png,6
kanazawa_266_310_194_257.png,3
kanazawa_266_310_199_83.png,3
kanazawa_266_310_60_87.png,6
kanazawa_266_310_27_160.png,5
kanazawa_266_310_88_101.png,6
kanazawa_266_310_228_242.png,3
kanazawa_266_310_135_48.png,6
kanazawa_266_310_49_297.png,6
kanazawa_266_310_32_157.png,5
kanazawa_266_310_42_109.png,6
kanazawa_266_310_74_131.png,5
kanazawa_266_310_43_76.png,6
kanazawa_266_310_202_205.png,3
kanazawa_266_310_97_97.png,6
kanazawa_266_310_34_221.png,6
kanazawa_266_310_187_239.png,3
kanazawa_266_310_109_154.png,3
kanazawa_266_310_223_112.png,3
kanazawa_266_310_148_111.png,1
kanazawa_266_310_118_176.png,5
kanazawa_266_310_161_34.png,6
kanazawa_266_310_132_124.png,3
kanazawa_266_310_201_197.png,3
kanazawa_266_310_164_248.png,3
kanazawa_266_310_228_103.png,3
kanazawa_266_310_77_116.png,6
kanazawa_266_310_62_145.png,3
kanazawa_266_310_50_81.png,6
kanazawa_266_310_202_48.png,3
kanazawa_266_310_81_53.png,6
kanazawa_266_310_70_214.png,3
kanazawa_266_310_88_49.png,6
kanazawa_266_310_157_209.png,3
kanazawa_266_310_149_244.png,3
kanazawa_266_310_182_249.png,3
kanazawa_266_310_166_42.png,6
kanazawa_266_310_48_238.png,6
kanazawa_266_310_167_82.png,5
kanazawa_266_310_90_210.png,1
kanazawa_266_310_158_104.png,3
kanazawa_266_310_52_225.png,6
kanazawa_266_310_118_216.png,5
kanazawa_266_310_180_162.png,3
kanazawa_266_310_122_94.png,1
kanazawa_266_310_85_275.png,1
kanazawa_266_310_69_243.png,6
kanazawa_266_310_199_156.png,3
kanazawa_266_310_209_71.png,3
kanazawa_266_310_157_89.png,1
kanazawa_266_310_82_100.png,6
kanazawa_266_310_65_111.png,6
kanazawa_266_310_123_70.png,6
kanazawa_266_310_117_154.png,3
kanazawa_266_310_240_189.png,3
kanazawa_266_310_180_184.png,3
kanazawa_266_310_142_60.png,6
kanazawa_266_310_26_77.png,6
kanazawa_266_310_201_221.png,3
kanazawa_266_310_143_190.png,5
kanazawa_266_310_222_160.png,3
kanazawa_266_310_49_73.png,6
kanazawa_266_310_227_240.png,3
kanazawa_266_310_150_234.png,3
kanazawa_266_310_144_24.png,6
kanazawa_266_310_77_95.png,6
kanazawa_266_310_146_126.png,3
kanazawa_266_310_151_40.png,6
kanazawa_266_310_121_74.png,6
kanazawa_266_310_78_269.png,6
kanazawa_266_310_208_122.png,3
kanazawa_266_310_143_257.png,3
kanazawa_266_310_107_76.png,6
kanazawa_266_310_12_100.png,6
kanazawa_266_310_158_91.png,1
kanazawa_266_310_253_191.png,3
kanazawa_266_310_68_122.png,3
kanazawa_266_310_226_113.png,3
kanazawa_266_310_119_209.png,5
kanazawa_266_310_183_248.png,3
kanazawa_266_310_122_68.png,6
kanazawa_266_310_163_237.png,3
kanazawa_266_310_12_92.png,6
kanazawa_266_310_242_158.png,3
kanazawa_266_310_93_201.png,5
kanazawa_266_310_170_230.png,3
kanazawa_266_310_185_25.png,6
kanazawa_266_310_252_213.png,3
kanazawa_266_310_199_249.png,3
kanazawa_266_310_110_177.png,5
kanazawa_266_310_169_209.png,3
kanazawa_266_310_221_203.png,3
kanazawa_266_310_226_70.png,3
kanazawa_266_310_58_67.png,6
kanazawa_266_310_243_188.png,3
kanazawa_266_310_223_31.png,5
kanazawa_266_310_78_45.png,6
kanazawa_266_310_119_105.png,3
kanazawa_266_310_95_205.png,5
kanazawa_266_310_155_183.png,5
kanazawa_266_310_128_231.png,3
kanazawa_266_310_128_205.png,5
kanazawa_266_310_158_64.png,5
kanazawa_266_310_231_191.png,3
kanazawa_266_310_51_136.png,5
kanazawa_266_310_188_260.png,3
kanazawa_266_310_141_134.png,5
kanazawa_266_310_48_68.png,6
kanazawa_266_310_225_201.png,3
kanazawa_266_310_34_109.png,6
kanazawa_266_310_57_114.png,6
kanazawa_266_310_136_127.png,3
kanazawa_266_310_95_282.png,1
kanazawa_266_310_46_72.png,6
kanazawa_266_310_218_101.png,3
kanazawa_266_310_105_44.png,6
kanazawa_266_310_209_210.png,3
kanazawa_266_310_230_140.png,3
kanazawa_266_310_192_108.png,3
kanazawa_266_310_130_36.png,6
kanazawa_266_310_159_211.png,3
kanazawa_266_310_36_102.png,6
kanazawa_266_310_44_288.png,6
kanazawa_266_310_154_224.png,3
kanazawa_266_310_66_261.png,6
kanazawa_266_310_113_181.png,5
kanazawa_266_310_84_42.png,6
kanazawa_266_310_86_45.png,6
kanazawa_266_310_140_68.png,6
kanazawa_266_310_211_122.png,3
kanazawa_266_310_137_151.png,3
kanazawa_266_310_18_97.png,6
kanazawa_266_310_166_31.png,6
kanazawa_266_310_64_217.png,6
kanazawa_266_310_169_79.png,5
kanazawa_266_310_37_102.png,6
kanazawa_266_310_48_83.png,6
kanazawa_266_310_133_40.png,6
kanazawa_266_310_152_254.png,3
kanazawa_266_310_157_65.png,1
kanazawa_266_310_217_25.png,5
kanazawa_266_310_119_237.png,3
kanazawa_266_310_186_218.png,3
kanazawa_266_310_84_212.png,1
kanazawa_266_310_211_103.png,3
kanazawa_266_310_239_221.png,3
kanazawa_266_310_69_231.png,6
kanazawa_266_310_91_97.png,6
kanazawa_266_310_58_177.png,3
kanazawa_266_310_149_212.png,3
kanazawa_266_310_57_271.png,6
kanazawa_266_310_235_132.png,3
kanazawa_266_310_206_19.png,2
kanazawa_266_310_162_27.png,6
kanazawa_266_310_217_89.png,3
kanazawa_266_310_242_208.png,3
kanazawa_266_310_74_215.png,3
kanazawa_266_310_26_105.png,6
kanazawa_266_310_124_99.png,5
kanazawa_266_310_138_93.png,1
kanazawa_266_310_195_50.png,5
kanazawa_266_310_49_240.png,6
kanazawa_266_310_181_34.png,6
kanazawa_266_310_221_155.png,3
kanazawa_266_310_32_94.png,6
kanazawa_266_310_69_280.png,6
kanazawa_266_310_192_247.png,3
kanazawa_266_310_129_147.png,3
kanazawa_266_310_69_155.png,3
kanazawa_266_310_145_55.png,6
kanazawa_266_310_209_168.png,3
kanazawa_266_310_228_133.png,3
kanazawa_266_310_74_223.png,1
kanazawa_266_310_70_177.png,3
kanazawa_266_310_125_228.png,3
kanazawa_266_310_81_98.png,6
kanazawa_266_310_134_57.png,6
kanazawa_266_310_137_97.png,1
kanazawa_266_310_156_270.png,3
kanazawa_266_310_213_188.png,3
kanazawa_266_310_84_53.png,6
kanazawa_266_310_177_67.png,2
kanazawa_266_310_205_107.png,3
kanazawa_266_310_113_143.png,3
kanazawa_266_310_176_225.png,3
kanazawa_266_310_46_299.png,6
kanazawa_266_310_114_154.png,3
kanazawa_266_310_83_68.png,6
kanazawa_266_310_100_90.png,6
kanazawa_266_310_112_47.png,6
kanazawa_266_310_230_79.png,3
kanazawa_266_310_60_53.png,6
kanazawa_266_310_143_217.png,3
kanazawa_266_310_195_199.png,3
kanazawa_266_310_141_46.png,6
kanazawa_266_310_189_24.png,6
kanazawa_266_310_214_6.png,5
kanazawa_266_310_157_152.png,3
kanazawa_266_310_221_209.png,3
kanazawa_266_310_204_214.png,3
kanazawa_266_310_132_28.png,6
kanazawa_266_310_59_110.png,6
kanazawa_266_310_139_92.png,1
kanazawa_266_310_140_77.png,2
kanazawa_266_310_212_47.png,5
kanazawa_266_310_165_71.png,5
kanazawa_266_310_22_118.png,6
kanazawa_266_310_187_125.png,3
kanazawa_266_310_115_86.png,6
kanazawa_266_310_105_286.png,1
kanazawa_266_310_140_183.png,5
kanazawa_266_310_98_251.png,5
kanazawa_266_310_69_66.png,6
kanazawa_266_310_233_86.png,3
kanazawa_266_310_93_86.png,6
kanazawa_266_310_46_249.png,6
kanazawa_266_310_202_41.png,2
kanazawa_266_310_177_235.png,3
kanazawa_266_310_153_167.png,5
kanazawa_266_310_116_103.png,3
kanazawa_266_310_236_181.png,3
kanazawa_266_310_93_209.png,1
kanazawa_266_310_79_259.png,6
kanazawa_266_310_119_279.png,5
kanazawa_266_310_32_107.png,6
kanazawa_266_310_132_108.png,1
kanazawa_266_310_227_115.png,3
kanazawa_266_310_129_45.png,6
kanazawa_266_310_261_241.png,3
kanazawa_266_310_57_226.png,6
kanazawa_266_310_117_46.png,6
kanazawa_266_310_242_209.png,3
kanazawa_266_310_252_243.png,3
kanazawa_266_310_46_131.png,3
kanazawa_266_310_212_143.png,6
kanazawa_266_310_149_111.png,1
kanazawa_266_310_137_166.png,3
kanazawa_266_310_70_201.png,3
kanazawa_266_310_55_262.png,6
kanazawa_266_310_74_256.png,6
kanazawa_266_310_234_211.png,3
kanazawa_266_310_74_144.png,3
kanazawa_266_310_124_102.png,5
kanazawa_266_310_38_104.png,6
kanazawa_266_310_150_29.png,6
kanazawa_266_310_189_249.png,3
kanazawa_266_310_220_225.png,6
kanazawa_266_310_84_130.png,3
kanazawa_266_310_140_48.png,6
kanazawa_266_310_165_50.png,3
kanazawa_266_310_69_57.png,6
kanazawa_266_310_95_289.png,5
kanazawa_266_310_226_131.png,3
kanazawa_266_310_131_51.png,6
kanazawa_266_310_252_195.png,3
kanazawa_266_310_191_140.png,3
kanazawa_266_310_237_150.png,3
kanazawa_266_310_100_61.png,6
kanazawa_266_310_150_273.png,3
kanazawa_266_310_246_216.png,3
kanazawa_266_310_148_33.png,6
kanazawa_266_310_154_214.png,3
kanazawa_266_310_97_264.png,1
kanazawa_266_310_183_146.png,3
kanazawa_266_310_53_53.png,6
kanazawa_266_310_164_110.png,3
kanazawa_266_310_138_60.png,6
kanazawa_266_310_203_115.png,3
kanazawa_266_310_204_112.png,3
kanazawa_266_310_234_92.png,3
kanazawa_266_310_38_68.png,6
kanazawa_266_310_179_83.png,5
kanazawa_266_310_140_175.png,5
kanazawa_266_310_29_187.png,3
kanazawa_266_310_113_187.png,5
kanazawa_266_310_106_96.png,6
kanazawa_266_310_45_61.png,6
kanazawa_266_310_65_181.png,3
kanazawa_266_310_237_149.png,3
kanazawa_266_310_124_51.png,6
kanazawa_266_310_108_126.png,3
kanazawa_266_310_103_63.png,6
kanazawa_266_310_47_78.png,6
kanazawa_266_310_238_115.png,3
kanazawa_266_310_31_119.png,6
kanazawa_266_310_127_95.png,1
kanazawa_266_310_64_131.png,5
kanazawa_266_310_81_122.png,1
kanazawa_266_310_174_154.png,3
kanazawa_266_310_174_74.png,5
kanazawa_266_310_39_260.png,6
kanazawa_266_310_136_278.png,5
kanazawa_266_310_75_115.png,6
kanazawa_266_310_179_223.png,3
kanazawa_266_310_201_255.png,3
kanazawa_266_310_168_249.png,3
kanazawa_266_310_61_150.png,3
kanazawa_266_310_53_194.png,5
kanazawa_266_310_102_71.png,6
kanazawa_266_310_72_257.png,6
kanazawa_266_310_53_62.png,6
kanazawa_266_310_199_257.png,3
kanazawa_266_310_189_236.png,3
kanazawa_266_310_73_266.png,6
kanazawa_266_310_226_197.png,3
kanazawa_266_310_148_195.png,5
kanazawa_266_310_54_304.png,6
kanazawa_266_310_84_107.png,6
kanazawa_266_310_76_55.png,6
kanazawa_266_310_64_145.png,3
kanazawa_266_310_143_189.png,5
kanazawa_266_310_175_108.png,3
kanazawa_266_310_212_221.png,3
kanazawa_266_310_218_72.png,3
kanazawa_266_310_78_259.png,6
kanazawa_266_310_31_160.png,5
kanazawa_266_310_171_22.png,6
kanazawa_266_310_202_9.png,6
kanazawa_266_310_139_192.png,5
kanazawa_266_310_33_178.png,3
kanazawa_266_310_41_131.png,3
kanazawa_266_310_63_99.png,6
kanazawa_266_310_90_54.png,6
kanazawa_266_310_41_218.png,6
kanazawa_266_310_192_53.png,5
kanazawa_266_310_152_98.png,1
kanazawa_266_310_97_52.png,6
kanazawa_266_310_50_225.png,6
kanazawa_266_310_149_215.png,3
kanazawa_266_310_102_276.png,1
kanazawa_266_310_38_87.png,6
kanazawa_266_310_182_89.png,3
kanazawa_266_310_118_82.png,6
kanazawa_266_310_77_211.png,3
kanazawa_266_310_80_245.png,3
kanazawa_266_310_191_11.png,6
kanazawa_266_310_178_26.png,6
kanazawa_266_310_49_205.png,3
kanazawa_266_310_67_110.png,6
kanazawa_266_310_50_150.png,3
kanazawa_266_310_224_186.png,3
kanazawa_266_310_202_150.png,3
kanazawa_266_310_163_269.png,3
kanazawa_266_310_188_264.png,3
kanazawa_266_310_77_277.png,6
kanazawa_266_310_35_187.png,3
kanazawa_266_310_175_181.png,3
kanazawa_266_310_22_73.png,6
kanazawa_266_310_95_283.png,1
kanazawa_266_310_140_31.png,6
kanazawa_266_310_36_161.png,3
kanazawa_266_310_44_146.png,5
kanazawa_266_310_161_21.png,6
kanazawa_266_310_108_64.png,6
kanazawa_266_310_47_76.png,6
kanazawa_266_310_52_67.png,6
kanazawa_266_310_239_121.png,3
kanazawa_266_310_60_72.png,6
kanazawa_266_310_224_108.png,3
kanazawa_266_310_222_166.png,3
kanazawa_266_310_168_106.png,3
kanazawa_266_310_19_114.png,6
kanazawa_266_310_147_84.png,1
kanazawa_266_310_170_237.png,3
kanazawa_266_310_36_229.png,6
kanazawa_266_310_118_242.png,3
kanazawa_266_310_185_231.png,3
kanazawa_266_310_114_260.png,1
kanazawa_266_310_41_117.png,6
kanazawa_266_310_166_69.png,5
kanazawa_266_310_210_69.png,3
kanazawa_266_310_14_94.png,6
kanazawa_266_310_118_283.png,5
kanazawa_266_310_112_59.png,6
kanazawa_266_310_36_68.png,6
kanazawa_266_310_67_136.png,5
kanazawa_266_310_44_55.png,6
kanazawa_266_310_107_73.png,6
kanazawa_266_310_95_105.png,6
kanazawa_266_310_40_67.png,6
kanazawa_266_310_210_173.png,3
kanazawa_266_310_36_225.png,6
kanazawa_266_310_221_213.png,3
kanazawa_266_310_50_119.png,6
kanazawa_266_310_247_173.png,3
kanazawa_266_310_79_281.png,6
kanazawa_266_310_114_60.png,6
kanazawa_266_310_107_51.png,6
kanazawa_266_310_216_158.png,3
kanazawa_266_310_145_92.png,1
kanazawa_266_310_37_151.png,5
kanazawa_266_310_167_72.png,5
kanazawa_266_310_117_259.png,1
kanazawa_266_310_208_150.png,6
kanazawa_266_310_216_75.png,3
kanazawa_266_310_42_217.png,6
kanazawa_266_310_154_41.png,6
kanazawa_266_310_222_106.png,3
kanazawa_266_310_224_113.png,3
kanazawa_266_310_159_174.png,5
kanazawa_266_310_112_57.png,6
kanazawa_266_310_83_81.png,6
kanazawa_266_310_140_191.png,5
kanazawa_266_310_32_112.png,6
kanazawa_266_310_209_218.png,3
kanazawa_266_310_114_238.png,2
kanazawa_266_310_152_73.png,5
kanazawa_266_310_214_203.png,3
kanazawa_266_310_196_36.png,1
kanazawa_266_310_107_150.png,3
kanazawa_266_310_109_148.png,3
kanazawa_266_310_231_228.png,3
kanazawa_266_310_135_131.png,3
kanazawa_266_310_100_37.png,6
kanazawa_266_310_185_208.png,3
kanazawa_266_310_39_220.png,6
kanazawa_266_310_6_89.png,6
kanazawa_266_310_63_289.png,6
kanazawa_266_310_197_179.png,3
kanazawa_266_310_216_227.png,3
kanazawa_266_310_62_157.png,3
kanazawa_266_310_195_260.png,3
kanazawa_266_310_194_214.png,3
kanazawa_266_310_22_61.png,6
kanazawa_266_310_212_132.png,3
kanazawa_266_310_126_252.png,5
kanazawa_266_310_103_88.png,6
kanazawa_266_310_143_218.png,3
kanazawa_266_310_235_246.png,3
kanazawa_266_310_149_191.png,5
kanazawa_266_310_220_68.png,3
kanazawa_266_310_212_207.png,3
kanazawa_266_310_154_187.png,5
kanazawa_266_310_94_237.png,5
kanazawa_266_310_243_200.png,3
kanazawa_266_310_210_164.png,3
kanazawa_266_310_59_111.png,6
kanazawa_266_310_195_128.png,3
kanazawa_266_310_51_128.png,6
kanazawa_266_310_184_188.png,3
kanazawa_266_310_133_168.png,3
kanazawa_266_310_96_249.png,5
kanazawa_266_310_138_151.png,3
kanazawa_266_310_101_54.png,6
kanazawa_266_310_146_114.png,3
kanazawa_266_310_62_136.png,5
kanazawa_266_310_176_202.png,3
kanazawa_266_310_166_58.png,5
kanazawa_266_310_122_249.png,5
kanazawa_266_310_223_96.png,3
kanazawa_266_310_79_277.png,6
kanazawa_266_310_35_243.png,6
kanazawa_266_310_48_170.png,3
kanazawa_266_310_148_186.png,5
kanazawa_266_310_187_126.png,3
kanazawa_266_310_209_196.png,3
kanazawa_266_310_184_171.png,3
kanazawa_266_310_89_97.png,6
kanazawa_266_310_95_232.png,5
kanazawa_266_310_191_91.png,3
kanazawa_266_310_45_221.png,6
kanazawa_266_310_181_161.png,3
kanazawa_266_310_85_83.png,6
kanazawa_266_310_154_257.png,3
kanazawa_266_310_106_273.png,1
kanazawa_266_310_200_49.png,3
kanazawa_266_310_115_193.png,5
kanazawa_266_310_121_199.png,5
kanazawa_266_310_209_232.png,3
kanazawa_266_310_146_60.png,3
kanazawa_266_310_230_242.png,3
kanazawa_266_310_187_108.png,3
kanazawa_266_310_226_135.png,3
kanazawa_266_310_183_14.png,6
kanazawa_266_310_90_242.png,5
kanazawa_266_310_128_123.png,3
kanazawa_266_310_49_222.png,6
kanazawa_266_310_169_22.png,6
kanazawa_266_310_23_78.png,6
kanazawa_266_310_207_197.png,3
kanazawa_266_310_156_28.png,6
kanazawa_266_310_44_215.png,6
kanazawa_266_310_131_70.png,3
kanazawa_266_310_183_216.png,3
kanazawa_266_310_120_100.png,5
kanazawa_266_310_179_33.png,6
kanazawa_266_310_244_210.png,3
kanazawa_266_310_157_53.png,3
kanazawa_266_310_39_151.png,5
kanazawa_266_310_173_32.png,6
kanazawa_266_310_117_132.png,3
kanazawa_266_310_112_158.png,3
kanazawa_266_310_123_167.png,5
kanazawa_266_310_95_108.png,3
kanazawa_266_310_185_16.png,6
kanazawa_266_310_57_72.png,6
kanazawa_266_310_210_123.png,3
kanazawa_266_310_39_256.png,6
kanazawa_266_310_213_194.png,3
kanazawa_266_310_130_51.png,6
kanazawa_266_310_241_188.png,3
kanazawa_266_310_137_119.png,3
kanazawa_266_310_35_71.png,6
kanazawa_266_310_115_118.png,5
kanazawa_266_310_148_169.png,1
kanazawa_266_310_132_47.png,6
kanazawa_266_310_152_91.png,1
kanazawa_266_310_205_166.png,3
kanazawa_266_310_73_59.png,6
kanazawa_266_310_245_220.png,3
kanazawa_266_310_209_118.png,3
kanazawa_266_310_115_227.png,3
kanazawa_266_310_153_217.png,3
kanazawa_266_310_45_171.png,3
kanazawa_266_310_244_171.png,3
kanazawa_266_310_33_124.png,6
kanazawa_266_310_98_273.png,3
kanazawa_266_310_81_214.png,1
kanazawa_266_310_193_179.png,3
kanazawa_266_310_95_63.png,6
kanazawa_266_310_245_224.png,3
kanazawa_266_310_55_256.png,6
kanazawa_266_310_91_166.png,3
kanazawa_266_310_79_170.png,3
kanazawa_266_310_66_267.png,6
kanazawa_266_310_113_265.png,1
kanazawa_266_310_171_27.png,6
kanazawa_266_310_120_126.png,3
kanazawa_266_310_201_226.png,3
kanazawa_266_310_77_64.png,6
kanazawa_266_310_154_58.png,3
kanazawa_266_310_76_68.png,6
kanazawa_266_310_229_206.png,3
kanazawa_266_310_146_139.png,3
kanazawa_266_310_59_165.png,3
kanazawa_266_310_230_68.png,3
kanazawa_266_310_153_263.png,3
kanazawa_266_310_236_212.png,3
kanazawa_266_310_11_63.png,6
kanazawa_266_310_156_182.png,5
kanazawa_266_310_186_235.png,3
kanazawa_266_310_25_74.png,6
kanazawa_266_310_192_124.png,3
kanazawa_266_310_30_121.png,6
kanazawa_266_310_118_188.png,5
kanazawa_266_310_164_218.png,3
kanazawa_266_310_194_175.png,3
kanazawa_266_310_60_206.png,1
kanazawa_266_310_54_174.png,3
kanazawa_266_310_237_171.png,3
kanazawa_266_310_164_24.png,6
kanazawa_266_310_206_139.png,3
kanazawa_266_310_155_168.png,2
kanazawa_266_310_94_92.png,6
kanazawa_266_310_95_201.png,5
kanazawa_266_310_178_167.png,3
kanazawa_266_310_178_230.png,3
kanazawa_266_310_75_47.png,6
kanazawa_266_310_66_249.png,6
kanazawa_266_310_221_216.png,3
kanazawa_266_310_172_42.png,3
kanazawa_266_310_40_113.png,6
kanazawa_266_310_95_196.png,1
kanazawa_266_310_65_264.png,6
kanazawa_266_310_161_149.png,3
kanazawa_266_310_185_150.png,3
kanazawa_266_310_89_74.png,6
kanazawa_266_310_57_289.png,6
kanazawa_266_310_92_93.png,6
kanazawa_266_310_218_171.png,3
kanazawa_266_310_162_32.png,6
kanazawa_266_310_75_86.png,6
kanazawa_266_310_154_111.png,1
kanazawa_266_310_217_217.png,3
kanazawa_266_310_107_121.png,5
kanazawa_266_310_46_114.png,6
kanazawa_266_310_16_91.png,6
kanazawa_266_310_173_18.png,6
kanazawa_266_310_46_294.png,6
kanazawa_266_310_13_127.png,6
kanazawa_266_310_62_269.png,6
kanazawa_266_310_117_41.png,6
kanazawa_266_310_83_70.png,6
kanazawa_266_310_32_71.png,6
kanazawa_266_310_235_197.png,6
kanazawa_266_310_113_219.png,5
kanazawa_266_310_155_228.png,3
kanazawa_266_310_101_279.png,1
kanazawa_266_310_36_174.png,3
kanazawa_266_310_125_125.png,3
kanazawa_266_310_187_232.png,3
kanazawa_266_310_231_96.png,3
kanazawa_266_310_237_207.png,3
kanazawa_266_310_116_208.png,5
kanazawa_266_310_88_211.png,1
kanazawa_266_310_179_173.png,3
kanazawa_266_310_41_94.png,6
kanazawa_266_310_142_128.png,3
kanazawa_266_310_77_280.png,6
kanazawa_266_310_39_112.png,6
kanazawa_266_310_224_87.png,3
kanazawa_266_310_80_258.png,6
kanazawa_266_310_103_171.png,3
kanazawa_266_310_219_120.png,3
kanazawa_266_310_48_111.png,6
kanazawa_266_310_69_232.png,6
kanazawa_266_310_252_194.png,3
kanazawa_266_310_49_72.png,6
kanazawa_266_310_120_185.png,5
kanazawa_266_310_206_132.png,3
kanazawa_266_310_74_229.png,2
kanazawa_266_310_86_210.png,1
kanazawa_266_310_141_42.png,6
kanazawa_266_310_201_95.png,3
kanazawa_266_310_147_140.png,3
kanazawa_266_310_231_240.png,3
kanazawa_266_310_154_203.png,3
kanazawa_266_310_180_17.png,6
kanazawa_266_310_102_288.png,1
kanazawa_266_310_126_138.png,3
kanazawa_266_310_191_109.png,3
kanazawa_266_310_151_267.png,3
kanazawa_266_310_172_206.png,3
kanazawa_266_310_40_151.png,5
kanazawa_266_310_116_127.png,3
kanazawa_266_310_164_67.png,5
kanazawa_266_310_183_123.png,3
kanazawa_266_310_195_207.png,3
kanazawa_266_310_90_211.png,1
kanazawa_266_310_220_188.png,3
kanazawa_266_310_95_279.png,1
kanazawa_266_310_74_68.png,6
kanazawa_266_310_72_239.png,3
kanazawa_266_310_213_12.png,1
kanazawa_266_310_161_59.png,5
kanazawa_266_310_151_180.png,5
kanazawa_266_310_204_222.png,3
kanazawa_266_310_180_241.png,3
kanazawa_266_310_112_46.png,6
kanazawa_266_310_74_118.png,6
kanazawa_266_310_161_240.png,3
kanazawa_266_310_172_190.png,3
kanazawa_266_310_57_279.png,6
kanazawa_266_310_38_130.png,6
kanazawa_266_310_189_92.png,3
kanazawa_266_310_118_51.png,6
kanazawa_266_310_203_120.png,3
kanazawa_266_310_99_193.png,5
kanazawa_266_310_191_230.png,3
kanazawa_266_310_61_124.png,6
kanazawa_266_310_162_111.png,5
kanazawa_266_310_235_192.png,3
kanazawa_266_310_115_217.png,5
kanazawa_266_310_62_223.png,6
kanazawa_266_310_16_132.png,3
kanazawa_266_310_42_139.png,1
kanazawa_266_310_165_251.png,3
kanazawa_266_310_67_135.png,5
kanazawa_266_310_45_69.png,6
kanazawa_266_310_48_294.png,6
kanazawa_266_310_32_89.png,6
kanazawa_266_310_189_213.png,3
kanazawa_266_310_162_224.png,3
kanazawa_266_310_230_146.png,3
kanazawa_266_310_73_105.png,6
kanazawa_266_310_26_130.png,3
kanazawa_266_310_228_75.png,3
kanazawa_266_310_54_261.png,6
kanazawa_266_310_213_228.png,3
kanazawa_266_310_12_67.png,6
kanazawa_266_310_128_145.png,3
kanazawa_266_310_77_266.png,6
kanazawa_266_310_211_174.png,3
kanazawa_266_310_176_206.png,3
kanazawa_266_310_124_69.png,6
kanazawa_266_310_210_7.png,5
kanazawa_266_310_62_176.png,5
kanazawa_266_310_139_171.png,5
kanazawa_266_310_125_252.png,5
kanazawa_266_310_66_207.png,5
kanazawa_266_310_223_208.png,3
kanazawa_266_310_106_64.png,6
kanazawa_266_310_228_211.png,3
kanazawa_266_310_168_243.png,3
kanazawa_266_310_40_152.png,5
kanazawa_266_310_220_53.png,3
kanazawa_266_310_152_63.png,3
kanazawa_266_310_148_96.png,1
kanazawa_266_310_191_243.png,6
kanazawa_266_310_71_97.png,6
kanazawa_266_310_192_142.png,3
kanazawa_266_310_180_260.png,3
kanazawa_266_310_83_210.png,1
kanazawa_266_310_55_288.png,6
kanazawa_266_310_239_188.png,3
kanazawa_266_310_57_161.png,3
kanazawa_266_310_227_181.png,3
kanazawa_266_310_197_225.png,3
kanazawa_266_310_135_98.png,1
kanazawa_266_310_91_275.png,5
kanazawa_266_310_188_257.png,3
kanazawa_266_310_58_228.png,6
kanazawa_266_310_170_201.png,3
kanazawa_266_310_160_63.png,5
kanazawa_266_310_223_199.png,3
kanazawa_266_310_162_220.png,3
kanazawa_266_310_215_152.png,3
kanazawa_266_310_83_176.png,3
kanazawa_266_310_85_211.png,1
kanazawa_266_310_185_136.png,3
kanazawa_266_310_73_243.png,6
kanazawa_266_310_46_276.png,6
kanazawa_266_310_16_76.png,6
kanazawa_266_310_180_203.png,3
kanazawa_266_310_219_201.png,3
kanazawa_266_310_98_286.png,1
kanazawa_266_310_121_206.png,5
kanazawa_266_310_228_200.png,3
kanazawa_266_310_98_111.png,1
kanazawa_266_310_73_62.png,6
kanazawa_266_310_197_16.png,3
kanazawa_266_310_180_128.png,3
kanazawa_266_310_194_250.png,3
kanazawa_266_310_204_81.png,3
kanazawa_266_310_170_137.png,3
kanazawa_266_310_118_117.png,5
kanazawa_266_310_230_145.png,3
kanazawa_266_310_45_242.png,6
kanazawa_266_310_131_43.png,6
kanazawa_266_310_99_197.png,5
kanazawa_266_310_59_80.png,6
kanazawa_266_310_62_195.png,5
kanazawa_266_310_192_214.png,3
kanazawa_266_310_214_200.png,3
kanazawa_266_310_92_99.png,6
kanazawa_266_310_120_255.png,5
kanazawa_266_310_163_101.png,3
kanazawa_266_310_153_75.png,1
kanazawa_266_310_109_129.png,3
kanazawa_266_310_54_59.png,6
kanazawa_266_310_49_275.png,6
kanazawa_266_310_167_68.png,5
kanazawa_266_310_235_157.png,3
kanazawa_266_310_158_214.png,3
kanazawa_266_310_177_123.png,3
kanazawa_266_310_56_71.png,6
kanazawa_266_310_14_67.png,6
kanazawa_266_310_130_182.png,5
kanazawa_266_310_17_113.png,6
kanazawa_266_310_87_104.png,6
kanazawa_266_310_196_125.png,3
kanazawa_266_310_81_255.png,3
kanazawa_266_310_88_44.png,6
kanazawa_266_310_137_169.png,3
kanazawa_266_310_199_29.png,5
kanazawa_266_310_124_141.png,3
kanazawa_266_310_38_97.png,6
kanazawa_266_310_50_300.png,6
kanazawa_266_310_128_245.png,5
kanazawa_266_310_49_192.png,3
kanazawa_266_310_170_263.png,3
kanazawa_266_310_244_214.png,3
kanazawa_266_310_149_23.png,6
kanazawa_266_310_60_275.png,6
kanazawa_266_310_56_111.png,6
kanazawa_266_310_218_21.png,5
kanazawa_266_310_92_151.png,3
kanazawa_266_310_143_56.png,6
kanazawa_266_310_58_258.png,6
kanazawa_266_310_63_262.png,6
kanazawa_266_310_156_36.png,6
kanazawa_266_310_30_194.png,3
kanazawa_266_310_213_83.png,3
kanazawa_266_310_52_291.png,6
kanazawa_266_310_229_232.png,3
kanazawa_266_310_109_177.png,5
kanazawa_266_310_193_145.png,3
kanazawa_266_310_154_61.png,3
kanazawa_266_310_65_73.png,6
kanazawa_266_310_215_186.png,3
kanazawa_266_310_196_222.png,3
kanazawa_266_310_168_166.png,3
kanazawa_266_310_66_262.png,6
kanazawa_266_310_78_250.png,3
kanazawa_266_310_219_232.png,3
kanazawa_266_310_218_239.png,3
kanazawa_266_310_121_182.png,5
kanazawa_266_310_200_242.png,3
kanazawa_266_310_154_184.png,5
kanazawa_266_310_74_78.png,6
kanazawa_266_310_177_265.png,3
kanazawa_266_310_218_148.png,3
kanazawa_266_310_107_200.png,1
kanazawa_266_310_21_129.png,6
kanazawa_266_310_181_243.png,3
kanazawa_266_310_47_258.png,6
kanazawa_266_310_185_149.png,3
kanazawa_266_310_140_185.png,5
kanazawa_266_310_172_210.png,3
kanazawa_266_310_26_168.png,5
kanazawa_266_310_45_260.png,6
kanazawa_266_310_79_289.png,6
kanazawa_266_310_119_115.png,5
kanazawa_266_310_21_90.png,6
kanazawa_266_310_15_104.png,6
kanazawa_266_310_197_77.png,3
kanazawa_266_310_232_199.png,3
kanazawa_266_310_89_268.png,1
kanazawa_266_310_11_100.png,6
kanazawa_266_310_120_88.png,3
kanazawa_266_310_54_207.png,3
kanazawa_266_310_84_83.png,6
kanazawa_266_310_228_152.png,3
kanazawa_266_310_226_104.png,3
kanazawa_266_310_75_210.png,3
kanazawa_266_310_258_242.png,3
kanazawa_266_310_161_96.png,3
kanazawa_266_310_147_118.png,3
kanazawa_266_310_232_236.png,3
kanazawa_266_310_20_61.png,6
kanazawa_266_310_191_262.png,3
kanazawa_266_310_34_172.png,3
kanazawa_266_310_32_200.png,3
kanazawa_266_310_42_219.png,6
kanazawa_266_310_233_148.png,3
kanazawa_266_310_196_10.png,6
kanazawa_266_310_147_48.png,6
kanazawa_266_310_187_110.png,3
kanazawa_266_310_15_129.png,6
kanazawa_266_310_113_53.png,6
kanazawa_266_310_76_159.png,3
kanazawa_266_310_221_149.png,3
kanazawa_266_310_194_21.png,3
kanazawa_266_310_185_43.png,5
kanazawa_266_310_232_126.png,3
kanazawa_266_310_127_196.png,5
kanazawa_266_310_69_134.png,5
kanazawa_266_310_151_73.png,5
kanazawa_266_310_52_213.png,6
kanazawa_266_310_59_211.png,3
kanazawa_266_310_88_134.png,3
kanazawa_266_310_19_102.png,6
kanazawa_266_310_218_228.png,3
kanazawa_266_310_25_75.png,6
kanazawa_266_310_215_228.png,3
kanazawa_266_310_206_259.png,3
kanazawa_266_310_124_190.png,5
kanazawa_266_310_72_201.png,3
kanazawa_266_310_105_55.png,6
kanazawa_266_310_224_172.png,3
kanazawa_266_310_46_133.png,3
kanazawa_266_310_110_215.png,5
kanazawa_266_310_51_182.png,3
kanazawa_266_310_182_174.png,3
kanazawa_266_310_174_31.png,6
kanazawa_266_310_112_100.png,5
kanazawa_266_310_230_252.png,3
kanazawa_266_310_98_50.png,6
kanazawa_266_310_104_79.png,6
kanazawa_266_310_202_217.png,3
kanazawa_266_310_22_83.png,6
kanazawa_266_310_92_252.png,5
kanazawa_266_310_43_259.png,6
kanazawa_266_310_71_282.png,6
kanazawa_266_310_143_32.png,6
kanazawa_266_310_177_165.png,3
kanazawa_266_310_191_235.png,3
kanazawa_266_310_101_212.png,1
kanazawa_266_310_155_128.png,3
kanazawa_266_310_22_101.png,6
kanazawa_266_310_222_43.png,3
kanazawa_266_310_106_137.png,3
kanazawa_266_310_118_77.png,6
kanazawa_266_310_63_225.png,6
kanazawa_266_310_214_189.png,3
kanazawa_266_310_125_56.png,6
kanazawa_266_310_95_65.png,6
kanazawa_266_310_165_216.png,3
kanazawa_266_310_231_190.png,3
kanazawa_266_310_103_251.png,5
kanazawa_266_310_192_242.png,3
kanazawa_266_310_164_68.png,5
kanazawa_266_310_66_278.png,6
kanazawa_266_310_110_147.png,3
kanazawa_266_310_40_109.png,6
kanazawa_266_310_57_91.png,6
kanazawa_266_310_54_176.png,3
kanazawa_266_310_112_256.png,5
kanazawa_266_310_203_144.png,3
kanazawa_266_310_191_24.png,3
kanazawa_266_310_19_105.png,6
kanazawa_266_310_66_239.png,6
kanazawa_266_310_96_226.png,5
kanazawa_266_310_69_135.png,5
kanazawa_266_310_206_210.png,3
kanazawa_266_310_97_279.png,1
kanazawa_266_310_26_75.png,6
kanazawa_266_310_121_226.png,3
kanazawa_266_310_149_168.png,5
kanazawa_266_310_51_241.png,6
kanazawa_266_310_222_105.png,3
kanazawa_266_310_191_167.png,3
kanazawa_266_310_94_189.png,5
kanazawa_266_310_252_197.png,3
kanazawa_266_310_119_162.png,5
kanazawa_266_310_243_184.png,3
kanazawa_266_310_30_92.png,6
kanazawa_266_310_115_187.png,5
kanazawa_266_310_196_174.png,3
kanazawa_266_310_224_189.png,3
kanazawa_266_310_60_189.png,3
kanazawa_266_310_215_208.png,3
kanazawa_266_310_36_242.png,6
kanazawa_266_310_44_184.png,3
kanazawa_266_310_154_75.png,1
kanazawa_266_310_48_297.png,6
kanazawa_266_310_201_36.png,1
kanazawa_266_310_135_52.png,6
kanazawa_266_310_134_99.png,1
kanazawa_266_310_224_250.png,3
kanazawa_266_310_36_63.png,6
kanazawa_266_310_114_141.png,3
kanazawa_266_310_125_124.png,3
kanazawa_266_310_71_151.png,3
kanazawa_266_310_100_197.png,5
kanazawa_266_310_193_171.png,3
kanazawa_266_310_44_88.png,6
kanazawa_266_310_90_214.png,1
kanazawa_266_310_178_260.png,3
kanazawa_266_310_58_221.png,6
kanazawa_266_310_87_108.png,6
kanazawa_266_310_141_47.png,6
kanazawa_266_310_63_49.png,6
kanazawa_266_310_163_73.png,5
kanazawa_266_310_31_195.png,3
kanazawa_266_310_50_108.png,6
kanazawa_266_310_144_224.png,3
kanazawa_266_310_22_104.png,6
kanazawa_266_310_218_210.png,3
kanazawa_266_310_61_101.png,6
kanazawa_266_310_46_58.png,6
kanazawa_266_310_142_216.png,3
kanazawa_266_310_141_50.png,6
kanazawa_266_310_225_217.png,3
kanazawa_266_310_74_154.png,3
kanazawa_266_310_88_167.png,3
kanazawa_266_310_247_175.png,3
kanazawa_266_310_236_156.png,3
kanazawa_266_310_179_47.png,5
kanazawa_266_310_235_172.png,3
kanazawa_266_310_20_83.png,6
kanazawa_266_310_225_120.png,3
kanazawa_266_310_51_216.png,6
kanazawa_266_310_142_170.png,5
kanazawa_266_310_84_218.png,1
kanazawa_266_310_77_44.png,6
kanazawa_266_310_74_291.png,6
kanazawa_266_310_44_70.png,6
kanazawa_266_310_35_133.png,3
kanazawa_266_310_120_182.png,5
kanazawa_266_310_186_152.png,3
kanazawa_266_310_225_42.png,3
kanazawa_266_310_147_218.png,3
kanazawa_266_310_56_258.png,6
kanazawa_266_310_92_270.png,5
kanazawa_266_310_198_119.png,3
kanazawa_266_310_246_149.png,3
kanazawa_266_310_93_63.png,6
kanazawa_266_310_149_190.png,5
kanazawa_266_310_190_53.png,5
kanazawa_266_310_244_157.png,3
kanazawa_266_310_58_132.png,5
kanazawa_266_310_158_219.png,3
kanazawa_266_310_250_198.png,3
kanazawa_266_310_49_90.png,6
kanazawa_266_310_206_172.png,3
kanazawa_266_310_10_64.png,6
kanazawa_266_310_242_142.png,3
kanazawa_266_310_124_167.png,5
kanazawa_266_310_73_279.png,6
kanazawa_266_310_176_172.png,3
kanazawa_266_310_103_81.png,6
kanazawa_266_310_72_88.png,6
kanazawa_266_310_188_140.png,3
kanazawa_266_310_204_126.png,3
kanazawa_266_310_256_239.png,3
kanazawa_266_310_103_228.png,5
kanazawa_266_310_198_74.png,3
kanazawa_266_310_213_26.png,5
kanazawa_266_310_30_140.png,3
kanazawa_266_310_19_104.png,6
kanazawa_266_310_254_203.png,3
kanazawa_266_310_215_132.png,3
kanazawa_266_310_27_166.png,5
kanazawa_266_310_117_119.png,5
kanazawa_266_310_125_75.png,3
kanazawa_266_310_177_246.png,3
kanazawa_266_310_168_198.png,3
kanazawa_266_310_177_125.png,3
kanazawa_266_310_44_235.png,6
kanazawa_266_310_213_187.png,3
kanazawa_266_310_47_172.png,3
kanazawa_266_310_205_23.png,5
kanazawa_266_310_224_104.png,3
kanazawa_266_310_52_112.png,6
kanazawa_266_310_185_186.png,3
kanazawa_266_310_9_96.png,6
kanazawa_266_310_221_120.png,3
kanazawa_266_310_90_247.png,5
kanazawa_266_310_119_99.png,1
kanazawa_266_310_177_263.png,3
kanazawa_266_310_186_123.png,3
kanazawa_266_310_75_232.png,3
kanazawa_266_310_173_240.png,3
kanazawa_266_310_59_234.png,6
kanazawa_266_310_110_151.png,3
kanazawa_266_310_153_231.png,3
kanazawa_266_310_17_118.png,6
kanazawa_266_310_98_97.png,6
kanazawa_266_310_198_213.png,3
kanazawa_266_310_78_253.png,6
kanazawa_266_310_195_113.png,3
kanazawa_266_310_95_216.png,5
kanazawa_266_310_193_192.png,3
kanazawa_266_310_164_48.png,6
kanazawa_266_310_158_68.png,1
kanazawa_266_310_43_244.png,6
kanazawa_266_310_97_143.png,3
kanazawa_266_310_178_42.png,1
kanazawa_266_310_187_257.png,3
kanazawa_266_310_85_227.png,5
kanazawa_266_310_221_56.png,3
kanazawa_266_310_54_246.png,6
kanazawa_266_310_155_39.png,6
kanazawa_266_310_63_171.png,3
kanazawa_266_310_191_134.png,3
kanazawa_266_310_56_268.png,6
kanazawa_266_310_15_93.png,6
kanazawa_266_310_198_16.png,3
kanazawa_266_310_202_235.png,3
kanazawa_266_310_61_54.png,6
kanazawa_266_310_93_107.png,6
kanazawa_266_310_158_148.png,3
kanazawa_266_310_255_199.png,3
kanazawa_266_310_89_260.png,5
kanazawa_266_310_231_159.png,3
kanazawa_266_310_244_201.png,3
kanazawa_266_310_234_128.png,3
kanazawa_266_310_91_236.png,5
kanazawa_266_310_190_16.png,6
kanazawa_266_310_42_194.png,5
kanazawa_266_310_209_131.png,3
kanazawa_266_310_239_141.png,3
kanazawa_266_310_225_108.png,3
kanazawa_266_310_212_227.png,3
kanazawa_266_310_44_69.png,6
kanazawa_266_310_82_107.png,6
kanazawa_266_310_92_42.png,6
kanazawa_266_310_186_226.png,3
kanazawa_266_310_88_286.png,1
kanazawa_266_310_193_12.png,6
kanazawa_266_310_51_219.png,6
kanazawa_266_310_159_236.png,3
kanazawa_266_310_108_39.png,6
kanazawa_266_310_161_75.png,1
kanazawa_266_310_226_84.png,3
kanazawa_266_310_104_196.png,5
kanazawa_266_310_147_239.png,3
kanazawa_266_310_23_100.png,6
kanazawa_266_310_65_222.png,6
kanazawa_266_310_59_268.png,6
kanazawa_266_310_199_142.png,3
kanazawa_266_310_24_129.png,6
kanazawa_266_310_65_102.png,6
kanazawa_266_310_114_177.png,5
kanazawa_266_310_76_269.png,6
kanazawa_266_310_54_256.png,6
kanazawa_266_310_223_167.png,3
kanazawa_266_310_62_182.png,3
kanazawa_266_310_60_93.png,6
kanazawa_266_310_18_71.png,6
kanazawa_266_310_64_100.png,6
kanazawa_266_310_184_181.png,3
kanazawa_266_310_93_112.png,2
kanazawa_266_310_132_34.png,6
kanazawa_266_310_197_31.png,5
kanazawa_266_310_114_176.png,5
kanazawa_266_310_126_206.png,5
kanazawa_266_310_102_141.png,3
kanazawa_266_310_162_206.png,3
kanazawa_266_310_69_247.png,6
kanazawa_266_310_139_227.png,3
kanazawa_266_310_242_247.png,3
kanazawa_266_310_122_39.png,6
kanazawa_266_310_65_58.png,6
kanazawa_266_310_61_253.png,6
kanazawa_266_310_166_83.png,5
kanazawa_266_310_31_223.png,6
kanazawa_266_310_201_224.png,3
kanazawa_266_310_194_32.png,5
kanazawa_266_310_134_113.png,3
kanazawa_266_310_191_171.png,3
kanazawa_266_310_191_193.png,3
kanazawa_266_310_234_202.png,3
kanazawa_266_310_198_198.png,3
kanazawa_266_310_36_170.png,3
kanazawa_266_310_198_244.png,3
kanazawa_266_310_45_107.png,6
kanazawa_266_310_216_131.png,3
kanazawa_266_310_187_199.png,3
kanazawa_266_310_120_165.png,5
kanazawa_266_310_247_220.png,3
kanazawa_266_310_148_63.png,3
kanazawa_266_310_181_172.png,3
kanazawa_266_310_36_211.png,3
kanazawa_266_310_118_80.png,6
kanazawa_266_310_52_296.png,6
kanazawa_266_310_222_229.png,3
kanazawa_266_310_102_222.png,5
kanazawa_266_310_46_283.png,6
kanazawa_266_310_225_46.png,3
kanazawa_266_310_114_178.png,5
kanazawa_266_310_84_44.png,6
kanazawa_266_310_63_239.png,6
kanazawa_266_310_96_175.png,3
kanazawa_266_310_65_51.png,6
kanazawa_266_310_96_108.png,3
kanazawa_266_310_44_249.png,6
kanazawa_266_310_43_258.png,6
kanazawa_266_310_31_108.png,6
kanazawa_266_310_178_72.png,5
kanazawa_266_310_167_96.png,3
kanazawa_266_310_233_173.png,3
kanazawa_266_310_167_24.png,6
kanazawa_266_310_30_116.png,6
kanazawa_266_310_220_137.png,3
kanazawa_266_310_193_216.png,3
kanazawa_266_310_185_46.png,5
kanazawa_266_310_108_186.png,5
kanazawa_266_310_145_84.png,1
kanazawa_266_310_23_169.png,5
kanazawa_266_310_184_244.png,3
kanazawa_266_310_46_274.png,6
kanazawa_266_310_211_186.png,3
kanazawa_266_310_35_184.png,3
kanazawa_266_310_86_88.png,6
kanazawa_266_310_224_174.png,3
kanazawa_266_310_45_233.png,6
kanazawa_266_310_88_51.png,6
kanazawa_266_310_65_53.png,6
kanazawa_266_310_85_167.png,3
kanazawa_266_310_192_103.png,3
kanazawa_266_310_169_92.png,3
kanazawa_266_310_67_71.png,6
kanazawa_266_310_96_115.png,1
kanazawa_266_310_80_253.png,3
kanazawa_266_310_55_301.png,6
kanazawa_266_310_174_113.png,3
kanazawa_266_310_173_187.png,3
kanazawa_266_310_215_124.png,3
kanazawa_266_310_68_264.png,6
kanazawa_266_310_120_97.png,1
kanazawa_266_310_246_219.png,3
kanazawa_266_310_79_75.png,6
kanazawa_266_310_200_165.png,3
kanazawa_266_310_213_244.png,3
kanazawa_266_310_50_243.png,6
kanazawa_266_310_209_45.png,3
kanazawa_266_310_107_62.png,6
kanazawa_266_310_48_161.png,3
kanazawa_266_310_202_229.png,3
kanazawa_266_310_70_295.png,6
kanazawa_266_310_31_112.png,6
kanazawa_266_310_225_171.png,3
kanazawa_266_310_35_155.png,5
kanazawa_266_310_232_108.png,3
kanazawa_266_310_218_24.png,5
kanazawa_266_310_59_252.png,6
kanazawa_266_310_107_60.png,6
kanazawa_266_310_139_172.png,5
kanazawa_266_310_55_283.png,6
kanazawa_266_310_93_198.png,1
kanazawa_266_310_77_81.png,6
kanazawa_266_310_192_21.png,6
kanazawa_266_310_187_20.png,6
kanazawa_266_310_82_137.png,3
kanazawa_266_310_131_50.png,6
kanazawa_266_310_76_150.png,3
kanazawa_266_310_257_210.png,3
kanazawa_266_310_219_101.png,3
kanazawa_266_310_112_56.png,6
kanazawa_266_310_35_127.png,6
kanazawa_266_310_185_166.png,3
kanazawa_266_310_48_89.png,6
kanazawa_266_310_156_162.png,5
kanazawa_266_310_52_148.png,5
kanazawa_266_310_250_194.png,3
kanazawa_266_310_104_59.png,6
kanazawa_266_310_165_237.png,3
kanazawa_266_310_129_107.png,5
kanazawa_266_310_202_104.png,3
kanazawa_266_310_133_261.png,5
kanazawa_266_310_226_111.png,3
kanazawa_266_310_185_141.png,3
kanazawa_266_310_171_71.png,5
kanazawa_266_310_33_125.png,6
kanazawa_266_310_78_272.png,6
kanazawa_266_310_102_273.png,1
kanazawa_266_310_75_110.png,6
kanazawa_266_310_107_79.png,6
kanazawa_266_310_73_84.png,6
kanazawa_266_310_144_62.png,6
kanazawa_266_310_112_85.png,6
kanazawa_266_310_67_91.png,6
kanazawa_266_310_154_211.png,3
kanazawa_266_310_159_109.png,5
kanazawa_266_310_226_208.png,3
kanazawa_266_310_104_201.png,5
kanazawa_266_310_15_66.png,6
kanazawa_266_310_111_186.png,5
kanazawa_266_310_44_100.png,6
kanazawa_266_310_248_240.png,3
kanazawa_266_310_165_24.png,6
kanazawa_266_310_136_54.png,6
kanazawa_266_310_50_218.png,6
kanazawa_266_310_170_268.png,3
kanazawa_266_310_125_261.png,5
kanazawa_266_310_67_113.png,6
kanazawa_266_310_94_96.png,6
kanazawa_266_310_208_100.png,3
kanazawa_266_310_43_213.png,6
kanazawa_266_310_19_126.png,6
kanazawa_266_310_110_258.png,5
kanazawa_266_310_138_73.png,3
kanazawa_266_310_55_82.png,6
kanazawa_266_310_69_277.png,6
kanazawa_266_310_234_116.png,3
kanazawa_266_310_212_219.png,3
kanazawa_266_310_195_104.png,3
kanazawa_266_310_97_231.png,5
kanazawa_266_310_47_238.png,6
kanazawa_266_310_43_242.png,6
kanazawa_266_310_109_184.png,5
kanazawa_266_310_227_116.png,3
kanazawa_266_310_159_112.png,1
kanazawa_266_310_219_91.png,3
kanazawa_266_310_237_126.png,3
kanazawa_266_310_90_257.png,5
kanazawa_266_310_156_160.png,5
kanazawa_266_310_126_139.png,3
kanazawa_266_310_253_208.png,3
kanazawa_266_310_109_217.png,5
kanazawa_266_310_126_144.png,5
kanazawa_266_310_232_158.png,5
kanazawa_266_310_238_195.png,3
kanazawa_266_310_150_152.png,3
kanazawa_266_310_106_284.png,1
kanazawa_266_310_69_110.png,6
kanazawa_266_310_71_175.png,3
kanazawa_266_310_105_92.png,6
kanazawa_266_310_7_64.png,6
kanazawa_266_310_150_187.png,5
kanazawa_266_310_168_32.png,6
kanazawa_266_310_245_204.png,3
kanazawa_266_310_230_82.png,3
kanazawa_266_310_206_142.png,3
kanazawa_266_310_204_141.png,3
kanazawa_266_310_23_66.png,6
kanazawa_266_310_165_23.png,6
kanazawa_266_310_92_116.png,1
kanazawa_266_310_100_53.png,6
kanazawa_266_310_56_95.png,6
kanazawa_266_310_26_98.png,6
kanazawa_266_310_233_201.png,3
kanazawa_266_310_41_121.png,6
kanazawa_266_310_58_249.png,6
kanazawa_266_310_124_263.png,5
kanazawa_266_310_162_105.png,4
kanazawa_266_310_55_255.png,6
kanazawa_266_310_194_125.png,3
kanazawa_266_310_128_44.png,6
kanazawa_266_310_181_266.png,3
kanazawa_266_310_107_69.png,6
kanazawa_266_310_225_79.png,3
kanazawa_266_310_16_94.png,6
kanazawa_266_310_66_280.png,6
kanazawa_266_310_49_226.png,6
kanazawa_266_310_97_175.png,3
kanazawa_266_310_85_210.png,1
kanazawa_266_310_31_105.png,6
kanazawa_266_310_216_206.png,3
kanazawa_266_310_124_156.png,5
kanazawa_266_310_217_162.png,3
kanazawa_266_310_52_81.png,6
kanazawa_266_310_60_122.png,6
kanazawa_266_310_67_254.png,6
kanazawa_266_310_113_36.png,6
kanazawa_266_310_10_71.png,6
kanazawa_266_310_77_181.png,3
kanazawa_266_310_188_22.png,6
kanazawa_266_310_106_73.png,6
kanazawa_266_310_202_251.png,3
kanazawa_266_310_99_188.png,1
kanazawa_266_310_41_67.png,6
kanazawa_266_310_249_235.png,3
kanazawa_266_310_32_105.png,6
kanazawa_266_310_81_249.png,1
kanazawa_266_310_243_178.png,3
kanazawa_266_310_166_204.png,3
kanazawa_266_310_86_280.png,1
kanazawa_266_310_247_189.png,3
kanazawa_266_310_219_147.png,6
kanazawa_266_310_174_45.png,1
kanazawa_266_310_70_63.png,6
kanazawa_266_310_143_141.png,3
kanazawa_266_310_174_103.png,3
kanazawa_266_310_142_191.png,5
kanazawa_266_310_168_213.png,3
kanazawa_266_310_172_186.png,3
kanazawa_266_310_192_126.png,3
kanazawa_266_310_85_99.png,6
kanazawa_266_310_190_205.png,3
kanazawa_266_310_189_239.png,3
kanazawa_266_310_72_271.png,6
kanazawa_266_310_70_155.png,3
kanazawa_266_310_67_104.png,6
kanazawa_266_310_107_119.png,5
kanazawa_266_310_52_285.png,6
kanazawa_266_310_46_210.png,3
kanazawa_266_310_147_181.png,5
kanazawa_266_310_182_161.png,3
kanazawa_266_310_236_141.png,3
kanazawa_266_310_82_93.png,6
kanazawa_266_310_246_222.png,3
kanazawa_266_310_197_178.png,3
kanazawa_266_310_224_164.png,3
kanazawa_266_310_80_64.png,6
kanazawa_266_310_222_127.png,3
kanazawa_266_310_34_209.png,5
kanazawa_266_310_54_57.png,6
kanazawa_266_310_90_100.png,6
kanazawa_266_310_150_85.png,1
kanazawa_266_310_75_227.png,3
kanazawa_266_310_35_65.png,6
kanazawa_266_310_103_185.png,5
kanazawa_266_310_79_48.png,6
kanazawa_266_310_176_265.png,3
kanazawa_266_310_205_141.png,3
kanazawa_266_310_161_254.png,3
kanazawa_266_310_193_139.png,3
kanazawa_266_310_148_89.png,1
kanazawa_266_310_63_87.png,6
kanazawa_266_310_184_125.png,3
kanazawa_266_310_162_234.png,3
kanazawa_266_310_214_41.png,3
kanazawa_266_310_115_192.png,5
kanazawa_266_310_241_182.png,3
kanazawa_266_310_37_99.png,6
kanazawa_266_310_52_53.png,6
kanazawa_266_310_100_51.png,6
kanazawa_266_310_71_231.png,6
kanazawa_266_310_179_56.png,1
kanazawa_266_310_72_134.png,5
kanazawa_266_310_190_19.png,6
kanazawa_266_310_84_72.png,6
kanazawa_266_310_30_96.png,6
kanazawa_266_310_155_48.png,6
kanazawa_266_310_167_160.png,3
kanazawa_266_310_18_124.png,6
kanazawa_266_310_48_251.png,6
kanazawa_266_310_67_165.png,3
kanazawa_266_310_213_224.png,3
kanazawa_266_310_165_191.png,3
kanazawa_266_310_51_213.png,6
kanazawa_266_310_109_69.png,6
kanazawa_266_310_40_58.png,6
kanazawa_266_310_210_107.png,3
kanazawa_266_310_67_244.png,6
kanazawa_266_310_202_136.png,3
kanazawa_266_310_69_109.png,6
kanazawa_266_310_37_82.png,6
kanazawa_266_310_233_175.png,3
kanazawa_266_310_168_116.png,3
kanazawa_266_310_181_49.png,5
kanazawa_266_310_32_99.png,6
kanazawa_266_310_14_65.png,6
kanazawa_266_310_83_61.png,6
kanazawa_266_310_147_251.png,3
kanazawa_266_310_178_254.png,3
kanazawa_266_310_149_108.png,1
kanazawa_266_310_36_81.png,6
kanazawa_266_310_233_125.png,3
kanazawa_266_310_98_200.png,5
kanazawa_266_310_175_209.png,3
kanazawa_266_310_253_212.png,3
kanazawa_266_310_90_88.png,6
kanazawa_266_310_95_123.png,3
kanazawa_266_310_106_199.png,1
kanazawa_266_310_119_254.png,5
kanazawa_266_310_122_83.png,3
kanazawa_266_310_91_218.png,1
kanazawa_266_310_150_80.png,1
kanazawa_266_310_179_137.png,3
kanazawa_266_310_212_21.png,5
kanazawa_266_310_24_174.png,5
kanazawa_266_310_38_233.png,6
kanazawa_266_310_125_46.png,6
kanazawa_266_310_97_184.png,5
kanazawa_266_310_96_38.png,6
kanazawa_266_310_111_85.png,6
kanazawa_266_310_196_206.png,3
kanazawa_266_310_166_196.png,3
kanazawa_266_310_108_283.png,1
kanazawa_266_310_253_193.png,3
kanazawa_266_310_88_181.png,3
kanazawa_266_310_26_166.png,5
kanazawa_266_310_227_53.png,3
kanazawa_266_310_38_183.png,3
kanazawa_266_310_44_205.png,5
kanazawa_266_310_215_115.png,3
kanazawa_266_310_59_264.png,6
kanazawa_266_310_155_159.png,5
kanazawa_266_310_20_91.png,6
kanazawa_266_310_216_44.png,3
kanazawa_266_310_185_135.png,3
kanazawa_266_310_110_93.png,6
kanazawa_266_310_54_99.png,6
kanazawa_266_310_19_60.png,6
kanazawa_266_310_195_169.png,3
kanazawa_266_310_35_241.png,6
kanazawa_266_310_44_57.png,6
kanazawa_266_310_208_192.png,3
kanazawa_266_310_20_88.png,6
kanazawa_266_310_170_210.png,3
kanazawa_266_310_219_116.png,3
kanazawa_266_310_21_125.png,6
kanazawa_266_310_234_101.png,3
kanazawa_266_310_47_246.png,6
kanazawa_266_310_97_65.png,6
kanazawa_266_310_209_188.png,3
kanazawa_266_310_113_149.png,3
kanazawa_266_310_127_75.png,3
kanazawa_266_310_176_48.png,5
kanazawa_266_310_143_192.png,5
kanazawa_266_310_94_147.png,3
kanazawa_266_310_220_189.png,3
kanazawa_266_310_102_238.png,1
kanazawa_266_310_98_56.png,6
kanazawa_266_310_197_12.png,6
kanazawa_266_310_89_72.png,6
kanazawa_266_310_76_110.png,6
kanazawa_266_310_101_157.png,3
kanazawa_266_310_110_124.png,1
kanazawa_266_310_33_205.png,3
kanazawa_266_310_100_67.png,6
kanazawa_266_310_140_81.png,5
kanazawa_266_310_210_206.png,3
kanazawa_266_310_102_96.png,6
kanazawa_266_310_89_214.png,1
kanazawa_266_310_74_280.png,6
kanazawa_266_310_120_43.png,6
kanazawa_266_310_94_219.png,1
kanazawa_266_310_60_51.png,6
kanazawa_266_310_208_181.png,6
kanazawa_266_310_252_240.png,3
kanazawa_266_310_177_25.png,6
kanazawa_266_310_205_19.png,2
kanazawa_266_310_98_283.png,1
kanazawa_266_310_149_107.png,1
kanazawa_266_310_85_215.png,1
kanazawa_266_310_117_215.png,5
kanazawa_266_310_208_154.png,3
kanazawa_266_310_216_248.png,3
kanazawa_266_310_25_81.png,6
kanazawa_266_310_217_71.png,3
kanazawa_266_310_227_161.png,3
kanazawa_266_310_165_250.png,3
kanazawa_266_310_44_103.png,6
kanazawa_266_310_129_241.png,3
kanazawa_266_310_120_259.png,5
kanazawa_266_310_122_73.png,6
kanazawa_266_310_155_216.png,3
kanazawa_266_310_111_70.png,6
kanazawa_266_310_51_284.png,6
kanazawa_266_310_151_213.png,3
kanazawa_266_310_174_268.png,3
kanazawa_266_310_225_70.png,3
kanazawa_266_310_77_236.png,1
kanazawa_266_310_155_134.png,3
kanazawa_266_310_42_255.png,6
kanazawa_266_310_152_30.png,6
kanazawa_266_310_239_165.png,3
kanazawa_266_310_145_65.png,3
kanazawa_266_310_247_159.png,3
kanazawa_266_310_108_92.png,6
kanazawa_266_310_80_53.png,6
kanazawa_266_310_255_226.png,3
kanazawa_266_310_30_183.png,3
kanazawa_266_310_200_141.png,3
kanazawa_266_310_147_134.png,6
kanazawa_266_310_116_125.png,1
kanazawa_266_310_145_69.png,3
kanazawa_266_310_8_86.png,6
kanazawa_266_310_52_256.png,6
kanazawa_266_310_66_79.png,6
kanazawa_266_310_83_162.png,3
kanazawa_266_310_124_94.png,1
kanazawa_266_310_101_111.png,5
kanazawa_266_310_223_152.png,3
kanazawa_266_310_209_190.png,3
kanazawa_266_310_215_253.png,3
kanazawa_266_310_81_77.png,6
kanazawa_266_310_199_230.png,3
kanazawa_266_310_113_89.png,6
kanazawa_266_310_113_90.png,6
kanazawa_266_310_85_152.png,3
kanazawa_266_310_37_174.png,3
kanazawa_266_310_198_116.png,3
kanazawa_266_310_167_140.png,3
kanazawa_266_310_63_244.png,6
kanazawa_266_310_197_144.png,3
kanazawa_266_310_78_261.png,6
kanazawa_266_310_180_256.png,3
kanazawa_266_310_115_48.png,6
kanazawa_266_310_85_69.png,6
kanazawa_266_310_216_189.png,3
kanazawa_266_310_26_111.png,6
kanazawa_266_310_123_283.png,5
kanazawa_266_310_247_217.png,3
kanazawa_266_310_110_40.png,6
kanazawa_266_310_201_123.png,3
kanazawa_266_310_169_196.png,3
kanazawa_266_310_11_83.png,6
kanazawa_266_310_240_204.png,3
kanazawa_266_310_206_209.png,3
kanazawa_266_310_98_256.png,5
kanazawa_266_310_85_82.png,6
kanazawa_266_310_202_154.png,3
kanazawa_266_310_113_234.png,3
kanazawa_266_310_165_215.png,3
kanazawa_266_310_186_215.png,3
kanazawa_266_310_147_241.png,3
kanazawa_266_310_198_13.png,6
kanazawa_266_310_73_47.png,6
kanazawa_266_310_27_63.png,6
kanazawa_266_310_102_251.png,5
kanazawa_266_310_56_200.png,3
kanazawa_266_310_65_257.png,6
kanazawa_266_310_83_277.png,3
kanazawa_266_310_238_245.png,3
kanazawa_266_310_18_108.png,6
kanazawa_266_310_95_104.png,6
kanazawa_266_310_182_223.png,3
kanazawa_266_310_40_247.png,6
kanazawa_266_310_237_216.png,3
kanazawa_266_310_183_32.png,3
kanazawa_266_310_80_256.png,6
kanazawa_266_310_149_90.png,1
kanazawa_266_310_83_111.png,6
kanazawa_266_310_209_161.png,3
kanazawa_266_310_198_113.png,3
kanazawa_266_310_214_109.png,3
kanazawa_266_310_151_54.png,6
kanazawa_266_310_82_222.png,1
kanazawa_266_310_39_67.png,6
kanazawa_266_310_235_185.png,3
kanazawa_266_310_21_77.png,6
kanazawa_266_310_105_151.png,3
kanazawa_266_310_222_91.png,3
kanazawa_266_310_55_79.png,6
kanazawa_266_310_247_231.png,3
kanazawa_266_310_99_262.png,1
kanazawa_266_310_150_52.png,6
kanazawa_266_310_36_231.png,6
kanazawa_266_310_65_198.png,5
kanazawa_266_310_192_157.png,3
kanazawa_266_310_211_248.png,3
kanazawa_266_310_73_54.png,6
kanazawa_266_310_199_71.png,3
kanazawa_266_310_211_138.png,3
kanazawa_266_310_80_71.png,6
kanazawa_266_310_66_285.png,6
kanazawa_266_310_52_89.png,6
kanazawa_266_310_126_199.png,5
kanazawa_266_310_8_73.png,6
kanazawa_266_310_213_176.png,3
kanazawa_266_310_54_67.png,6
kanazawa_266_310_186_109.png,3
kanazawa_266_310_62_261.png,6
kanazawa_266_310_89_247.png,5
kanazawa_266_310_82_92.png,6
kanazawa_266_310_66_107.png,6
kanazawa_266_310_214_231.png,3
kanazawa_266_310_108_136.png,3
kanazawa_266_310_123_89.png,5
kanazawa_266_310_72_161.png,3
kanazawa_266_310_183_180.png,3
kanazawa_266_310_169_253.png,3
kanazawa_266_310_210_238.png,3
kanazawa_266_310_206_252.png,3
kanazawa_266_310_235_248.png,3
kanazawa_266_310_100_120.png,5
kanazawa_266_310_247_219.png,3
kanazawa_266_310_38_224.png,6
kanazawa_266_310_207_57.png,3
kanazawa_266_310_144_146.png,3
kanazawa_266_310_33_216.png,3
kanazawa_266_310_130_91.png,3
kanazawa_266_310_201_217.png,3
kanazawa_266_310_216_126.png,3
kanazawa_266_310_32_199.png,3
kanazawa_266_310_151_88.png,1
kanazawa_266_310_156_244.png,3
kanazawa_266_310_115_92.png,3
kanazawa_266_310_224_123.png,3
kanazawa_266_310_226_209.png,3
kanazawa_266_310_54_64.png,6
kanazawa_266_310_188_231.png,3
kanazawa_266_310_155_212.png,3
kanazawa_266_310_80_109.png,6
kanazawa_266_310_38_164.png,3
kanazawa_266_310_95_38.png,6
kanazawa_266_310_250_183.png,3
kanazawa_266_310_39_128.png,6
kanazawa_266_310_246_196.png,3
kanazawa_266_310_135_28.png,6
kanazawa_266_310_214_115.png,3
kanazawa_266_310_212_131.png,3
kanazawa_266_310_236_95.png,3
kanazawa_266_310_29_202.png,3
kanazawa_266_310_107_151.png,3
kanazawa_266_310_131_39.png,6
kanazawa_266_310_118_61.png,6
kanazawa_266_310_180_19.png,6
kanazawa_266_310_77_74.png,6
kanazawa_266_310_102_89.png,6
kanazawa_266_310_245_231.png,3
kanazawa_266_310_14_70.png,6
kanazawa_266_310_163_255.png,3
kanazawa_266_310_107_55.png,6
kanazawa_266_310_181_92.png,1
kanazawa_266_310_106_80.png,6
kanazawa_266_310_174_157.png,3
kanazawa_266_310_212_146.png,3
kanazawa_266_310_180_160.png,3
kanazawa_266_310_230_170.png,3
kanazawa_266_310_219_37.png,3
kanazawa_266_310_62_94.png,6
kanazawa_266_310_78_112.png,6
kanazawa_266_310_222_76.png,3
kanazawa_266_310_208_131.png,3
kanazawa_266_310_180_245.png,3
kanazawa_266_310_77_260.png,6
kanazawa_266_310_79_226.png,1
kanazawa_266_310_172_17.png,6
kanazawa_266_310_167_94.png,3
kanazawa_266_310_218_196.png,3
kanazawa_266_310_105_246.png,5
kanazawa_266_310_166_41.png,6
kanazawa_266_310_218_109.png,3
kanazawa_266_310_231_71.png,3
kanazawa_266_310_152_166.png,5
kanazawa_266_310_206_204.png,3
kanazawa_266_310_131_212.png,3
kanazawa_266_310_47_53.png,6
kanazawa_266_310_254_243.png,3
kanazawa_266_310_184_101.png,3
kanazawa_266_310_84_66.png,6
kanazawa_266_310_130_29.png,6
kanazawa_266_310_168_159.png,3
kanazawa_266_310_39_61.png,6
kanazawa_266_310_126_185.png,5
kanazawa_266_310_189_33.png,1
kanazawa_266_310_152_220.png,3
kanazawa_266_310_200_190.png,3
kanazawa_266_310_194_142.png,3
kanazawa_266_310_60_62.png,6
kanazawa_266_310_232_183.png,3
kanazawa_266_310_192_48.png,5
kanazawa_266_310_82_292.png,6
kanazawa_266_310_69_242.png,6
kanazawa_266_310_201_254.png,3
kanazawa_266_310_48_278.png,6
kanazawa_266_310_140_268.png,5
kanazawa_266_310_35_93.png,6
kanazawa_266_310_29_85.png,6
kanazawa_266_310_16_136.png,3
kanazawa_266_310_138_61.png,6
kanazawa_266_310_149_112.png,1
kanazawa_266_310_61_271.png,6
kanazawa_266_310_158_232.png,3
kanazawa_266_310_23_71.png,6
kanazawa_266_310_93_215.png,1
kanazawa_266_310_211_146.png,3
kanazawa_266_310_64_266.png,6
kanazawa_266_310_203_85.png,5
kanazawa_266_310_132_84.png,1
kanazawa_266_310_115_36.png,6
kanazawa_266_310_29_155.png,5
kanazawa_266_310_177_217.png,3
kanazawa_266_310_190_128.png,3
kanazawa_266_310_48_119.png,6
kanazawa_266_310_192_115.png,3
kanazawa_266_310_164_247.png,3
kanazawa_266_310_208_243.png,3
kanazawa_266_310_54_156.png,3
kanazawa_266_310_109_219.png,5
kanazawa_266_310_164_76.png,5
kanazawa_266_310_119_106.png,3
kanazawa_266_310_176_183.png,3
kanazawa_266_310_36_116.png,6
kanazawa_266_310_228_217.png,3
kanazawa_266_310_256_213.png,3
kanazawa_266_310_33_116.png,6
kanazawa_266_310_143_201.png,1
kanazawa_266_310_70_168.png,3
kanazawa_266_310_180_243.png,3
kanazawa_266_310_45_132.png,6
kanazawa_266_310_40_71.png,6
kanazawa_266_310_108_246.png,5
kanazawa_266_310_122_72.png,6
kanazawa_266_310_51_282.png,6
kanazawa_266_310_22_74.png,6
kanazawa_266_310_88_62.png,6
kanazawa_266_310_141_38.png,6
kanazawa_266_310_212_204.png,3
kanazawa_266_310_235_104.png,3
kanazawa_266_310_99_102.png,6
kanazawa_266_310_60_202.png,5
kanazawa_266_310_115_111.png,5
kanazawa_266_310_155_181.png,5
kanazawa_266_310_251_235.png,3
kanazawa_266_310_37_252.png,6
kanazawa_266_310_245_235.png,3
kanazawa_266_310_60_139.png,3
kanazawa_266_310_128_61.png,6
kanazawa_266_310_104_131.png,3
kanazawa_266_310_151_142.png,3
kanazawa_266_310_127_156.png,3
kanazawa_266_310_139_115.png,3
kanazawa_266_310_220_166.png,3
kanazawa_266_310_227_223.png,3
kanazawa_266_310_102_194.png,5
kanazawa_266_310_53_208.png,6
kanazawa_266_310_167_106.png,3
kanazawa_266_310_224_94.png,3
kanazawa_266_310_36_77.png,6
kanazawa_266_310_68_179.png,3
kanazawa_266_310_232_161.png,3
kanazawa_266_310_154_55.png,3
kanazawa_266_310_118_196.png,5
kanazawa_266_310_18_78.png,6
kanazawa_266_310_46_127.png,6
kanazawa_266_310_130_126.png,3
kanazawa_266_310_134_87.png,1
kanazawa_266_310_7_90.png,6
kanazawa_266_310_123_259.png,1
kanazawa_266_310_238_212.png,3
kanazawa_266_310_232_205.png,6
kanazawa_266_310_51_215.png,6
kanazawa_266_310_59_60.png,6
kanazawa_266_310_145_115.png,3
kanazawa_266_310_207_71.png,3
kanazawa_266_310_62_68.png,6
kanazawa_266_310_206_94.png,3
kanazawa_266_310_226_143.png,3
kanazawa_266_310_110_118.png,5
kanazawa_266_310_142_188.png,5
kanazawa_266_310_58_71.png,6
kanazawa_266_310_68_69.png,6
kanazawa_266_310_25_178.png,3
kanazawa_266_310_26_96.png,6
kanazawa_266_310_195_26.png,1
kanazawa_266_310_193_195.png,3
kanazawa_266_310_47_73.png,6
kanazawa_266_310_225_114.png,3
kanazawa_266_310_103_133.png,3
kanazawa_266_310_243_182.png,3
kanazawa_266_310_108_113.png,2
kanazawa_266_310_111_208.png,5
kanazawa_266_310_139_38.png,6
kanazawa_266_310_233_109.png,3
kanazawa_266_310_110_60.png,6
kanazawa_266_310_90_209.png,1
kanazawa_266_310_88_209.png,1
kanazawa_266_310_83_276.png,3
kanazawa_266_310_175_213.png,3
kanazawa_266_310_114_82.png,6
kanazawa_266_310_30_148.png,3
kanazawa_266_310_176_53.png,1
kanazawa_266_310_66_172.png,3
kanazawa_266_310_48_260.png,6
kanazawa_266_310_117_148.png,3
kanazawa_266_310_110_152.png,3
kanazawa_266_310_115_51.png,6
kanazawa_266_310_199_82.png,3
kanazawa_266_310_173_201.png,3
kanazawa_266_310_48_217.png,6
kanazawa_266_310_112_262.png,1
kanazawa_266_310_206_93.png,3
kanazawa_266_310_127_144.png,5
kanazawa_266_310_226_132.png,3
kanazawa_266_310_123_61.png,6
kanazawa_266_310_198_39.png,1
kanazawa_266_310_136_151.png,3
kanazawa_266_310_138_37.png,6
kanazawa_266_310_203_238.png,3
kanazawa_266_310_241_164.png,6
kanazawa_266_310_58_218.png,6
kanazawa_266_310_213_105.png,3
kanazawa_266_310_167_86.png,5
kanazawa_266_310_122_42.png,6
kanazawa_266_310_152_45.png,6
kanazawa_266_310_197_229.png,3
kanazawa_266_310_104_247.png,5
kanazawa_266_310_62_51.png,6
kanazawa_266_310_158_121.png,3
kanazawa_266_310_133_158.png,3
kanazawa_266_310_114_219.png,5
kanazawa_266_310_54_58.png,6
kanazawa_266_310_83_67.png,6
kanazawa_266_310_64_226.png,6
kanazawa_266_310_64_294.png,6
kanazawa_266_310_208_223.png,3
kanazawa_266_310_31_82.png,6
kanazawa_266_310_138_70.png,3
kanazawa_266_310_159_101.png,3
kanazawa_266_310_35_70.png,6
kanazawa_266_310_214_54.png,3
kanazawa_266_310_85_116.png,3
kanazawa_266_310_53_247.png,6
kanazawa_266_310_193_79.png,3
kanazawa_266_310_211_98.png,3
kanazawa_266_310_64_178.png,3
kanazawa_266_310_165_130.png,3
kanazawa_266_310_238_228.png,3
kanazawa_266_310_56_267.png,6
kanazawa_266_310_66_210.png,5
kanazawa_266_310_189_199.png,3
kanazawa_266_310_248_164.png,3
kanazawa_266_310_42_132.png,3
kanazawa_266_310_78_138.png,3
kanazawa_266_310_48_60.png,6
kanazawa_266_310_92_125.png,3
kanazawa_266_310_180_144.png,3
kanazawa_266_310_110_91.png,6
kanazawa_266_310_197_114.png,3
kanazawa_266_310_68_128.png,5
kanazawa_266_310_66_253.png,6
kanazawa_266_310_182_25.png,6
kanazawa_266_310_116_189.png,5
kanazawa_266_310_67_57.png,6
kanazawa_266_310_193_160.png,3
kanazawa_266_310_181_39.png,1
kanazawa_266_310_24_89.png,6
kanazawa_266_310_136_115.png,3
kanazawa_266_310_164_94.png,3
kanazawa_266_310_172_248.png,3
kanazawa_266_310_83_273.png,3
kanazawa_266_310_187_236.png,3
kanazawa_266_310_55_295.png,6
kanazawa_266_310_188_150.png,3
kanazawa_266_310_89_185.png,3
kanazawa_266_310_45_72.png,6
kanazawa_266_310_48_165.png,3
kanazawa_266_310_99_281.png,1
kanazawa_266_310_209_236.png,3
kanazawa_266_310_56_292.png,6
kanazawa_266_310_200_199.png,3
kanazawa_266_310_127_80.png,3
kanazawa_266_310_97_39.png,6
kanazawa_266_310_158_89.png,1
kanazawa_266_310_205_153.png,3
kanazawa_266_310_194_107.png,3
kanazawa_266_310_219_168.png,3
kanazawa_266_310_210_172.png,3
kanazawa_266_310_94_288.png,5
kanazawa_266_310_84_113.png,6
kanazawa_266_310_228_180.png,3
kanazawa_266_310_218_78.png,3
kanazawa_266_310_197_110.png,3
kanazawa_266_310_49_221.png,6
kanazawa_266_310_78_157.png,3
kanazawa_266_310_42_235.png,6
kanazawa_266_310_192_112.png,3
kanazawa_266_310_218_164.png,3
kanazawa_266_310_197_137.png,3
kanazawa_266_310_166_263.png,3
kanazawa_266_310_142_218.png,3
kanazawa_266_310_19_95.png,6
kanazawa_266_310_90_228.png,5
kanazawa_266_310_210_162.png,3
kanazawa_266_310_91_201.png,1
kanazawa_266_310_173_262.png,3
kanazawa_266_310_18_150.png,3
kanazawa_266_310_111_146.png,3
kanazawa_266_310_223_186.png,3
kanazawa_266_310_123_180.png,5
kanazawa_266_310_158_260.png,3
kanazawa_266_310_222_37.png,3
kanazawa_266_310_64_77.png,6
kanazawa_266_310_209_144.png,3
kanazawa_266_310_118_169.png,5
kanazawa_266_310_43_267.png,6
kanazawa_266_310_89_99.png,6
kanazawa_266_310_102_57.png,6
kanazawa_266_310_210_115.png,3
kanazawa_266_310_179_161.png,3
kanazawa_266_310_21_145.png,3
kanazawa_266_310_218_174.png,3
kanazawa_266_310_204_153.png,3
kanazawa_266_310_141_226.png,3
kanazawa_266_310_227_242.png,3
kanazawa_266_310_162_190.png,3
kanazawa_266_310_143_94.png,1
kanazawa_266_310_155_129.png,3
kanazawa_266_310_38_238.png,6
kanazawa_266_310_157_199.png,3
kanazawa_266_310_196_253.png,3
kanazawa_266_310_157_226.png,3
kanazawa_266_310_168_42.png,6
kanazawa_266_310_175_17.png,6
kanazawa_266_310_75_266.png,6
kanazawa_266_310_117_138.png,3
kanazawa_266_310_96_72.png,6
kanazawa_266_310_182_123.png,3
kanazawa_266_310_155_101.png,1
kanazawa_266_310_219_54.png,3
kanazawa_266_310_235_184.png,3
kanazawa_266_310_104_134.png,3
kanazawa_266_310_218_197.png,3
kanazawa_266_310_224_161.png,3
kanazawa_266_310_109_151.png,3
kanazawa_266_310_119_255.png,5
kanazawa_266_310_201_174.png,3
kanazawa_266_310_162_261.png,3
kanazawa_266_310_234_220.png,3
kanazawa_266_310_262_233.png,3
kanazawa_266_310_78_102.png,6
kanazawa_266_310_220_91.png,3
kanazawa_266_310_105_135.png,3
kanazawa_266_310_70_105.png,6
kanazawa_266_310_69_230.png,3
kanazawa_266_310_85_205.png,1
kanazawa_266_310_149_175.png,5
kanazawa_266_310_69_56.png,6
kanazawa_266_310_111_40.png,6
kanazawa_266_310_53_243.png,6
kanazawa_266_310_238_246.png,3
kanazawa_266_310_247_182.png,3
kanazawa_266_310_186_263.png,3
kanazawa_266_310_202_259.png,3
kanazawa_266_310_46_71.png,6
kanazawa_266_310_39_244.png,6
kanazawa_266_310_203_244.png,3
kanazawa_266_310_158_73.png,1
kanazawa_266_310_76_85.png,6
kanazawa_266_310_215_181.png,3
kanazawa_266_310_96_105.png,6
kanazawa_266_310_19_110.png,6
kanazawa_266_310_131_73.png,6
kanazawa_266_310_25_127.png,6
kanazawa_266_310_14_125.png,6
kanazawa_266_310_130_50.png,6
kanazawa_266_310_195_102.png,3
kanazawa_266_310_152_122.png,3
kanazawa_266_310_60_106.png,6
kanazawa_266_310_225_86.png,3
kanazawa_266_310_129_126.png,3
kanazawa_266_310_58_52.png,6
kanazawa_266_310_208_44.png,3
kanazawa_266_310_212_209.png,3
kanazawa_266_310_97_214.png,5
kanazawa_266_310_197_202.png,3
kanazawa_266_310_118_99.png,1
kanazawa_266_310_224_166.png,3
kanazawa_266_310_215_197.png,3
kanazawa_266_310_205_144.png,3
kanazawa_266_310_49_143.png,5
kanazawa_266_310_125_36.png,6
kanazawa_266_310_39_99.png,6
kanazawa_266_310_215_201.png,3
kanazawa_266_310_103_95.png,6
kanazawa_266_310_113_49.png,6
kanazawa_266_310_210_86.png,5
kanazawa_266_310_75_109.png,6
kanazawa_266_310_60_212.png,3
kanazawa_266_310_80_180.png,3
kanazawa_266_310_182_181.png,3
kanazawa_266_310_187_137.png,3
kanazawa_266_310_156_58.png,3
kanazawa_266_310_77_245.png,6
kanazawa_266_310_228_92.png,3
kanazawa_266_310_108_122.png,5
kanazawa_266_310_64_241.png,6
kanazawa_266_310_133_269.png,5
kanazawa_266_310_173_197.png,3
kanazawa_266_310_80_58.png,6
kanazawa_266_310_72_86.png,6
kanazawa_266_310_152_43.png,6
kanazawa_266_310_67_238.png,6
kanazawa_266_310_103_144.png,3
kanazawa_266_310_123_261.png,5
kanazawa_266_310_91_261.png,5
kanazawa_266_310_159_94.png,1
kanazawa_266_310_49_56.png,6
kanazawa_266_310_160_175.png,5
kanazawa_266_310_170_38.png,6
kanazawa_266_310_205_207.png,3
kanazawa_266_310_252_190.png,3
kanazawa_266_310_130_98.png,1
kanazawa_266_310_130_177.png,5
kanazawa_266_310_185_143.png,3
kanazawa_266_310_200_152.png,3
kanazawa_266_310_139_147.png,3
kanazawa_266_310_102_207.png,5
kanazawa_266_310_104_289.png,1
kanazawa_266_310_146_155.png,3
kanazawa_266_310_47_253.png,6
kanazawa_266_310_136_123.png,3
kanazawa_266_310_214_252.png,3
kanazawa_266_310_34_63.png,6
kanazawa_266_310_60_270.png,6
kanazawa_266_310_138_97.png,1
kanazawa_266_310_211_210.png,3
kanazawa_266_310_155_99.png,1
kanazawa_266_310_57_87.png,6
kanazawa_266_310_247_230.png,3
kanazawa_266_310_106_150.png,3
kanazawa_266_310_203_123.png,3
kanazawa_266_310_126_30.png,6
kanazawa_266_310_106_141.png,5
kanazawa_266_310_87_59.png,6
kanazawa_266_310_160_93.png,1
kanazawa_266_310_104_88.png,6
kanazawa_266_310_125_196.png,1
kanazawa_266_310_212_144.png,6
kanazawa_266_310_229_183.png,3
kanazawa_266_310_30_158.png,5
kanazawa_266_310_100_244.png,5
kanazawa_266_310_158_23.png,6
kanazawa_266_310_150_76.png,5
kanazawa_266_310_54_85.png,6
kanazawa_266_310_151_246.png,3
kanazawa_266_310_35_150.png,5
kanazawa_266_310_73_263.png,6
kanazawa_266_310_230_235.png,3
kanazawa_266_310_132_67.png,6
kanazawa_266_310_221_30.png,3
kanazawa_266_310_181_127.png,3
kanazawa_266_310_55_244.png,6
kanazawa_266_310_87_285.png,1
kanazawa_266_310_229_92.png,3
kanazawa_266_310_206_164.png,3
kanazawa_266_310_174_17.png,6
kanazawa_266_310_180_111.png,3
kanazawa_266_310_168_96.png,3
kanazawa_266_310_222_120.png,3
kanazawa_266_310_247_229.png,3
kanazawa_266_310_170_150.png,3
kanazawa_266_310_24_131.png,3
kanazawa_266_310_192_14.png,6
kanazawa_266_310_256_202.png,3
kanazawa_266_310_221_170.png,3
kanazawa_266_310_167_33.png,6
kanazawa_266_310_52_142.png,5
kanazawa_266_310_170_216.png,3
kanazawa_266_310_141_33.png,6
kanazawa_266_310_138_63.png,6
kanazawa_266_310_72_56.png,6
kanazawa_266_310_181_261.png,3
kanazawa_266_310_135_35.png,6
kanazawa_266_310_42_116.png,6
kanazawa_266_310_116_62.png,6
kanazawa_266_310_148_42.png,6
kanazawa_266_310_32_90.png,6
kanazawa_266_310_76_62.png,6
kanazawa_266_310_171_226.png,3
kanazawa_266_310_232_122.png,3
kanazawa_266_310_245_187.png,3
kanazawa_266_310_188_162.png,3
kanazawa_266_310_85_162.png,3
kanazawa_266_310_42_120.png,6
kanazawa_266_310_28_121.png,6
kanazawa_266_310_63_69.png,6
kanazawa_266_310_116_124.png,1
kanazawa_266_310_48_67.png,6
kanazawa_266_310_137_35.png,6
kanazawa_266_310_83_71.png,6
kanazawa_266_310_78_239.png,1
kanazawa_266_310_18_63.png,6
kanazawa_266_310_57_197.png,3
kanazawa_266_310_198_82.png,3
kanazawa_266_310_50_161.png,3
kanazawa_266_310_218_128.png,3
kanazawa_266_310_115_142.png,3
kanazawa_266_310_77_73.png,6
kanazawa_266_310_97_248.png,1
kanazawa_266_310_70_267.png,6
kanazawa_266_310_37_202.png,3
kanazawa_266_310_12_80.png,6
kanazawa_266_310_46_101.png,6
kanazawa_266_310_206_195.png,3
kanazawa_266_310_195_223.png,3
kanazawa_266_310_229_60.png,3
kanazawa_266_310_144_65.png,3
kanazawa_266_310_232_184.png,4
kanazawa_266_310_212_233.png,3
kanazawa_266_310_176_29.png,6
kanazawa_266_310_121_248.png,5
kanazawa_266_310_50_279.png,6
kanazawa_266_310_10_102.png,6
kanazawa_266_310_106_285.png,1
kanazawa_266_310_57_108.png,6
kanazawa_266_310_100_171.png,3
kanazawa_266_310_145_157.png,3
kanazawa_266_310_195_244.png,3
kanazawa_266_310_92_215.png,1
kanazawa_266_310_46_248.png,6
kanazawa_266_310_203_160.png,3
kanazawa_266_310_35_170.png,3
kanazawa_266_310_90_43.png,6
kanazawa_266_310_96_225.png,1
kanazawa_266_310_252_214.png,3
kanazawa_266_310_13_109.png,6
kanazawa_266_310_189_261.png,3
kanazawa_266_310_182_101.png,3
kanazawa_266_310_145_31.png,6
kanazawa_266_310_79_292.png,1
kanazawa_266_310_201_237.png,3
kanazawa_266_310_88_71.png,6
kanazawa_266_310_98_207.png,5
kanazawa_266_310_88_239.png,5
kanazawa_266_310_206_158.png,3
kanazawa_266_310_115_134.png,5
kanazawa_266_310_187_13.png,6
kanazawa_266_310_169_148.png,3
kanazawa_266_310_115_124.png,1
kanazawa_266_310_238_203.png,3
kanazawa_266_310_42_270.png,6
kanazawa_266_310_105_283.png,1
kanazawa_266_310_96_243.png,1
kanazawa_266_310_36_87.png,6
kanazawa_266_310_137_120.png,3
kanazawa_266_310_199_160.png,3
kanazawa_266_310_128_56.png,6
kanazawa_266_310_195_126.png,3
kanazawa_266_310_100_280.png,1
kanazawa_266_310_125_140.png,3
kanazawa_266_310_70_49.png,6
kanazawa_266_310_80_283.png,6
kanazawa_266_310_108_108.png,5
kanazawa_266_310_69_233.png,6
kanazawa_266_310_188_38.png,5
kanazawa_266_310_46_227.png,6
kanazawa_266_310_165_46.png,6
kanazawa_266_310_123_253.png,5
kanazawa_266_310_93_54.png,6
kanazawa_266_310_43_179.png,3
kanazawa_266_310_226_102.png,3
kanazawa_266_310_120_74.png,6
kanazawa_266_310_181_132.png,3
kanazawa_266_310_105_206.png,1
kanazawa_266_310_205_129.png,3
kanazawa_266_310_132_102.png,5
kanazawa_266_310_129_242.png,3
kanazawa_266_310_88_47.png,6
kanazawa_266_310_76_111.png,6
kanazawa_266_310_73_193.png,3
kanazawa_266_310_113_211.png,1
kanazawa_266_310_198_139.png,3
kanazawa_266_310_185_264.png,3
kanazawa_266_310_79_112.png,6
kanazawa_266_310_186_261.png,3
kanazawa_266_310_123_81.png,3
kanazawa_266_310_137_152.png,6
kanazawa_266_310_53_141.png,5
kanazawa_266_310_121_78.png,1
kanazawa_266_310_29_117.png,6
kanazawa_266_310_191_242.png,3
kanazawa_266_310_63_228.png,6
kanazawa_266_310_93_226.png,1
kanazawa_266_310_160_28.png,6
kanazawa_266_310_38_200.png,3
kanazawa_266_310_202_130.png,3
kanazawa_266_310_38_249.png,6
kanazawa_266_310_89_98.png,6
kanazawa_266_310_195_136.png,3
kanazawa_266_310_41_257.png,6
kanazawa_266_310_62_108.png,6
kanazawa_266_310_207_217.png,3
kanazawa_266_310_111_157.png,3
kanazawa_266_310_67_280.png,6
kanazawa_266_310_140_192.png,5
kanazawa_266_310_93_204.png,5
kanazawa_266_310_62_266.png,6
kanazawa_266_310_133_50.png,6
kanazawa_266_310_249_222.png,3
kanazawa_266_310_192_207.png,3
kanazawa_266_310_86_125.png,3
kanazawa_266_310_31_110.png,6
kanazawa_266_310_20_106.png,6
kanazawa_266_310_90_286.png,1
kanazawa_266_310_115_152.png,3
kanazawa_266_310_78_294.png,6
kanazawa_266_310_193_222.png,3
kanazawa_266_310_94_100.png,6
kanazawa_266_310_11_99.png,6
kanazawa_266_310_230_151.png,3
kanazawa_266_310_187_133.png,3
kanazawa_266_310_238_214.png,3
kanazawa_266_310_181_116.png,3
kanazawa_266_310_91_167.png,3
kanazawa_266_310_232_140.png,3
kanazawa_266_310_157_99.png,1
kanazawa_266_310_43_230.png,6
kanazawa_266_310_110_59.png,6
kanazawa_266_310_118_252.png,5
kanazawa_266_310_188_232.png,3
kanazawa_266_310_124_205.png,5
kanazawa_266_310_138_81.png,1
kanazawa_266_310_239_126.png,3
kanazawa_266_310_173_200.png,3
kanazawa_266_310_53_52.png,6
kanazawa_266_310_61_115.png,6
kanazawa_266_310_208_233.png,3
kanazawa_266_310_208_98.png,3
kanazawa_266_310_43_115.png,6
kanazawa_266_310_29_71.png,6
kanazawa_266_310_212_158.png,3
kanazawa_266_310_144_236.png,3
kanazawa_266_310_108_170.png,5
kanazawa_266_310_148_136.png,3
kanazawa_266_310_117_120.png,1
kanazawa_266_310_205_18.png,2
kanazawa_266_310_27_125.png,6
kanazawa_266_310_65_284.png,6
kanazawa_266_310_108_59.png,6
kanazawa_266_310_141_61.png,6
kanazawa_266_310_149_230.png,3
kanazawa_266_310_192_114.png,3
kanazawa_266_310_195_159.png,3
kanazawa_266_310_211_200.png,3
kanazawa_266_310_160_52.png,3
kanazawa_266_310_114_251.png,5
kanazawa_266_310_139_26.png,6
kanazawa_266_310_42_266.png,6
kanazawa_266_310_221_164.png,3
kanazawa_266_310_187_208.png,3
kanazawa_266_310_122_247.png,5
kanazawa_266_310_243_226.png,3
kanazawa_266_310_90_225.png,1
kanazawa_266_310_158_83.png,5
kanazawa_266_310_29_181.png,3
kanazawa_266_310_152_208.png,3
kanazawa_266_310_166_63.png,5
kanazawa_266_310_76_58.png,6
kanazawa_266_310_98_38.png,6
kanazawa_266_310_242_189.png,3
kanazawa_266_310_250_188.png,3
kanazawa_266_310_65_298.png,6
kanazawa_266_310_171_39.png,6
kanazawa_266_310_223_82.png,3
kanazawa_266_310_192_218.png,3
kanazawa_266_310_233_216.png,3
kanazawa_266_310_187_230.png,3
kanazawa_266_310_229_214.png,6
kanazawa_266_310_72_277.png,6
kanazawa_266_310_17_62.png,6
kanazawa_266_310_128_278.png,5
kanazawa_266_310_210_232.png,3
kanazawa_266_310_86_181.png,3
kanazawa_266_310_239_211.png,3
kanazawa_266_310_176_100.png,3
kanazawa_266_310_222_227.png,3
kanazawa_266_310_96_97.png,6
kanazawa_266_310_215_164.png,3
kanazawa_266_310_179_239.png,3
kanazawa_266_310_100_282.png,1
kanazawa_266_310_105_188.png,5
kanazawa_266_310_144_265.png,3
kanazawa_266_310_107_37.png,6
kanazawa_266_310_224_132.png,3
kanazawa_266_310_144_51.png,6
kanazawa_266_310_207_131.png,3
kanazawa_266_310_263_236.png,3
kanazawa_266_310_87_217.png,1
kanazawa_266_310_119_213.png,5
kanazawa_266_310_222_36.png,3
kanazawa_266_310_107_86.png,6
kanazawa_266_310_215_16.png,5
kanazawa_266_310_149_221.png,3
kanazawa_266_310_79_117.png,3
kanazawa_266_310_233_95.png,3
kanazawa_266_310_157_51.png,6
kanazawa_266_310_227_135.png,3
kanazawa_266_310_124_162.png,5
kanazawa_266_310_212_229.png,6
kanazawa_266_310_196_18.png,6
kanazawa_266_310_181_154.png,3
kanazawa_266_310_152_38.png,6
kanazawa_266_310_126_84.png,3
kanazawa_266_310_189_115.png,3
kanazawa_266_310_146_180.png,5
kanazawa_266_310_50_52.png,6
kanazawa_266_310_78_244.png,3
kanazawa_266_310_58_226.png,6
kanazawa_266_310_191_219.png,3
kanazawa_266_310_164_145.png,3
kanazawa_266_310_233_238.png,3
kanazawa_266_310_66_70.png,6
kanazawa_266_310_12_111.png,6
kanazawa_266_310_34_187.png,3
kanazawa_266_310_231_232.png,3
kanazawa_266_310_149_45.png,6
kanazawa_266_310_53_110.png,6
kanazawa_266_310_143_54.png,6
kanazawa_266_310_154_209.png,3
kanazawa_266_310_176_50.png,5
kanazawa_266_310_207_174.png,3
kanazawa_266_310_123_41.png,6
kanazawa_266_310_40_69.png,6
kanazawa_266_310_57_220.png,6
kanazawa_266_310_56_77.png,6
kanazawa_266_310_147_111.png,1
kanazawa_266_310_153_185.png,5
kanazawa_266_310_171_31.png,6
kanazawa_266_310_114_276.png,1
kanazawa_266_310_237_138.png,3
kanazawa_266_310_125_237.png,5
kanazawa_266_310_74_295.png,6
kanazawa_266_310_138_102.png,1
kanazawa_266_310_154_66.png,5
kanazawa_266_310_216_151.png,3
kanazawa_266_310_69_259.png,6
kanazawa_266_310_216_141.png,3
kanazawa_266_310_91_86.png,6
kanazawa_266_310_193_238.png,3
kanazawa_266_310_18_76.png,6
kanazawa_266_310_165_205.png,3
kanazawa_266_310_92_49.png,6
kanazawa_266_310_151_197.png,3
kanazawa_266_310_74_245.png,6
kanazawa_266_310_45_111.png,6
kanazawa_266_310_38_80.png,6
kanazawa_266_310_136_93.png,1
kanazawa_266_310_137_128.png,3
kanazawa_266_310_117_117.png,5
kanazawa_266_310_54_169.png,5
kanazawa_266_310_59_181.png,3
kanazawa_266_310_244_176.png,3
kanazawa_266_310_193_197.png,3
kanazawa_266_310_91_241.png,5
kanazawa_266_310_67_269.png,6
kanazawa_266_310_221_75.png,3
kanazawa_266_310_49_270.png,6
kanazawa_266_310_217_227.png,3
kanazawa_266_310_25_137.png,5
kanazawa_266_310_55_286.png,6
kanazawa_266_310_115_77.png,6
kanazawa_266_310_201_259.png,3
kanazawa_266_310_199_199.png,3
kanazawa_266_310_205_133.png,3
kanazawa_266_310_207_164.png,3
kanazawa_266_310_121_215.png,5
kanazawa_266_310_180_169.png,3
kanazawa_266_310_9_86.png,6
kanazawa_266_310_139_130.png,3
kanazawa_266_310_94_285.png,5
kanazawa_266_310_13_119.png,6
kanazawa_266_310_84_99.png,6
kanazawa_266_310_186_217.png,3
kanazawa_266_310_107_233.png,5
kanazawa_266_310_252_209.png,3
kanazawa_266_310_62_118.png,6
kanazawa_266_310_135_156.png,5
kanazawa_266_310_179_136.png,3
kanazawa_266_310_243_195.png,3
kanazawa_266_310_109_97.png,6
kanazawa_266_310_18_69.png,6
kanazawa_266_310_212_188.png,3
kanazawa_266_310_227_200.png,3
kanazawa_266_310_193_144.png,3
kanazawa_266_310_99_70.png,6
kanazawa_266_310_171_93.png,3
kanazawa_266_310_173_104.png,3
kanazawa_266_310_174_192.png,3
kanazawa_266_310_136_33.png,6
kanazawa_266_310_201_53.png,3
kanazawa_266_310_109_70.png,6
kanazawa_266_310_156_231.png,3
kanazawa_266_310_246_240.png,3
kanazawa_266_310_117_257.png,1
kanazawa_266_310_202_94.png,3
kanazawa_266_310_252_198.png,3
kanazawa_266_310_91_82.png,6
kanazawa_266_310_41_182.png,3
kanazawa_266_310_137_204.png,5
kanazawa_266_310_171_135.png,3
kanazawa_266_310_44_287.png,6
kanazawa_266_310_41_274.png,6
kanazawa_266_310_85_78.png,6
kanazawa_266_310_29_88.png,6
kanazawa_266_310_21_136.png,6
kanazawa_266_310_153_49.png,6
kanazawa_266_310_114_151.png,3
kanazawa_266_310_69_91.png,6
kanazawa_266_310_78_234.png,1
kanazawa_266_310_171_266.png,3
kanazawa_266_310_238_186.png,3
kanazawa_266_310_179_140.png,3
kanazawa_266_310_54_226.png,6
kanazawa_266_310_168_58.png,5
kanazawa_266_310_220_20.png,5
kanazawa_266_310_217_13.png,5
kanazawa_266_310_16_89.png,6
kanazawa_266_310_218_156.png,3
kanazawa_266_310_66_115.png,6
kanazawa_266_310_214_24.png,2
kanazawa_266_310_168_38.png,6
kanazawa_266_310_91_211.png,1
kanazawa_266_310_86_92.png,6
kanazawa_266_310_188_179.png,3
kanazawa_266_310_15_79.png,6
kanazawa_266_310_214_160.png,3
kanazawa_266_310_245_157.png,3
kanazawa_266_310_212_97.png,3
kanazawa_266_310_235_202.png,3
kanazawa_266_310_67_95.png,6
kanazawa_266_310_235_187.png,3
kanazawa_266_310_64_137.png,5
kanazawa_266_310_179_213.png,3
kanazawa_266_310_70_252.png,6
kanazawa_266_310_73_172.png,3
kanazawa_266_310_51_89.png,6
kanazawa_266_310_171_185.png,3
kanazawa_266_310_227_76.png,3
kanazawa_266_310_185_19.png,6
kanazawa_266_310_113_79.png,6
kanazawa_266_310_171_239.png,3
kanazawa_266_310_189_150.png,3
kanazawa_266_310_61_111.png,6
kanazawa_266_310_47_74.png,6
kanazawa_266_310_72_132.png,5
kanazawa_266_310_11_66.png,6
kanazawa_266_310_65_296.png,6
kanazawa_266_310_195_116.png,3
kanazawa_266_310_224_106.png,3
kanazawa_266_310_204_106.png,3
kanazawa_266_310_90_240.png,5
kanazawa_266_310_33_157.png,5
kanazawa_266_310_176_97.png,3
kanazawa_266_310_243_161.png,3
kanazawa_266_310_162_61.png,5
kanazawa_266_310_97_238.png,1
kanazawa_266_310_44_177.png,3
kanazawa_266_310_18_120.png,6
kanazawa_266_310_56_245.png,6
kanazawa_266_310_171_98.png,3
kanazawa_266_310_115_194.png,5
kanazawa_266_310_231_120.png,3
kanazawa_266_310_119_127.png,3
kanazawa_266_310_131_197.png,5
kanazawa_266_310_114_146.png,3
kanazawa_266_310_233_248.png,3
kanazawa_266_310_109_211.png,1
kanazawa_266_310_25_116.png,6
kanazawa_266_310_203_35.png,1
kanazawa_266_310_169_49.png,1
kanazawa_266_310_37_228.png,6
kanazawa_266_310_46_297.png,6
kanazawa_266_310_106_156.png,3
kanazawa_266_310_251_189.png,3
kanazawa_266_310_148_205.png,3
kanazawa_266_310_163_67.png,5
kanazawa_266_310_80_236.png,1
kanazawa_266_310_72_101.png,6
kanazawa_266_310_136_111.png,3
kanazawa_266_310_176_156.png,3
kanazawa_266_310_181_21.png,6
kanazawa_266_310_112_54.png,6
kanazawa_266_310_57_66.png,6
kanazawa_266_310_213_81.png,3
kanazawa_266_310_51_244.png,6
kanazawa_266_310_229_140.png,3
kanazawa_266_310_217_125.png,3
kanazawa_266_310_154_252.png,3
kanazawa_266_310_187_104.png,3
kanazawa_266_310_204_142.png,3
kanazawa_266_310_212_167.png,3
kanazawa_266_310_256_207.png,3
kanazawa_266_310_219_172.png,3
kanazawa_266_310_68_105.png,6
kanazawa_266_310_187_109.png,3
kanazawa_266_310_89_271.png,5
kanazawa_266_310_65_295.png,6
kanazawa_266_310_166_194.png,3
kanazawa_266_310_228_208.png,3
kanazawa_266_310_34_116.png,6
kanazawa_266_310_151_137.png,3
kanazawa_266_310_231_140.png,3
kanazawa_266_310_96_148.png,3
kanazawa_266_310_33_103.png,6
kanazawa_266_310_122_195.png,1
kanazawa_266_310_72_195.png,3
kanazawa_266_310_52_293.png,6
kanazawa_266_310_160_92.png,1
kanazawa_266_310_165_117.png,3
kanazawa_266_310_14_111.png,6
kanazawa_266_310_51_115.png,6
kanazawa_266_310_60_49.png,6
kanazawa_266_310_53_225.png,6
kanazawa_266_310_206_190.png,3
kanazawa_266_310_99_204.png,5
kanazawa_266_310_202_223.png,3
kanazawa_266_310_189_72.png,3
kanazawa_266_310_239_137.png,3
kanazawa_266_310_148_161.png,5
kanazawa_266_310_136_205.png,5
kanazawa_266_310_164_245.png,3
kanazawa_266_310_169_219.png,3
kanazawa_266_310_86_188.png,3
kanazawa_266_310_130_144.png,3
kanazawa_266_310_204_86.png,5
kanazawa_266_310_133_55.png,6
kanazawa_266_310_142_100.png,1
kanazawa_266_310_207_141.png,3
kanazawa_266_310_63_233.png,6
kanazawa_266_310_65_161.png,3
kanazawa_266_310_121_98.png,1
kanazawa_266_310_173_189.png,3
kanazawa_266_310_220_241.png,3
kanazawa_266_310_210_108.png,3
kanazawa_266_310_19_87.png,6
kanazawa_266_310_64_128.png,3
kanazawa_266_310_229_163.png,3
kanazawa_266_310_228_181.png,3
kanazawa_266_310_197_10.png,6
kanazawa_266_310_43_85.png,6
kanazawa_266_310_45_284.png,6
kanazawa_266_310_93_71.png,6
kanazawa_266_310_96_233.png,5
kanazawa_266_310_147_102.png,1
kanazawa_266_310_61_255.png,6
kanazawa_266_310_64_66.png,6
kanazawa_266_310_58_253.png,6
kanazawa_266_310_37_143.png,5
kanazawa_266_310_197_256.png,3
kanazawa_266_310_134_180.png,5
kanazawa_266_310_38_98.png,6
kanazawa_266_310_221_224.png,6
kanazawa_266_310_49_75.png,6
kanazawa_266_310_61_296.png,6
kanazawa_266_310_59_247.png,6
kanazawa_266_310_215_42.png,3
kanazawa_266_310_159_52.png,6
kanazawa_266_310_145_75.png,5
kanazawa_266_310_62_289.png,6
kanazawa_266_310_114_261.png,1
kanazawa_266_310_199_150.png,3
kanazawa_266_310_233_143.png,3
kanazawa_266_310_121_96.png,1
kanazawa_266_310_173_136.png,3
kanazawa_266_310_230_187.png,3
kanazawa_266_310_23_77.png,6
kanazawa_266_310_207_211.png,3
kanazawa_266_310_72_194.png,3
kanazawa_266_310_172_99.png,3
kanazawa_266_310_190_114.png,3
kanazawa_266_310_203_34.png,1
kanazawa_266_310_192_32.png,5
kanazawa_266_310_221_185.png,3
kanazawa_266_310_56_83.png,6
kanazawa_266_310_232_124.png,3
kanazawa_266_310_33_198.png,3
kanazawa_266_310_194_182.png,3
kanazawa_266_310_168_73.png,5
kanazawa_266_310_125_139.png,3
kanazawa_266_310_155_184.png,5
kanazawa_266_310_145_186.png,5
kanazawa_266_310_133_202.png,5
kanazawa_266_310_257_236.png,3
kanazawa_266_310_75_45.png,6
kanazawa_266_310_52_232.png,6
kanazawa_266_310_186_220.png,3
kanazawa_266_310_114_68.png,6
kanazawa_266_310_100_78.png,6
kanazawa_266_310_179_207.png,3
kanazawa_266_310_118_39.png,6
kanazawa_266_310_188_35.png,5
kanazawa_266_310_220_151.png,3
kanazawa_266_310_96_252.png,1
kanazawa_266_310_237_243.png,3
kanazawa_266_310_95_81.png,6
kanazawa_266_310_41_173.png,3
kanazawa_266_310_47_256.png,6
kanazawa_266_310_34_64.png,6
kanazawa_266_310_111_89.png,6
kanazawa_266_310_105_281.png,1
kanazawa_266_310_67_127.png,2
kanazawa_266_310_188_128.png,3
kanazawa_266_310_199_30.png,5
kanazawa_266_310_69_244.png,6
kanazawa_266_310_16_121.png,6
kanazawa_266_310_220_22.png,1
kanazawa_266_310_131_91.png,1
kanazawa_266_310_190_201.png,3
kanazawa_266_310_183_51.png,1
kanazawa_266_310_184_121.png,3
kanazawa_266_310_37_208.png,5
kanazawa_266_310_194_164.png,3
kanazawa_266_310_193_119.png,3
kanazawa_266_310_70_218.png,3
kanazawa_266_310_22_125.png,6
kanazawa_266_310_50_176.png,3
kanazawa_266_310_188_37.png,5
kanazawa_266_310_114_253.png,5
kanazawa_266_310_212_201.png,3
kanazawa_266_310_20_101.png,6
kanazawa_266_310_82_142.png,3
kanazawa_266_310_46_251.png,6
kanazawa_266_310_195_206.png,3
kanazawa_266_310_69_269.png,6
kanazawa_266_310_178_266.png,3
kanazawa_266_310_172_29.png,6
kanazawa_266_310_198_205.png,3
kanazawa_266_310_142_47.png,6
kanazawa_266_310_239_239.png,3
kanazawa_266_310_39_254.png,6
kanazawa_266_310_223_171.png,3
kanazawa_266_310_204_172.png,3
kanazawa_266_310_101_119.png,5
kanazawa_266_310_69_80.png,6
kanazawa_266_310_66_86.png,6
kanazawa_266_310_154_26.png,6
kanazawa_266_310_91_254.png,5
kanazawa_266_310_146_174.png,5
kanazawa_266_310_184_26.png,6
kanazawa_266_310_106_75.png,6
kanazawa_266_310_192_147.png,3
kanazawa_266_310_228_86.png,3
kanazawa_266_310_39_77.png,6
kanazawa_266_310_172_100.png,3
kanazawa_266_310_166_28.png,6
kanazawa_266_310_202_187.png,3
kanazawa_266_310_166_87.png,5
kanazawa_266_310_43_160.png,3
kanazawa_266_310_165_92.png,3
kanazawa_266_310_159_262.png,3
kanazawa_266_310_35_143.png,5
kanazawa_266_310_215_183.png,3
kanazawa_266_310_115_258.png,1
kanazawa_266_310_181_124.png,3
kanazawa_266_310_52_180.png,3
kanazawa_266_310_166_198.png,3
kanazawa_266_310_29_172.png,3
kanazawa_266_310_67_236.png,6
kanazawa_266_310_192_237.png,3
kanazawa_266_310_244_185.png,3
kanazawa_266_310_9_97.png,6
kanazawa_266_310_197_118.png,3
kanazawa_266_310_146_173.png,5
kanazawa_266_310_231_167.png,3
kanazawa_266_310_258_211.png,3
kanazawa_266_310_124_282.png,5
kanazawa_266_310_99_182.png,5
kanazawa_266_310_234_230.png,3
kanazawa_266_310_124_67.png,6
kanazawa_266_310_95_64.png,6
kanazawa_266_310_118_72.png,6
kanazawa_266_310_57_238.png,6
kanazawa_266_310_110_195.png,5
kanazawa_266_310_83_73.png,6
kanazawa_266_310_101_149.png,3
kanazawa_266_310_45_65.png,6
kanazawa_266_310_156_74.png,1
kanazawa_266_310_194_39.png,1
kanazawa_266_310_121_80.png,3
kanazawa_266_310_171_215.png,3
kanazawa_266_310_132_36.png,6
kanazawa_266_310_227_105.png,3
kanazawa_266_310_223_100.png,3
kanazawa_266_310_237_229.png,3
kanazawa_266_310_104_288.png,1
kanazawa_266_310_95_186.png,5
kanazawa_266_310_17_115.png,6
kanazawa_266_310_124_140.png,3
kanazawa_266_310_110_110.png,5
kanazawa_266_310_202_231.png,3
kanazawa_266_310_41_130.png,6
kanazawa_266_310_70_254.png,6
kanazawa_266_310_200_176.png,3
kanazawa_266_310_190_148.png,3
kanazawa_266_310_206_118.png,3
kanazawa_266_310_109_65.png,6
kanazawa_266_310_118_107.png,3
kanazawa_266_310_63_241.png,6
kanazawa_266_310_164_146.png,3
kanazawa_266_310_103_64.png,6
kanazawa_266_310_38_79.png,6
kanazawa_266_310_139_95.png,1
kanazawa_266_310_122_177.png,5
kanazawa_266_310_31_57.png,6
kanazawa_266_310_56_228.png,6
kanazawa_266_310_136_61.png,6
kanazawa_266_310_205_95.png,3
kanazawa_266_310_154_32.png,6
kanazawa_266_310_236_129.png,3
kanazawa_266_310_204_200.png,3
kanazawa_266_310_168_151.png,3
kanazawa_266_310_69_105.png,6
kanazawa_266_310_47_132.png,6
kanazawa_266_310_165_255.png,3
kanazawa_266_310_35_58.png,6
kanazawa_266_310_189_228.png,3
kanazawa_266_310_66_282.png,6
kanazawa_266_310_63_274.png,6
kanazawa_266_310_245_240.png,3
kanazawa_266_310_50_70.png,6
kanazawa_266_310_145_113.png,3
kanazawa_266_310_155_189.png,5
kanazawa_266_310_208_217.png,3
kanazawa_266_310_35_238.png,6
kanazawa_266_310_124_53.png,6
kanazawa_266_310_134_34.png,6
kanazawa_266_310_250_175.png,3
kanazawa_266_310_153_153.png,3
kanazawa_266_310_98_72.png,6
kanazawa_266_310_31_124.png,6
kanazawa_266_310_215_240.png,3
kanazawa_266_310_128_144.png,5
kanazawa_266_310_227_117.png,3
kanazawa_266_310_178_240.png,3
kanazawa_266_310_188_139.png,3
kanazawa_266_310_218_77.png,3
kanazawa_266_310_107_275.png,1
kanazawa_266_310_164_75.png,5
kanazawa_266_310_73_272.png,6
kanazawa_266_310_204_136.png,3
kanazawa_266_310_128_87.png,6
kanazawa_266_310_229_234.png,3
kanazawa_266_310_100_52.png,6
kanazawa_266_310_257_215.png,3
kanazawa_266_310_157_176.png,5
kanazawa_266_310_122_164.png,5
kanazawa_266_310_49_128.png,6
kanazawa_266_310_189_46.png,1
kanazawa_266_310_170_125.png,3
kanazawa_266_310_142_52.png,6
kanazawa_266_310_217_250.png,3
kanazawa_266_310_146_90.png,1
kanazawa_266_310_123_79.png,3
kanazawa_266_310_12_83.png,6
kanazawa_266_310_239_176.png,3
kanazawa_266_310_204_226.png,3
kanazawa_266_310_108_35.png,6
kanazawa_266_310_168_144.png,3
kanazawa_266_310_77_109.png,6
kanazawa_266_310_113_214.png,5
kanazawa_266_310_109_122.png,1
kanazawa_266_310_112_277.png,1
kanazawa_266_310_118_89.png,3
kanazawa_266_310_54_273.png,6
kanazawa_266_310_117_122.png,1
kanazawa_266_310_219_198.png,3
kanazawa_266_310_93_124.png,3
kanazawa_266_310_231_242.png,3
kanazawa_266_310_34_155.png,5
kanazawa_266_310_124_104.png,5
kanazawa_266_310_223_101.png,3
kanazawa_266_310_74_298.png,6
kanazawa_266_310_187_248.png,3
kanazawa_266_310_7_89.png,6
kanazawa_266_310_82_146.png,3
kanazawa_266_310_249_203.png,3
kanazawa_266_310_72_285.png,6
kanazawa_266_310_60_80.png,6
kanazawa_266_310_59_84.png,6
kanazawa_266_310_124_61.png,6
kanazawa_266_310_81_292.png,6
kanazawa_266_310_51_234.png,6
kanazawa_266_310_51_63.png,6
kanazawa_266_310_173_250.png,3
kanazawa_266_310_176_86.png,5
kanazawa_266_310_70_202.png,3
kanazawa_266_310_128_52.png,6
kanazawa_266_310_213_34.png,5
kanazawa_266_310_209_140.png,3
kanazawa_266_310_73_69.png,6
kanazawa_266_310_112_178.png,5
kanazawa_266_310_171_249.png,3
kanazawa_266_310_59_284.png,6
kanazawa_266_310_145_57.png,6
kanazawa_266_310_146_89.png,1
kanazawa_266_310_171_127.png,3
kanazawa_266_310_187_179.png,3
kanazawa_266_310_143_96.png,1
kanazawa_266_310_190_202.png,3
kanazawa_266_310_146_91.png,1
kanazawa_266_310_98_216.png,5
kanazawa_266_310_224_92.png,3
kanazawa_266_310_158_75.png,1
kanazawa_266_310_221_166.png,3
kanazawa_266_310_11_114.png,6
kanazawa_266_310_78_83.png,6
kanazawa_266_310_84_84.png,6
kanazawa_266_310_126_90.png,5
kanazawa_266_310_25_138.png,5
kanazawa_266_310_40_114.png,6
kanazawa_266_310_184_24.png,6
kanazawa_266_310_161_192.png,3
kanazawa_266_310_224_253.png,3
kanazawa_266_310_33_126.png,6
kanazawa_266_310_155_172.png,5
kanazawa_266_310_56_108.png,6
kanazawa_266_310_192_91.png,3
kanazawa_266_310_192_122.png,3
kanazawa_266_310_162_24.png,6
kanazawa_266_310_79_83.png,6
kanazawa_266_310_216_162.png,3
kanazawa_266_310_224_119.png,3
kanazawa_266_310_126_149.png,3
kanazawa_266_310_135_41.png,6
kanazawa_266_310_62_260.png,6
kanazawa_266_310_221_74.png,3
kanazawa_266_310_220_246.png,3
kanazawa_266_310_76_45.png,6
kanazawa_266_310_193_236.png,3
kanazawa_266_310_213_115.png,3
kanazawa_266_310_191_229.png,3
kanazawa_266_310_237_225.png,3
kanazawa_266_310_119_236.png,3
kanazawa_266_310_86_286.png,5
kanazawa_266_310_43_212.png,3
kanazawa_266_310_195_160.png,3
kanazawa_266_310_188_14.png,6
kanazawa_266_310_22_134.png,3
kanazawa_266_310_47_191.png,3
kanazawa_266_310_175_95.png,3
kanazawa_266_310_125_84.png,3
kanazawa_266_310_107_41.png,6
kanazawa_266_310_65_106.png,6
kanazawa_266_310_87_234.png,5
kanazawa_266_310_107_277.png,1
kanazawa_266_310_203_197.png,3
kanazawa_266_310_83_148.png,3
kanazawa_266_310_90_42.png,6
kanazawa_266_310_214_150.png,3
kanazawa_266_310_38_222.png,6
kanazawa_266_310_215_190.png,3
kanazawa_266_310_48_171.png,3
kanazawa_266_310_168_89.png,5
kanazawa_266_310_91_53.png,6
kanazawa_266_310_146_33.png,6
kanazawa_266_310_201_104.png,3
kanazawa_266_310_192_39.png,1
kanazawa_266_310_149_267.png,3
kanazawa_266_310_192_46.png,1
kanazawa_266_310_148_201.png,3
kanazawa_266_310_80_150.png,3
kanazawa_266_310_87_171.png,3
kanazawa_266_310_145_220.png,3
kanazawa_266_310_136_155.png,5
kanazawa_266_310_171_183.png,3
kanazawa_266_310_23_131.png,3
kanazawa_266_310_46_100.png,6
kanazawa_266_310_122_281.png,5
kanazawa_266_310_138_109.png,1
kanazawa_266_310_118_110.png,6
kanazawa_266_310_59_70.png,6
kanazawa_266_310_174_186.png,3
kanazawa_266_310_44_102.png,6
kanazawa_266_310_86_265.png,5
kanazawa_266_310_43_109.png,6
kanazawa_266_310_224_193.png,3
kanazawa_266_310_222_102.png,3
kanazawa_266_310_27_133.png,3
kanazawa_266_310_115_54.png,6
kanazawa_266_310_61_176.png,3
kanazawa_266_310_232_186.png,3
kanazawa_266_310_163_64.png,1
kanazawa_266_310_61_221.png,6
kanazawa_266_310_68_296.png,6
kanazawa_266_310_215_200.png,3
kanazawa_266_310_185_148.png,3
kanazawa_266_310_110_64.png,6
kanazawa_266_310_31_184.png,3
kanazawa_266_310_126_61.png,6
kanazawa_266_310_79_58.png,6
kanazawa_266_310_165_267.png,3
kanazawa_266_310_181_152.png,3
kanazawa_266_310_83_48.png,6
kanazawa_266_310_29_90.png,6
kanazawa_266_310_55_236.png,6
kanazawa_266_310_41_248.png,6
kanazawa_266_310_71_124.png,3
kanazawa_266_310_150_60.png,3
kanazawa_266_310_62_252.png,6
kanazawa_266_310_61_66.png,6
kanazawa_266_310_241_214.png,3
kanazawa_266_310_148_168.png,5
kanazawa_266_310_13_93.png,6
kanazawa_266_310_153_100.png,1
kanazawa_266_310_178_264.png,3
kanazawa_266_310_165_133.png,3
kanazawa_266_310_151_275.png,3
kanazawa_266_310_170_66.png,5
kanazawa_266_310_68_60.png,6
kanazawa_266_310_96_170.png,3
kanazawa_266_310_104_171.png,3
kanazawa_266_310_144_173.png,5
kanazawa_266_310_225_167.png,3
kanazawa_266_310_96_279.png,1
kanazawa_266_310_207_150.png,3
kanazawa_266_310_46_301.png,6
kanazawa_266_310_187_14.png,6
kanazawa_266_310_219_13.png,5
kanazawa_266_310_36_142.png,5
kanazawa_266_310_98_63.png,6
kanazawa_266_310_179_194.png,3
kanazawa_266_310_221_194.png,3
kanazawa_266_310_138_104.png,1
kanazawa_266_310_30_155.png,5
kanazawa_266_310_66_84.png,6
kanazawa_266_310_219_144.png,3
kanazawa_266_310_233_79.png,3
kanazawa_266_310_220_226.png,6
kanazawa_266_310_189_195.png,3
kanazawa_266_310_240_206.png,3
kanazawa_266_310_200_111.png,3
kanazawa_266_310_70_232.png,6
kanazawa_266_310_165_54.png,5
kanazawa_266_310_195_48.png,5
kanazawa_266_310_34_237.png,6
kanazawa_266_310_56_76.png,6
kanazawa_266_310_224_240.png,3
kanazawa_266_310_233_92.png,3
kanazawa_266_310_46_260.png,6
kanazawa_266_310_176_78.png,5
kanazawa_266_310_118_146.png,3
kanazawa_266_310_170_269.png,3
kanazawa_266_310_119_128.png,3
kanazawa_266_310_207_177.png,3
kanazawa_266_310_104_163.png,3
kanazawa_266_310_184_27.png,6
kanazawa_266_310_125_134.png,3
kanazawa_266_310_203_42.png,5
kanazawa_266_310_113_65.png,6
kanazawa_266_310_227_106.png,3
kanazawa_266_310_237_158.png,6
kanazawa_266_310_30_82.png,6
kanazawa_266_310_11_75.png,6
kanazawa_266_310_36_149.png,5
kanazawa_266_310_148_175.png,5
kanazawa_266_310_191_55.png,5
kanazawa_266_310_124_206.png,5
kanazawa_266_310_128_69.png,6
kanazawa_266_310_91_227.png,1
kanazawa_266_310_80_84.png,6
kanazawa_266_310_60_90.png,6
kanazawa_266_310_174_253.png,3
kanazawa_266_310_230_246.png,3
kanazawa_266_310_148_189.png,5
kanazawa_266_310_122_52.png,6
kanazawa_266_310_117_67.png,6
kanazawa_266_310_147_222.png,3
kanazawa_266_310_35_213.png,5
kanazawa_266_310_163_234.png,3
kanazawa_266_310_182_53.png,1
kanazawa_266_310_121_102.png,1
kanazawa_266_310_139_94.png,1
kanazawa_266_310_207_21.png,5
kanazawa_266_310_26_117.png,6
kanazawa_266_310_122_134.png,5
kanazawa_266_310_231_135.png,3
kanazawa_266_310_76_296.png,6
kanazawa_266_310_130_52.png,6
kanazawa_266_310_62_248.png,6
kanazawa_266_310_57_287.png,6
kanazawa_266_310_75_158.png,3
kanazawa_266_310_34_171.png,3
kanazawa_266_310_106_84.png,6
kanazawa_266_310_64_57.png,6
kanazawa_266_310_218_168.png,3
kanazawa_266_310_202_163.png,3
kanazawa_266_310_182_169.png,3
kanazawa_266_310_147_95.png,1
kanazawa_266_310_119_44.png,6
kanazawa_266_310_56_125.png,6
kanazawa_266_310_87_127.png,3
kanazawa_266_310_183_157.png,3
kanazawa_266_310_109_257.png,5
kanazawa_266_310_229_95.png,3
kanazawa_266_310_149_254.png,3
kanazawa_266_310_139_45.png,6
kanazawa_266_310_109_123.png,1
kanazawa_266_310_233_141.png,6
kanazawa_266_310_153_85.png,1
kanazawa_266_310_198_141.png,3
kanazawa_266_310_233_244.png,3
kanazawa_266_310_93_257.png,5
kanazawa_266_310_167_235.png,3
kanazawa_266_310_91_108.png,6
kanazawa_266_310_206_229.png,3
kanazawa_266_310_172_194.png,3
kanazawa_266_310_184_215.png,3
kanazawa_266_310_212_250.png,3
kanazawa_266_310_124_60.png,6
kanazawa_266_310_105_37.png,6
kanazawa_266_310_78_70.png,6
kanazawa_266_310_62_177.png,5
kanazawa_266_310_242_190.png,3
kanazawa_266_310_74_212.png,3
kanazawa_266_310_190_238.png,3
kanazawa_266_310_246_184.png,3
kanazawa_266_310_142_27.png,6
kanazawa_266_310_186_265.png,3
kanazawa_266_310_120_134.png,3
kanazawa_266_310_121_200.png,5
kanazawa_266_310_184_176.png,3
kanazawa_266_310_61_91.png,6
kanazawa_266_310_53_235.png,6
kanazawa_266_310_122_102.png,1
kanazawa_266_310_78_57.png,6
kanazawa_266_310_62_238.png,6
kanazawa_266_310_180_79.png,5
kanazawa_266_310_51_261.png,6
kanazawa_266_310_110_162.png,3
kanazawa_266_310_133_258.png,5
kanazawa_266_310_231_99.png,3
kanazawa_266_310_53_51.png,6
kanazawa_266_310_97_195.png,5
kanazawa_266_310_102_208.png,5
kanazawa_266_310_124_197.png,1
kanazawa_266_310_63_217.png,3
kanazawa_266_310_65_236.png,6
kanazawa_266_310_166_75.png,5
kanazawa_266_310_59_240.png,6
kanazawa_266_310_90_86.png,6
kanazawa_266_310_147_88.png,1
kanazawa_266_310_154_47.png,6
kanazawa_266_310_187_150.png,3
kanazawa_266_310_62_215.png,3
kanazawa_266_310_47_56.png,6
kanazawa_266_310_215_57.png,3
kanazawa_266_310_92_255.png,5
kanazawa_266_310_53_65.png,6
kanazawa_266_310_140_100.png,1
kanazawa_266_310_194_205.png,3
kanazawa_266_310_90_108.png,6
kanazawa_266_310_243_159.png,3
kanazawa_266_310_53_214.png,6
kanazawa_266_310_67_117.png,6
kanazawa_266_310_180_214.png,3
kanazawa_266_310_196_199.png,3
kanazawa_266_310_217_104.png,3
kanazawa_266_310_30_99.png,6
kanazawa_266_310_48_131.png,3
kanazawa_266_310_84_48.png,6
kanazawa_266_310_99_221.png,5
kanazawa_266_310_162_243.png,3
kanazawa_266_310_45_255.png,6
kanazawa_266_310_248_192.png,3
kanazawa_266_310_174_222.png,3
kanazawa_266_310_54_212.png,6
kanazawa_266_310_92_141.png,3
kanazawa_266_310_13_112.png,6
kanazawa_266_310_224_168.png,3
kanazawa_266_310_191_186.png,3
kanazawa_266_310_119_103.png,3
kanazawa_266_310_197_136.png,3
kanazawa_266_310_106_126.png,3
kanazawa_266_310_211_140.png,3
kanazawa_266_310_210_79.png,3
kanazawa_266_310_27_117.png,6
kanazawa_266_310_243_132.png,3
kanazawa_266_310_189_44.png,5
kanazawa_266_310_201_160.png,3
kanazawa_266_310_228_115.png,3
kanazawa_266_310_184_137.png,3
kanazawa_266_310_95_142.png,3
kanazawa_266_310_224_95.png,3
kanazawa_266_310_196_16.png,6
kanazawa_266_310_81_56.png,6
kanazawa_266_310_212_247.png,3
kanazawa_266_310_87_130.png,3
kanazawa_266_310_52_253.png,6
kanazawa_266_310_181_225.png,3
kanazawa_266_310_240_156.png,3
kanazawa_266_310_183_112.png,3
kanazawa_266_310_233_122.png,3
kanazawa_266_310_236_155.png,3
kanazawa_266_310_241_192.png,3
kanazawa_266_310_225_187.png,3
kanazawa_266_310_9_77.png,6
kanazawa_266_310_83_102.png,6
kanazawa_266_310_53_123.png,6
kanazawa_266_310_107_85.png,6
kanazawa_266_310_106_200.png,1
kanazawa_266_310_149_234.png,3
kanazawa_266_310_51_259.png,6
kanazawa_266_310_66_73.png,6
kanazawa_266_310_135_243.png,3
kanazawa_266_310_164_43.png,3
kanazawa_266_310_70_78.png,6
kanazawa_266_310_165_124.png,3
kanazawa_266_310_259_228.png,3
kanazawa_266_310_218_135.png,3
kanazawa_266_310_232_191.png,3
kanazawa_266_310_143_38.png,6
kanazawa_266_310_36_121.png,6
kanazawa_266_310_100_174.png,3
kanazawa_266_310_183_141.png,3
kanazawa_266_310_214_129.png,3
kanazawa_266_310_60_124.png,6
kanazawa_266_310_7_76.png,6
kanazawa_266_310_210_231.png,3
kanazawa_266_310_70_263.png,6
kanazawa_266_310_61_139.png,3
kanazawa_266_310_151_97.png,1
kanazawa_266_310_13_129.png,6
kanazawa_266_310_193_57.png,1
kanazawa_266_310_101_65.png,6
kanazawa_266_310_131_62.png,6
kanazawa_266_310_68_239.png,6
kanazawa_266_310_23_107.png,6
kanazawa_266_310_235_193.png,3
kanazawa_266_310_95_49.png,6
kanazawa_266_310_154_25.png,6
kanazawa_266_310_68_261.png,6
kanazawa_266_310_50_142.png,5
kanazawa_266_310_124_253.png,5
kanazawa_266_310_122_55.png,6
kanazawa_266_310_173_63.png,5
kanazawa_266_310_136_47.png,6
kanazawa_266_310_95_148.png,3
kanazawa_266_310_5_76.png,6
kanazawa_266_310_100_105.png,3
kanazawa_266_310_223_110.png,3
kanazawa_266_310_181_114.png,3
kanazawa_266_310_156_222.png,3
kanazawa_266_310_43_283.png,6
kanazawa_266_310_172_253.png,3
kanazawa_266_310_88_130.png,3
kanazawa_266_310_91_212.png,1
kanazawa_266_310_205_198.png,3
kanazawa_266_310_102_69.png,6
kanazawa_266_310_133_181.png,5
kanazawa_266_310_39_177.png,3
kanazawa_266_310_178_101.png,3
kanazawa_266_310_96_68.png,6
kanazawa_266_310_240_221.png,3
kanazawa_266_310_76_275.png,6
kanazawa_266_310_99_93.png,6
kanazawa_266_310_120_171.png,5
kanazawa_266_310_193_93.png,3
kanazawa_266_310_251_216.png,3
kanazawa_266_310_145_170.png,5
kanazawa_266_310_63_48.png,6
kanazawa_266_310_113_85.png,6
kanazawa_266_310_73_46.png,6
kanazawa_266_310_49_255.png,6
kanazawa_266_310_225_118.png,3
kanazawa_266_310_210_188.png,3
kanazawa_266_310_51_78.png,6
kanazawa_266_310_62_112.png,6
kanazawa_266_310_37_153.png,5
kanazawa_266_310_147_190.png,5
kanazawa_266_310_236_185.png,3
kanazawa_266_310_43_88.png,6
kanazawa_266_310_51_193.png,5
kanazawa_266_310_72_258.png,6
kanazawa_266_310_209_227.png,3
kanazawa_266_310_49_189.png,5
kanazawa_266_310_14_112.png,6
kanazawa_266_310_212_213.png,3
kanazawa_266_310_153_102.png,1
kanazawa_266_310_43_91.png,6
kanazawa_266_310_43_103.png,6
kanazawa_266_310_156_213.png,3
kanazawa_266_310_175_48.png,5
kanazawa_266_310_68_224.png,6
kanazawa_266_310_77_98.png,6
kanazawa_266_310_128_255.png,5
kanazawa_266_310_113_121.png,5
kanazawa_266_310_24_75.png,6
kanazawa_266_310_249_245.png,3
kanazawa_266_310_16_93.png,6
kanazawa_266_310_190_49.png,5
kanazawa_266_310_246_154.png,3
kanazawa_266_310_190_41.png,1
kanazawa_266_310_179_86.png,5
kanazawa_266_310_202_258.png,3
kanazawa_266_310_34_188.png,3
kanazawa_266_310_221_231.png,3
kanazawa_266_310_48_107.png,6
kanazawa_266_310_185_27.png,6
kanazawa_266_310_160_106.png,3
kanazawa_266_310_42_225.png,6
kanazawa_266_310_241_229.png,3
kanazawa_266_310_65_246.png,6
kanazawa_266_310_21_134.png,3
kanazawa_266_310_169_149.png,3
kanazawa_266_310_198_35.png,1
kanazawa_266_310_102_154.png,3
kanazawa_266_310_33_59.png,6
kanazawa_266_310_128_249.png,5
kanazawa_266_310_22_102.png,6
kanazawa_266_310_49_299.png,6
kanazawa_266_310_169_263.png,3
kanazawa_266_310_132_128.png,3
kanazawa_266_310_241_210.png,3
kanazawa_266_310_98_229.png,5
kanazawa_266_310_196_244.png,3
kanazawa_266_310_106_86.png,6
kanazawa_266_310_157_231.png,3
kanazawa_266_310_240_138.png,3
kanazawa_266_310_180_263.png,3
kanazawa_266_310_56_247.png,6
kanazawa_266_310_131_220.png,3
kanazawa_266_310_99_95.png,6
kanazawa_266_310_199_231.png,3
kanazawa_266_310_179_44.png,5
kanazawa_266_310_31_121.png,6
kanazawa_266_310_130_269.png,5
kanazawa_266_310_115_221.png,5
kanazawa_266_310_98_281.png,1
kanazawa_266_310_182_33.png,3
kanazawa_266_310_231_127.png,3
kanazawa_266_310_157_31.png,6
kanazawa_266_310_122_86.png,3
kanazawa_266_310_73_295.png,6
kanazawa_266_310_45_177.png,3
kanazawa_266_310_83_294.png,3
kanazawa_266_310_33_176.png,3
kanazawa_266_310_247_191.png,3
kanazawa_266_310_65_60.png,6
kanazawa_266_310_95_119.png,5
kanazawa_266_310_151_61.png,3
kanazawa_266_310_58_80.png,6
kanazawa_266_310_60_128.png,3
kanazawa_266_310_37_173.png,3
kanazawa_266_310_135_191.png,5
kanazawa_266_310_254_218.png,3
kanazawa_266_310_166_94.png,3
kanazawa_266_310_189_28.png,3
kanazawa_266_310_182_28.png,6
kanazawa_266_310_203_88.png,5
kanazawa_266_310_80_244.png,3
kanazawa_266_310_52_95.png,6
kanazawa_266_310_238_129.png,3
kanazawa_266_310_133_146.png,3
kanazawa_266_310_143_29.png,6
kanazawa_266_310_175_63.png,5
kanazawa_266_310_237_208.png,3
kanazawa_266_310_79_287.png,6
kanazawa_266_310_130_67.png,6
kanazawa_266_310_64_76.png,6
kanazawa_266_310_137_114.png,3
kanazawa_266_310_127_122.png,3
kanazawa_266_310_202_42.png,5
kanazawa_266_310_34_226.png,6
kanazawa_266_310_64_154.png,3
kanazawa_266_310_230_207.png,3
kanazawa_266_310_129_134.png,3
kanazawa_266_310_232_170.png,3
kanazawa_266_310_212_128.png,3
kanazawa_266_310_90_48.png,6
kanazawa_266_310_187_252.png,6
kanazawa_266_310_241_146.png,3
kanazawa_266_310_97_41.png,6
kanazawa_266_310_159_197.png,3
kanazawa_266_310_27_194.png,3
kanazawa_266_310_176_232.png,3
kanazawa_266_310_62_209.png,1
kanazawa_266_310_203_217.png,3
kanazawa_266_310_150_217.png,3
kanazawa_266_310_73_104.png,6
kanazawa_266_310_56_303.png,6
kanazawa_266_310_209_211.png,3
kanazawa_266_310_112_52.png,6
kanazawa_266_310_200_167.png,3
kanazawa_266_310_119_211.png,1
kanazawa_266_310_134_31.png,6
kanazawa_266_310_71_75.png,6
kanazawa_266_310_38_105.png,6
kanazawa_266_310_216_160.png,3
kanazawa_266_310_20_71.png,6
kanazawa_266_310_171_75.png,5
kanazawa_266_310_202_183.png,3
kanazawa_266_310_70_293.png,6
kanazawa_266_310_140_187.png,5
kanazawa_266_310_247_232.png,3
kanazawa_266_310_77_193.png,3
kanazawa_266_310_75_187.png,3
kanazawa_266_310_76_245.png,3
kanazawa_266_310_184_104.png,3
kanazawa_266_310_55_140.png,5
kanazawa_266_310_189_171.png,3
kanazawa_266_310_226_191.png,3
kanazawa_266_310_4_69.png,6
kanazawa_266_310_57_270.png,6
kanazawa_266_310_167_73.png,5
kanazawa_266_310_56_226.png,6
kanazawa_266_310_59_207.png,1
kanazawa_266_310_95_82.png,6
kanazawa_266_310_159_25.png,6
kanazawa_266_310_119_258.png,1
kanazawa_266_310_173_264.png,3
kanazawa_266_310_161_37.png,6
kanazawa_266_310_160_226.png,3
kanazawa_266_310_257_205.png,3
kanazawa_266_310_68_270.png,6
kanazawa_266_310_163_145.png,3
kanazawa_266_310_41_146.png,5
kanazawa_266_310_54_181.png,5
kanazawa_266_310_49_199.png,3
kanazawa_266_310_136_97.png,1
kanazawa_266_310_138_100.png,1
kanazawa_266_310_66_257.png,6
kanazawa_266_310_150_86.png,1
kanazawa_266_310_195_27.png,1
kanazawa_266_310_121_148.png,3
kanazawa_266_310_37_63.png,6
kanazawa_266_310_136_102.png,5
kanazawa_266_310_106_131.png,3
kanazawa_266_310_208_165.png,3
kanazawa_266_310_201_92.png,3
kanazawa_266_310_154_101.png,1
kanazawa_266_310_34_61.png,6
kanazawa_266_310_90_259.png,5
kanazawa_266_310_105_202.png,5
kanazawa_266_310_105_69.png,6
kanazawa_266_310_213_127.png,3
kanazawa_266_310_228_90.png,3
kanazawa_266_310_87_51.png,6
kanazawa_266_310_148_232.png,3
kanazawa_266_310_225_230.png,3
kanazawa_266_310_139_41.png,6
kanazawa_266_310_196_144.png,3
kanazawa_266_310_39_59.png,6
kanazawa_266_310_135_157.png,3
kanazawa_266_310_50_105.png,6
kanazawa_266_310_162_89.png,1
kanazawa_266_310_212_164.png,3
kanazawa_266_310_26_61.png,6
kanazawa_266_310_65_138.png,5
kanazawa_266_310_141_201.png,5
kanazawa_266_310_145_152.png,3
kanazawa_266_310_33_166.png,3
kanazawa_266_310_73_170.png,3
kanazawa_266_310_55_217.png,6
kanazawa_266_310_188_155.png,3
kanazawa_266_310_155_180.png,5
kanazawa_266_310_227_226.png,3
kanazawa_266_310_134_76.png,3
kanazawa_266_310_121_36.png,6
kanazawa_266_310_30_177.png,3
kanazawa_266_310_250_237.png,3
kanazawa_266_310_105_247.png,5
kanazawa_266_310_197_215.png,3
kanazawa_266_310_202_237.png,3
kanazawa_266_310_134_32.png,6
kanazawa_266_310_233_226.png,3
kanazawa_266_310_26_188.png,3
kanazawa_266_310_46_83.png,6
kanazawa_266_310_208_85.png,5
kanazawa_266_310_169_133.png,3
kanazawa_266_310_120_260.png,5
kanazawa_266_310_45_198.png,3
kanazawa_266_310_196_161.png,3
kanazawa_266_310_136_152.png,3
kanazawa_266_310_47_86.png,6
kanazawa_266_310_122_143.png,3
kanazawa_266_310_48_115.png,6
kanazawa_266_310_208_10.png,5
kanazawa_266_310_85_194.png,3
kanazawa_266_310_141_136.png,3
kanazawa_266_310_168_66.png,5
kanazawa_266_310_126_261.png,5
kanazawa_266_310_222_191.png,3
kanazawa_266_310_62_214.png,3
kanazawa_266_310_79_114.png,6
kanazawa_266_310_115_85.png,6
kanazawa_266_310_186_138.png,3
kanazawa_266_310_164_229.png,3
kanazawa_266_310_115_203.png,5
kanazawa_266_310_192_90.png,3
kanazawa_266_310_177_104.png,3
kanazawa_266_310_174_233.png,3
kanazawa_266_310_44_77.png,6
kanazawa_266_310_136_72.png,3
kanazawa_266_310_261_232.png,3
kanazawa_266_310_78_212.png,3
kanazawa_266_310_250_169.png,3
kanazawa_266_310_160_220.png,3
kanazawa_266_310_208_191.png,3
kanazawa_266_310_119_198.png,5
kanazawa_266_310_86_61.png,6
kanazawa_266_310_240_224.png,3
kanazawa_266_310_142_182.png,5
kanazawa_266_310_143_127.png,3
kanazawa_266_310_233_158.png,3
kanazawa_266_310_44_89.png,6
kanazawa_266_310_81_87.png,6
kanazawa_266_310_198_179.png,3
kanazawa_266_310_127_105.png,1
kanazawa_266_310_80_199.png,3
kanazawa_266_310_135_76.png,3
kanazawa_266_310_157_179.png,5
kanazawa_266_310_87_72.png,6
kanazawa_266_310_185_169.png,3
kanazawa_266_310_199_146.png,3
kanazawa_266_310_150_245.png,3
kanazawa_266_310_219_111.png,3
kanazawa_266_310_109_67.png,6
kanazawa_266_310_109_178.png,5
kanazawa_266_310_88_46.png,6
kanazawa_266_310_189_56.png,5
kanazawa_266_310_54_95.png,6
kanazawa_266_310_145_275.png,1
kanazawa_266_310_70_127.png,5
kanazawa_266_310_90_145.png,3
kanazawa_266_310_125_262.png,5
kanazawa_266_310_89_288.png,1
kanazawa_266_310_177_133.png,3
kanazawa_266_310_148_210.png,3
kanazawa_266_310_61_106.png,6
kanazawa_266_310_166_249.png,3
kanazawa_266_310_187_139.png,3
kanazawa_266_310_79_102.png,6
kanazawa_266_310_46_168.png,3
kanazawa_266_310_138_167.png,3
kanazawa_266_310_206_13.png,5
kanazawa_266_310_75_236.png,3
kanazawa_266_310_63_246.png,6
kanazawa_266_310_62_124.png,6
kanazawa_266_310_143_111.png,3
kanazawa_266_310_217_151.png,3
kanazawa_266_310_204_156.png,3
kanazawa_266_310_101_280.png,1
kanazawa_266_310_69_90.png,6
kanazawa_266_310_228_128.png,3
kanazawa_266_310_172_228.png,3
kanazawa_266_310_32_223.png,6
kanazawa_266_310_153_101.png,1
kanazawa_266_310_26_124.png,6
kanazawa_266_310_19_77.png,6
kanazawa_266_310_51_90.png,6
kanazawa_266_310_88_213.png,1
kanazawa_266_310_120_172.png,5
kanazawa_266_310_68_52.png,6
kanazawa_266_310_98_75.png,6
kanazawa_266_310_65_249.png,6
kanazawa_266_310_56_219.png,6
kanazawa_266_310_236_195.png,3
kanazawa_266_310_202_98.png,3
kanazawa_266_310_237_154.png,6
kanazawa_266_310_215_218.png,3
kanazawa_266_310_193_239.png,3
kanazawa_266_310_241_211.png,3
kanazawa_266_310_170_221.png,3
kanazawa_266_310_96_286.png,5
kanazawa_266_310_139_161.png,3
kanazawa_266_310_90_204.png,1
kanazawa_266_310_139_195.png,5
kanazawa_266_310_114_48.png,6
kanazawa_266_310_55_69.png,6
kanazawa_266_310_218_82.png,3
kanazawa_266_310_139_54.png,6
kanazawa_266_310_224_111.png,3
kanazawa_266_310_182_179.png,3
kanazawa_266_310_68_114.png,6
kanazawa_266_310_173_179.png,3
kanazawa_266_310_66_269.png,6
kanazawa_266_310_123_109.png,5
kanazawa_266_310_126_182.png,5
kanazawa_266_310_122_127.png,3
kanazawa_266_310_226_137.png,3
kanazawa_266_310_47_210.png,6
kanazawa_266_310_45_110.png,6
kanazawa_266_310_77_186.png,3
kanazawa_266_310_40_133.png,6
kanazawa_266_310_200_195.png,3
kanazawa_266_310_59_172.png,3
kanazawa_266_310_170_32.png,6
kanazawa_266_310_162_194.png,3
kanazawa_266_310_142_136.png,3
kanazawa_266_310_77_273.png,6
kanazawa_266_310_228_202.png,3
kanazawa_266_310_157_77.png,1
kanazawa_266_310_46_89.png,6
kanazawa_266_310_108_181.png,5
kanazawa_266_310_72_78.png,6
kanazawa_266_310_244_140.png,3
kanazawa_266_310_93_234.png,5
kanazawa_266_310_133_29.png,6
kanazawa_266_310_196_215.png,3
kanazawa_266_310_155_36.png,6
kanazawa_266_310_212_251.png,3
kanazawa_266_310_70_90.png,6
kanazawa_266_310_223_196.png,3
kanazawa_266_310_158_120.png,3
kanazawa_266_310_29_156.png,5
kanazawa_266_310_244_200.png,3
kanazawa_266_310_155_50.png,6
kanazawa_266_310_152_229.png,3
kanazawa_266_310_120_69.png,6
kanazawa_266_310_171_91.png,3
kanazawa_266_310_216_69.png,3
kanazawa_266_310_38_213.png,3
kanazawa_266_310_42_210.png,3
kanazawa_266_310_191_179.png,3
kanazawa_266_310_156_30.png,6
kanazawa_266_310_18_115.png,6
kanazawa_266_310_91_205.png,5
kanazawa_266_310_98_79.png,6
kanazawa_266_310_70_51.png,6
kanazawa_266_310_102_122.png,5
kanazawa_266_310_162_204.png,3
kanazawa_266_310_198_241.png,3
kanazawa_266_310_15_84.png,6
kanazawa_266_310_111_248.png,5
kanazawa_266_310_148_85.png,1
kanazawa_266_310_214_205.png,3
kanazawa_266_310_180_234.png,3
kanazawa_266_310_10_82.png,6
kanazawa_266_310_233_223.png,3
kanazawa_266_310_181_107.png,3
kanazawa_266_310_194_16.png,6
kanazawa_266_310_185_167.png,3
kanazawa_266_310_222_205.png,3
kanazawa_266_310_8_95.png,6
kanazawa_266_310_78_69.png,6
kanazawa_266_310_173_131.png,3
kanazawa_266_310_126_140.png,3
kanazawa_266_310_78_110.png,6
kanazawa_266_310_52_113.png,6
kanazawa_266_310_126_190.png,5
kanazawa_266_310_31_201.png,3
kanazawa_266_310_88_42.png,6
kanazawa_266_310_80_291.png,6
kanazawa_266_310_40_255.png,6
kanazawa_266_310_148_218.png,3
kanazawa_266_310_190_200.png,3
kanazawa_266_310_167_238.png,3
kanazawa_266_310_216_246.png,3
kanazawa_266_310_114_158.png,3
kanazawa_266_310_163_181.png,5
kanazawa_266_310_50_93.png,6
kanazawa_266_310_121_139.png,3
kanazawa_266_310_106_90.png,6
kanazawa_266_310_131_156.png,3
kanazawa_266_310_139_216.png,3
kanazawa_266_310_193_217.png,3
kanazawa_266_310_44_241.png,6
kanazawa_266_310_216_156.png,3
kanazawa_266_310_190_195.png,3
kanazawa_266_310_37_147.png,5
kanazawa_266_310_184_108.png,3
kanazawa_266_310_190_162.png,3
kanazawa_266_310_16_115.png,6
kanazawa_266_310_52_233.png,6
kanazawa_266_310_69_294.png,6
kanazawa_266_310_229_207.png,3
kanazawa_266_310_76_104.png,6
kanazawa_266_310_132_110.png,1
kanazawa_266_310_215_73.png,3
kanazawa_266_310_106_213.png,5
kanazawa_266_310_226_147.png,3
kanazawa_266_310_152_158.png,3
kanazawa_266_310_223_172.png,3
kanazawa_266_310_90_193.png,5
kanazawa_266_310_201_117.png,3
kanazawa_266_310_30_94.png,6
kanazawa_266_310_23_64.png,6
kanazawa_266_310_188_25.png,6
kanazawa_266_310_140_219.png,3
kanazawa_266_310_52_83.png,6
kanazawa_266_310_149_276.png,3
kanazawa_266_310_95_243.png,5
kanazawa_266_310_60_262.png,6
kanazawa_266_310_232_250.png,3
kanazawa_266_310_100_152.png,3
kanazawa_266_310_195_187.png,3
kanazawa_266_310_65_166.png,3
kanazawa_266_310_35_101.png,6
kanazawa_266_310_54_233.png,6
kanazawa_266_310_145_85.png,1
kanazawa_266_310_59_258.png,6
kanazawa_266_310_103_262.png,3
kanazawa_266_310_257_238.png,3
kanazawa_266_310_131_213.png,3
kanazawa_266_310_249_238.png,3
kanazawa_266_310_217_115.png,3
kanazawa_266_310_106_130.png,3
kanazawa_266_310_98_291.png,1
kanazawa_266_310_28_93.png,6
kanazawa_266_310_150_162.png,5
kanazawa_266_310_42_101.png,6
kanazawa_266_310_120_53.png,6
kanazawa_266_310_60_224.png,6
kanazawa_266_310_169_214.png,3
kanazawa_266_310_220_43.png,3
kanazawa_266_310_126_272.png,5
kanazawa_266_310_37_224.png,6
kanazawa_266_310_39_172.png,3
kanazawa_266_310_195_245.png,3
kanazawa_266_310_147_112.png,1
kanazawa_266_310_7_95.png,6
kanazawa_266_310_170_26.png,6
kanazawa_266_310_139_268.png,5
kanazawa_266_310_180_101.png,3
kanazawa_266_310_99_214.png,5
kanazawa_266_310_168_183.png,3
kanazawa_266_310_67_259.png,6
kanazawa_266_310_22_110.png,6
kanazawa_266_310_198_134.png,3
kanazawa_266_310_36_227.png,6
kanazawa_266_310_207_255.png,3
kanazawa_266_310_226_105.png,3
kanazawa_266_310_102_131.png,3
kanazawa_266_310_237_148.png,3
kanazawa_266_310_23_70.png,6
kanazawa_266_310_130_256.png,5
kanazawa_266_310_211_234.png,3
kanazawa_266_310_87_211.png,1
kanazawa_266_310_125_40.png,6
kanazawa_266_310_222_118.png,3
kanazawa_266_310_84_161.png,3
kanazawa_266_310_49_144.png,5
kanazawa_266_310_114_39.png,6
kanazawa_266_310_124_269.png,5
kanazawa_266_310_233_159.png,3
kanazawa_266_310_146_229.png,3
kanazawa_266_310_71_299.png,6
kanazawa_266_310_134_98.png,1
kanazawa_266_310_48_198.png,3
kanazawa_266_310_105_274.png,1
kanazawa_266_310_190_168.png,3
kanazawa_266_310_134_203.png,5
kanazawa_266_310_162_253.png,3
kanazawa_266_310_48_241.png,6
kanazawa_266_310_62_241.png,6
kanazawa_266_310_103_286.png,1
kanazawa_266_310_223_161.png,3
kanazawa_266_310_160_22.png,6
kanazawa_266_310_201_225.png,3
kanazawa_266_310_205_106.png,3
kanazawa_266_310_47_129.png,3
kanazawa_266_310_243_196.png,3
kanazawa_266_310_220_200.png,3
kanazawa_266_310_75_298.png,6
kanazawa_266_310_98_173.png,3
kanazawa_266_310_137_30.png,6
kanazawa_266_310_103_96.png,6
kanazawa_266_310_62_282.png,6
kanazawa_266_310_234_125.png,3
kanazawa_266_310_161_156.png,3
kanazawa_266_310_65_150.png,3
kanazawa_266_310_244_232.png,3
kanazawa_266_310_94_261.png,5
kanazawa_266_310_199_252.png,3
kanazawa_266_310_173_76.png,5
kanazawa_266_310_222_239.png,3
kanazawa_266_310_12_77.png,6
kanazawa_266_310_258_223.png,3
kanazawa_266_310_112_175.png,5
kanazawa_266_310_186_197.png,3
kanazawa_266_310_172_188.png,3
kanazawa_266_310_67_300.png,6
kanazawa_266_310_76_294.png,6
kanazawa_266_310_36_234.png,6
kanazawa_266_310_43_277.png,6
kanazawa_266_310_185_90.png,3
kanazawa_266_310_42_276.png,6
kanazawa_266_310_76_100.png,6
kanazawa_266_310_218_143.png,3
kanazawa_266_310_161_92.png,1
kanazawa_266_310_133_130.png,3
kanazawa_266_310_28_186.png,3
kanazawa_266_310_39_211.png,3
kanazawa_266_310_196_201.png,3
kanazawa_266_310_112_176.png,5
kanazawa_266_310_122_269.png,5
kanazawa_266_310_110_168.png,1
kanazawa_266_310_154_89.png,1
kanazawa_266_310_188_102.png,3
kanazawa_266_310_34_126.png,6
kanazawa_266_310_81_55.png,6
kanazawa_266_310_159_38.png,6
kanazawa_266_310_179_244.png,3
kanazawa_266_310_243_167.png,3
kanazawa_266_310_196_238.png,3
kanazawa_266_310_216_242.png,3
kanazawa_266_310_150_236.png,3
kanazawa_266_310_97_116.png,1
kanazawa_266_310_89_63.png,6
kanazawa_266_310_27_97.png,6
kanazawa_266_310_43_57.png,6
kanazawa_266_310_238_190.png,3
kanazawa_266_310_64_64.png,6
kanazawa_266_310_168_23.png,6
kanazawa_266_310_175_261.png,3
kanazawa_266_310_42_83.png,6
kanazawa_266_310_220_210.png,3
kanazawa_266_310_135_37.png,6
kanazawa_266_310_162_28.png,6
kanazawa_266_310_56_145.png,3
kanazawa_266_310_76_67.png,6
kanazawa_266_310_87_76.png,6
kanazawa_266_310_196_149.png,3
kanazawa_266_310_91_67.png,6
kanazawa_266_310_65_101.png,6
kanazawa_266_310_19_73.png,6
kanazawa_266_310_183_81.png,3
kanazawa_266_310_201_212.png,3
kanazawa_266_310_91_50.png,6
kanazawa_266_310_207_203.png,3
kanazawa_266_310_200_79.png,3
kanazawa_266_310_70_94.png,6
kanazawa_266_310_46_230.png,6
kanazawa_266_310_170_170.png,3
kanazawa_266_310_42_118.png,6
kanazawa_266_310_95_154.png,3
kanazawa_266_310_129_195.png,5
kanazawa_266_310_87_80.png,6
kanazawa_266_310_117_243.png,3
kanazawa_266_310_51_266.png,6
kanazawa_266_310_88_87.png,6
kanazawa_266_310_243_248.png,3
kanazawa_266_310_173_249.png,3
kanazawa_266_310_69_291.png,6
kanazawa_266_310_223_128.png,3
kanazawa_266_310_13_92.png,6
kanazawa_266_310_164_73.png,5
kanazawa_266_310_256_211.png,3
kanazawa_266_310_35_124.png,6
kanazawa_266_310_137_198.png,5
kanazawa_266_310_132_88.png,1
kanazawa_266_310_202_122.png,3
kanazawa_266_310_104_52.png,6
kanazawa_266_310_185_28.png,6
kanazawa_266_310_211_16.png,3
kanazawa_266_310_73_122.png,3
kanazawa_266_310_125_281.png,5
kanazawa_266_310_49_55.png,6
kanazawa_266_310_110_42.png,6
kanazawa_266_310_148_64.png,3
kanazawa_266_310_31_125.png,6
kanazawa_266_310_203_154.png,3
kanazawa_266_310_21_109.png,6
kanazawa_266_310_99_169.png,5
kanazawa_266_310_178_193.png,3
kanazawa_266_310_40_153.png,5
kanazawa_266_310_135_94.png,1
kanazawa_266_310_109_146.png,3
kanazawa_266_310_97_80.png,6
kanazawa_266_310_202_74.png,3
kanazawa_266_310_189_95.png,5
kanazawa_266_310_178_44.png,1
kanazawa_266_310_82_148.png,3
kanazawa_266_310_35_63.png,6
kanazawa_266_310_74_116.png,6
kanazawa_266_310_37_115.png,6
kanazawa_266_310_21_69.png,6
kanazawa_266_310_153_262.png,3
kanazawa_266_310_37_128.png,6
kanazawa_266_310_219_208.png,3
kanazawa_266_310_138_94.png,1
kanazawa_266_310_73_88.png,6
kanazawa_266_310_56_159.png,3
kanazawa_266_310_222_111.png,3
kanazawa_266_310_206_161.png,3
kanazawa_266_310_81_190.png,3
kanazawa_266_310_95_53.png,6
kanazawa_266_310_33_85.png,6
kanazawa_266_310_75_56.png,6
kanazawa_266_310_23_132.png,3
kanazawa_266_310_103_285.png,1
kanazawa_266_310_94_276.png,6
kanazawa_266_310_42_55.png,6
kanazawa_266_310_101_171.png,3
kanazawa_266_310_226_188.png,3
kanazawa_266_310_60_286.png,6
kanazawa_266_310_137_272.png,1
kanazawa_266_310_261_237.png,3
kanazawa_266_310_75_74.png,6
kanazawa_266_310_41_135.png,3
kanazawa_266_310_28_198.png,3
kanazawa_266_310_81_286.png,6
kanazawa_266_310_80_95.png,6
kanazawa_266_310_89_49.png,6
kanazawa_266_310_164_29.png,6
kanazawa_266_310_239_185.png,3
kanazawa_266_310_153_194.png,3
kanazawa_266_310_42_66.png,6
kanazawa_266_310_184_118.png,3
kanazawa_266_310_215_144.png,3
kanazawa_266_310_147_99.png,1
kanazawa_266_310_184_255.png,3
kanazawa_266_310_200_189.png,3
kanazawa_266_310_122_130.png,3
kanazawa_266_310_16_127.png,6
kanazawa_266_310_199_158.png,3
kanazawa_266_310_103_49.png,6
kanazawa_266_310_135_55.png,6
kanazawa_266_310_185_22.png,6
kanazawa_266_310_41_133.png,6
kanazawa_266_310_115_274.png,1
kanazawa_266_310_89_230.png,5
kanazawa_266_310_101_201.png,5
kanazawa_266_310_41_265.png,6
kanazawa_266_310_65_66.png,6
kanazawa_266_310_46_119.png,6
kanazawa_266_310_181_98.png,3
kanazawa_266_310_74_103.png,6
kanazawa_266_310_86_208.png,1
kanazawa_266_310_196_192.png,3
kanazawa_266_310_125_108.png,5
kanazawa_266_310_74_151.png,3
kanazawa_266_310_226_225.png,3
kanazawa_266_310_59_92.png,6
kanazawa_266_310_229_210.png,6
kanazawa_266_310_78_231.png,1
kanazawa_266_310_148_154.png,3
kanazawa_266_310_31_185.png,3
kanazawa_266_310_232_88.png,3
kanazawa_266_310_204_243.png,3
kanazawa_266_310_24_130.png,6
kanazawa_266_310_150_48.png,6
kanazawa_266_310_142_36.png,6
kanazawa_266_310_205_203.png,3
kanazawa_266_310_161_133.png,3
kanazawa_266_310_255_217.png,3
kanazawa_266_310_149_53.png,6
kanazawa_266_310_176_84.png,5
kanazawa_266_310_45_240.png,6
kanazawa_266_310_208_237.png,3
kanazawa_266_310_98_92.png,6
kanazawa_266_310_166_225.png,3
kanazawa_266_310_99_71.png,6
kanazawa_266_310_236_143.png,6
kanazawa_266_310_178_165.png,3
kanazawa_266_310_146_83.png,1
kanazawa_266_310_92_214.png,1
kanazawa_266_310_79_202.png,3
kanazawa_266_310_50_131.png,6
kanazawa_266_310_170_241.png,3
kanazawa_266_310_49_231.png,6
kanazawa_266_310_160_82.png,5
kanazawa_266_310_106_44.png,6
kanazawa_266_310_39_251.png,6
kanazawa_266_310_220_195.png,3
kanazawa_266_310_88_108.png,6
kanazawa_266_310_106_147.png,3
kanazawa_266_310_48_273.png,6
kanazawa_266_310_71_219.png,3
kanazawa_266_310_124_131.png,3
kanazawa_266_310_225_113.png,3
kanazawa_266_310_89_44.png,6
kanazawa_266_310_96_43.png,6
kanazawa_266_310_178_226.png,3
kanazawa_266_310_237_215.png,3
kanazawa_266_310_176_180.png,3
kanazawa_266_310_151_238.png,3
kanazawa_266_310_182_34.png,3
kanazawa_266_310_240_119.png,3
kanazawa_266_310_97_161.png,3
kanazawa_266_310_150_58.png,6
kanazawa_266_310_152_135.png,3
kanazawa_266_310_4_78.png,6
kanazawa_266_310_51_83.png,6
kanazawa_266_310_28_179.png,3
kanazawa_266_310_45_155.png,3
kanazawa_266_310_228_154.png,3
kanazawa_266_310_262_236.png,3
kanazawa_266_310_12_64.png,6
kanazawa_266_310_39_227.png,6
kanazawa_266_310_259_237.png,3
kanazawa_266_310_136_42.png,6
kanazawa_266_310_110_39.png,6
kanazawa_266_310_232_116.png,3
kanazawa_266_310_195_205.png,3
kanazawa_266_310_83_66.png,6
kanazawa_266_310_52_85.png,6
kanazawa_266_310_25_115.png,6
kanazawa_266_310_124_172.png,5
kanazawa_266_310_161_245.png,3
kanazawa_266_310_50_171.png,3
kanazawa_266_310_224_76.png,3
kanazawa_266_310_73_113.png,6
kanazawa_266_310_102_72.png,6
kanazawa_266_310_90_50.png,6
kanazawa_266_310_98_278.png,1
kanazawa_266_310_170_183.png,3
kanazawa_266_310_123_85.png,3
kanazawa_266_310_54_289.png,6
kanazawa_266_310_114_192.png,5
kanazawa_266_310_121_225.png,3
kanazawa_266_310_173_251.png,3
kanazawa_266_310_209_235.png,3
kanazawa_266_310_191_210.png,3
kanazawa_266_310_231_243.png,3
kanazawa_266_310_140_179.png,5
kanazawa_266_310_161_26.png,6
kanazawa_266_310_212_34.png,5
kanazawa_266_310_155_79.png,1
kanazawa_266_310_143_116.png,3
kanazawa_266_310_111_55.png,6
kanazawa_266_310_145_198.png,5
kanazawa_266_310_155_27.png,6
kanazawa_266_310_207_124.png,3
kanazawa_266_310_89_70.png,6
kanazawa_266_310_249_192.png,3
kanazawa_266_310_185_253.png,3
kanazawa_266_310_145_59.png,6
kanazawa_266_310_43_243.png,6
kanazawa_266_310_234_240.png,3
kanazawa_266_310_228_144.png,3
kanazawa_266_310_104_73.png,6
kanazawa_266_310_195_10.png,6
kanazawa_266_310_251_198.png,3
kanazawa_266_310_168_228.png,3
kanazawa_266_310_180_119.png,3
kanazawa_266_310_150_213.png,3
kanazawa_266_310_67_100.png,6
kanazawa_266_310_101_159.png,3
kanazawa_266_310_154_68.png,5
kanazawa_266_310_220_139.png,3
kanazawa_266_310_225_82.png,3
kanazawa_266_310_52_231.png,6
kanazawa_266_310_95_118.png,1
kanazawa_266_310_187_160.png,3
kanazawa_266_310_212_179.png,3
kanazawa_266_310_230_189.png,3
kanazawa_266_310_217_198.png,3
kanazawa_266_310_63_168.png,3
kanazawa_266_310_36_61.png,6
kanazawa_266_310_81_244.png,3
kanazawa_266_310_22_76.png,6
kanazawa_266_310_86_170.png,3
kanazawa_266_310_157_210.png,3
kanazawa_266_310_52_250.png,6
kanazawa_266_310_58_122.png,6
kanazawa_266_310_192_190.png,3
kanazawa_266_310_155_261.png,3
kanazawa_266_310_74_85.png,6
kanazawa_266_310_180_27.png,6
kanazawa_266_310_125_106.png,5
kanazawa_266_310_76_243.png,3
kanazawa_266_310_157_45.png,6
kanazawa_266_310_69_61.png,6
kanazawa_266_310_172_257.png,3
kanazawa_266_310_10_84.png,6
kanazawa_266_310_80_85.png,6
kanazawa_266_310_126_80.png,3
kanazawa_266_310_254_237.png,3
kanazawa_266_310_38_151.png,5
kanazawa_266_310_203_51.png,3
kanazawa_266_310_46_115.png,6
kanazawa_266_310_58_248.png,6
kanazawa_266_310_49_213.png,6
kanazawa_266_310_76_96.png,6
kanazawa_266_310_24_67.png,6
kanazawa_266_310_118_211.png,1
kanazawa_266_310_84_211.png,1
kanazawa_266_310_179_15.png,6
kanazawa_266_310_99_268.png,3
kanazawa_266_310_235_219.png,3
kanazawa_266_310_37_130.png,6
kanazawa_266_310_245_237.png,3
kanazawa_266_310_73_254.png,6
kanazawa_266_310_193_220.png,3
kanazawa_266_310_219_169.png,3
kanazawa_266_310_31_94.png,6
kanazawa_266_310_199_110.png,3
kanazawa_266_310_61_86.png,6
kanazawa_266_310_189_143.png,3
kanazawa_266_310_66_178.png,3
kanazawa_266_310_213_196.png,3
kanazawa_266_310_45_292.png,6
kanazawa_266_310_205_75.png,3
kanazawa_266_310_112_127.png,1
kanazawa_266_310_24_101.png,6
kanazawa_266_310_41_163.png,3
kanazawa_266_310_46_77.png,6
kanazawa_266_310_203_182.png,3
kanazawa_266_310_33_91.png,6
kanazawa_266_310_153_57.png,3
kanazawa_266_310_77_103.png,6
kanazawa_266_310_187_147.png,3
kanazawa_266_310_98_176.png,3
kanazawa_266_310_126_88.png,1
kanazawa_266_310_138_107.png,1
kanazawa_266_310_28_73.png,6
kanazawa_266_310_230_176.png,3
kanazawa_266_310_204_248.png,3
kanazawa_266_310_141_69.png,3
kanazawa_266_310_241_191.png,3
kanazawa_266_310_76_83.png,6
kanazawa_266_310_136_255.png,1
kanazawa_266_310_178_137.png,3
kanazawa_266_310_123_143.png,3
kanazawa_266_310_155_23.png,6
kanazawa_266_310_78_114.png,6
kanazawa_266_310_134_265.png,5
kanazawa_266_310_46_94.png,6
kanazawa_266_310_19_69.png,6
kanazawa_266_310_52_284.png,6
kanazawa_266_310_146_231.png,3
kanazawa_266_310_190_21.png,6
kanazawa_266_310_94_154.png,3
kanazawa_266_310_170_197.png,3
kanazawa_266_310_204_23.png,5
kanazawa_266_310_124_132.png,3
kanazawa_266_310_139_174.png,5
kanazawa_266_310_192_37.png,1
kanazawa_266_310_213_214.png,3
kanazawa_266_310_231_108.png,3
kanazawa_266_310_56_265.png,6
kanazawa_266_310_206_239.png,3
kanazawa_266_310_68_78.png,6
kanazawa_266_310_18_137.png,4
kanazawa_266_310_143_90.png,1
kanazawa_266_310_48_110.png,6
kanazawa_266_310_44_87.png,6
kanazawa_266_310_69_204.png,3
kanazawa_266_310_86_67.png,6
kanazawa_266_310_48_195.png,3
kanazawa_266_310_199_74.png,3
kanazawa_266_310_209_216.png,3
kanazawa_266_310_95_271.png,5
kanazawa_266_310_89_58.png,6
kanazawa_266_310_146_26.png,6
kanazawa_266_310_159_78.png,1
kanazawa_266_310_196_82.png,3
kanazawa_266_310_129_193.png,5
kanazawa_266_310_9_66.png,6
kanazawa_266_310_188_223.png,3
kanazawa_266_310_227_107.png,3
kanazawa_266_310_19_96.png,6
kanazawa_266_310_97_197.png,5
kanazawa_266_310_54_297.png,6
kanazawa_266_310_76_63.png,6
kanazawa_266_310_116_239.png,3
kanazawa_266_310_113_39.png,6
kanazawa_266_310_217_147.png,3
kanazawa_266_310_254_216.png,3
kanazawa_266_310_94_105.png,6
kanazawa_266_310_161_176.png,5
kanazawa_266_310_56_223.png,6
kanazawa_266_310_231_95.png,3
kanazawa_266_310_142_271.png,1
kanazawa_266_310_140_236.png,3
kanazawa_266_310_225_144.png,3
kanazawa_266_310_16_116.png,6
kanazawa_266_310_165_37.png,6
kanazawa_266_310_66_222.png,3
kanazawa_266_310_162_258.png,3
kanazawa_266_310_215_105.png,3
kanazawa_266_310_214_151.png,3
kanazawa_266_310_11_80.png,6
kanazawa_266_310_130_148.png,3
kanazawa_266_310_77_104.png,6
kanazawa_266_310_157_252.png,3
kanazawa_266_310_137_61.png,6
kanazawa_266_310_194_259.png,3
kanazawa_266_310_205_164.png,3
kanazawa_266_310_173_24.png,6
kanazawa_266_310_155_150.png,3
kanazawa_266_310_89_160.png,3
kanazawa_266_310_92_249.png,5
kanazawa_266_310_113_215.png,5
kanazawa_266_310_57_128.png,6
kanazawa_266_310_87_284.png,1
kanazawa_266_310_88_126.png,3
kanazawa_266_310_197_157.png,3
kanazawa_266_310_198_252.png,3
kanazawa_266_310_189_15.png,6
kanazawa_266_310_110_115.png,2
kanazawa_266_310_48_181.png,3
kanazawa_266_310_217_28.png,5
kanazawa_266_310_28_82.png,6
kanazawa_266_310_110_268.png,1
kanazawa_266_310_35_162.png,3
kanazawa_266_310_76_106.png,6
kanazawa_266_310_184_261.png,3
kanazawa_266_310_108_41.png,6
kanazawa_266_310_100_43.png,6
kanazawa_266_310_108_148.png,3
kanazawa_266_310_126_83.png,3
kanazawa_266_310_209_80.png,3
kanazawa_266_310_150_222.png,3
kanazawa_266_310_168_126.png,3
kanazawa_266_310_182_104.png,3
kanazawa_266_310_182_209.png,3
kanazawa_266_310_208_234.png,3
kanazawa_266_310_48_211.png,6
kanazawa_266_310_155_28.png,6
kanazawa_266_310_190_109.png,3
kanazawa_266_310_109_136.png,3
kanazawa_266_310_190_119.png,3
kanazawa_266_310_217_21.png,5
kanazawa_266_310_48_258.png,6
kanazawa_266_310_159_136.png,3
kanazawa_266_310_192_226.png,3
kanazawa_266_310_34_69.png,6
kanazawa_266_310_72_68.png,6
kanazawa_266_310_134_147.png,5
kanazawa_266_310_186_24.png,6
kanazawa_266_310_168_203.png,3
kanazawa_266_310_214_155.png,3
kanazawa_266_310_229_220.png,3
kanazawa_266_310_182_228.png,3
kanazawa_266_310_85_156.png,3
kanazawa_266_310_172_269.png,3
kanazawa_266_310_112_109.png,5
kanazawa_266_310_56_98.png,6
kanazawa_266_310_74_66.png,6
kanazawa_266_310_147_235.png,3
kanazawa_266_310_35_57.png,6
kanazawa_266_310_143_64.png,6
kanazawa_266_310_148_231.png,3
kanazawa_266_310_88_226.png,5
kanazawa_266_310_115_234.png,3
kanazawa_266_310_227_93.png,3
kanazawa_266_310_212_145.png,3
kanazawa_266_310_114_279.png,1
kanazawa_266_310_224_229.png,3
kanazawa_266_310_6_88.png,6
kanazawa_266_310_239_193.png,3
kanazawa_266_310_55_132.png,6
kanazawa_266_310_86_95.png,6
kanazawa_266_310_105_250.png,5
kanazawa_266_310_78_213.png,3
kanazawa_266_310_37_94.png,6
kanazawa_266_310_121_110.png,5
kanazawa_266_310_97_49.png,6
kanazawa_266_310_254_232.png,3
kanazawa_266_310_44_275.png,6
kanazawa_266_310_148_88.png,1
kanazawa_266_310_144_195.png,5
kanazawa_266_310_131_154.png,3
kanazawa_266_310_91_293.png,5
kanazawa_266_310_195_254.png,3
kanazawa_266_310_125_221.png,3
kanazawa_266_310_141_199.png,5
kanazawa_266_310_42_104.png,6
kanazawa_266_310_63_254.png,6
kanazawa_266_310_48_283.png,6
kanazawa_266_310_184_245.png,3
kanazawa_266_310_162_40.png,6
kanazawa_266_310_25_64.png,6
kanazawa_266_310_258_214.png,3
kanazawa_266_310_155_83.png,1
kanazawa_266_310_254_207.png,3
kanazawa_266_310_217_206.png,3
kanazawa_266_310_48_209.png,6
kanazawa_266_310_230_169.png,3
kanazawa_266_310_244_199.png,3
kanazawa_266_310_55_138.png,1
kanazawa_266_310_227_129.png,3
kanazawa_266_310_243_154.png,3
kanazawa_266_310_99_107.png,3
kanazawa_266_310_201_185.png,3
kanazawa_266_310_142_147.png,3
kanazawa_266_310_204_202.png,3
kanazawa_266_310_57_74.png,6
kanazawa_266_310_132_46.png,6
kanazawa_266_310_232_142.png,3
kanazawa_266_310_152_89.png,1
kanazawa_266_310_220_157.png,3
kanazawa_266_310_106_279.png,1
kanazawa_266_310_199_162.png,3
kanazawa_266_310_81_131.png,3
kanazawa_266_310_180_250.png,3
kanazawa_266_310_40_172.png,3
kanazawa_266_310_67_116.png,6
kanazawa_266_310_231_146.png,3
kanazawa_266_310_121_212.png,5
kanazawa_266_310_126_265.png,5
kanazawa_266_310_103_44.png,6
kanazawa_266_310_223_173.png,3
kanazawa_266_310_214_196.png,3
kanazawa_266_310_220_90.png,3
kanazawa_266_310_182_64.png,5
kanazawa_266_310_193_228.png,3
kanazawa_266_310_83_63.png,6
kanazawa_266_310_173_214.png,3
kanazawa_266_310_115_177.png,5
kanazawa_266_310_95_155.png,3
kanazawa_266_310_82_239.png,1
kanazawa_266_310_108_284.png,1
kanazawa_266_310_123_150.png,3
kanazawa_266_310_37_193.png,3
kanazawa_266_310_72_231.png,6
kanazawa_266_310_33_158.png,5
kanazawa_266_310_234_222.png,3
kanazawa_266_310_145_144.png,3
kanazawa_266_310_85_179.png,3
kanazawa_266_310_236_149.png,3
kanazawa_266_310_79_78.png,6
kanazawa_266_310_104_252.png,5
kanazawa_266_310_159_77.png,1
kanazawa_266_310_49_228.png,6
kanazawa_266_310_99_237.png,1
kanazawa_266_310_52_76.png,6
kanazawa_266_310_103_70.png,6
kanazawa_266_310_172_193.png,3
kanazawa_266_310_44_67.png,6
kanazawa_266_310_75_282.png,6
kanazawa_266_310_150_163.png,5
kanazawa_266_310_128_80.png,3
kanazawa_266_310_183_226.png,3
kanazawa_266_310_161_65.png,5
kanazawa_266_310_197_150.png,3
kanazawa_266_310_95_147.png,3
kanazawa_266_310_140_145.png,3
kanazawa_266_310_109_72.png,6
kanazawa_266_310_125_61.png,6
kanazawa_266_310_188_111.png,3
kanazawa_266_310_146_262.png,3
kanazawa_266_310_151_46.png,6
kanazawa_266_310_170_226.png,3
kanazawa_266_310_98_76.png,6
kanazawa_266_310_233_144.png,3
kanazawa_266_310_123_208.png,5
kanazawa_266_310_98_194.png,5
kanazawa_266_310_179_116.png,3
kanazawa_266_310_237_244.png,3
kanazawa_266_310_176_93.png,3
kanazawa_266_310_11_108.png,6
kanazawa_266_310_150_252.png,3
kanazawa_266_310_223_183.png,3
kanazawa_266_310_228_70.png,3
kanazawa_266_310_204_80.png,3
kanazawa_266_310_170_204.png,3
kanazawa_266_310_210_35.png,5
kanazawa_266_310_79_53.png,6
kanazawa_266_310_196_169.png,3
kanazawa_266_310_32_155.png,5
kanazawa_266_310_202_198.png,3
kanazawa_266_310_175_219.png,3
kanazawa_266_310_144_68.png,3
kanazawa_266_310_171_269.png,3
kanazawa_266_310_14_66.png,6
kanazawa_266_310_157_105.png,3
kanazawa_266_310_137_41.png,6
kanazawa_266_310_91_157.png,3
kanazawa_266_310_72_222.png,3
kanazawa_266_310_75_288.png,6
kanazawa_266_310_166_129.png,5
kanazawa_266_310_226_126.png,3
kanazawa_266_310_214_197.png,3
kanazawa_266_310_50_257.png,6
kanazawa_266_310_130_48.png,6
kanazawa_266_310_74_226.png,1
kanazawa_266_310_171_192.png,3
kanazawa_266_310_112_147.png,3
kanazawa_266_310_214_182.png,3
kanazawa_266_310_219_85.png,3
kanazawa_266_310_60_52.png,6
kanazawa_266_310_34_90.png,6
kanazawa_266_310_177_128.png,3
kanazawa_266_310_120_201.png,5
kanazawa_266_310_232_231.png,3
kanazawa_266_310_102_53.png,6
kanazawa_266_310_112_265.png,1
kanazawa_266_310_72_100.png,6
kanazawa_266_310_54_97.png,6
kanazawa_266_310_35_231.png,6
kanazawa_266_310_84_224.png,1
kanazawa_266_310_202_232.png,3
kanazawa_266_310_244_202.png,3
kanazawa_266_310_179_221.png,3
kanazawa_266_310_112_151.png,3
kanazawa_266_310_82_283.png,3
kanazawa_266_310_212_35.png,5
kanazawa_266_310_46_225.png,6
kanazawa_266_310_48_130.png,3
kanazawa_266_310_166_140.png,3
kanazawa_266_310_189_256.png,3
kanazawa_266_310_215_125.png,3
kanazawa_266_310_189_254.png,3
kanazawa_266_310_50_216.png,6
kanazawa_266_310_19_129.png,6
kanazawa_266_310_46_261.png,6
kanazawa_266_310_167_263.png,3
kanazawa_266_310_172_259.png,3
kanazawa_266_310_173_167.png,3
kanazawa_266_310_153_218.png,3
kanazawa_266_310_236_136.png,3
kanazawa_266_310_86_216.png,1
kanazawa_266_310_240_188.png,3
kanazawa_266_310_213_253.png,3
kanazawa_266_310_73_176.png,3
kanazawa_266_310_39_115.png,6
kanazawa_266_310_159_155.png,3
kanazawa_266_310_94_134.png,3
kanazawa_266_310_170_19.png,6
kanazawa_266_310_39_261.png,6
kanazawa_266_310_153_54.png,6
kanazawa_266_310_130_64.png,6
kanazawa_266_310_152_53.png,1
kanazawa_266_310_155_55.png,3
kanazawa_266_310_6_86.png,6
kanazawa_266_310_153_230.png,3
kanazawa_266_310_235_218.png,3
kanazawa_266_310_200_209.png,3
kanazawa_266_310_46_270.png,6
kanazawa_266_310_186_30.png,3
kanazawa_266_310_169_54.png,5
kanazawa_266_310_20_99.png,6
kanazawa_266_310_184_236.png,3
kanazawa_266_310_54_191.png,3
kanazawa_266_310_213_204.png,3
kanazawa_266_310_75_252.png,6
kanazawa_266_310_184_158.png,3
kanazawa_266_310_200_238.png,3
kanazawa_266_310_78_49.png,6
kanazawa_266_310_170_206.png,3
kanazawa_266_310_185_20.png,6
kanazawa_266_310_90_97.png,6
kanazawa_266_310_114_55.png,6
kanazawa_266_310_98_42.png,6
kanazawa_266_310_138_153.png,3
kanazawa_266_310_105_127.png,3
kanazawa_266_310_189_173.png,3
kanazawa_266_310_214_233.png,3
kanazawa_266_310_135_276.png,5
kanazawa_266_310_162_264.png,3
kanazawa_266_310_197_174.png,3
kanazawa_266_310_42_281.png,6
kanazawa_266_310_156_41.png,6
kanazawa_266_310_235_139.png,3
kanazawa_266_310_34_170.png,3
kanazawa_266_310_108_138.png,3
kanazawa_266_310_28_91.png,6
kanazawa_266_310_62_69.png,6
kanazawa_266_310_141_58.png,6
kanazawa_266_310_223_132.png,3
kanazawa_266_310_250_239.png,3
kanazawa_266_310_81_203.png,5
kanazawa_266_310_12_124.png,6
kanazawa_266_310_228_201.png,3
kanazawa_266_310_121_181.png,5
kanazawa_266_310_89_90.png,6
kanazawa_266_310_187_17.png,6
kanazawa_266_310_46_148.png,5
kanazawa_266_310_199_43.png,5
kanazawa_266_310_84_250.png,3
kanazawa_266_310_39_69.png,6
kanazawa_266_310_206_173.png,3
kanazawa_266_310_138_132.png,3
kanazawa_266_310_59_96.png,6
kanazawa_266_310_232_206.png,3
kanazawa_266_310_130_191.png,5
kanazawa_266_310_57_298.png,6
kanazawa_266_310_106_50.png,6
kanazawa_266_310_177_192.png,3
kanazawa_266_310_166_149.png,3
kanazawa_266_310_80_46.png,6
kanazawa_266_310_179_203.png,3
kanazawa_266_310_178_238.png,3
kanazawa_266_310_7_67.png,6
kanazawa_266_310_214_201.png,3
kanazawa_266_310_248_158.png,3
kanazawa_266_310_103_47.png,6
kanazawa_266_310_230_209.png,3
kanazawa_266_310_117_214.png,5
kanazawa_266_310_23_124.png,6
kanazawa_266_310_168_68.png,5
kanazawa_266_310_95_183.png,3
kanazawa_266_310_102_219.png,5
kanazawa_266_310_48_73.png,6
kanazawa_266_310_196_74.png,3
kanazawa_266_310_26_109.png,6
kanazawa_266_310_140_89.png,1
kanazawa_266_310_183_13.png,6
kanazawa_266_310_32_202.png,3
kanazawa_266_310_95_90.png,6
kanazawa_266_310_105_90.png,6
kanazawa_266_310_154_44.png,6
kanazawa_266_310_138_205.png,5
kanazawa_266_310_13_103.png,6
kanazawa_266_310_95_267.png,5
kanazawa_266_310_239_164.png,3
kanazawa_266_310_110_47.png,6
kanazawa_266_310_230_141.png,3
kanazawa_266_310_192_227.png,3
kanazawa_266_310_125_198.png,5
kanazawa_266_310_176_45.png,1
kanazawa_266_310_162_214.png,3
kanazawa_266_310_137_201.png,5
kanazawa_266_310_229_167.png,3
kanazawa_266_310_235_188.png,3
kanazawa_266_310_226_250.png,3
kanazawa_266_310_262_238.png,3
kanazawa_266_310_214_11.png,3
kanazawa_266_310_76_281.png,6
kanazawa_266_310_234_183.png,3
kanazawa_266_310_55_240.png,6
kanazawa_266_310_235_198.png,6
kanazawa_266_310_190_186.png,3
kanazawa_266_310_43_201.png,5
kanazawa_266_310_249_243.png,3
kanazawa_266_310_185_144.png,3
kanazawa_266_310_32_176.png,3
kanazawa_266_310_24_92.png,6
kanazawa_266_310_42_244.png,6
kanazawa_266_310_253_200.png,3
kanazawa_266_310_74_61.png,6
kanazawa_266_310_14_115.png,6
kanazawa_266_310_29_119.png,6
kanazawa_266_310_117_238.png,3
kanazawa_266_310_41_105.png,6
kanazawa_266_310_131_188.png,5
kanazawa_266_310_60_138.png,3
kanazawa_266_310_103_278.png,1
kanazawa_266_310_251_219.png,3
kanazawa_266_310_139_191.png,5
kanazawa_266_310_231_163.png,3
kanazawa_266_310_78_183.png,3
kanazawa_266_310_184_157.png,3
kanazawa_266_310_150_185.png,5
kanazawa_266_310_85_232.png,5
kanazawa_266_310_222_158.png,3
kanazawa_266_310_39_237.png,6
kanazawa_266_310_19_64.png,6
kanazawa_266_310_130_200.png,5
kanazawa_266_310_212_138.png,3
kanazawa_266_310_77_183.png,3
kanazawa_266_310_140_108.png,3
kanazawa_266_310_203_150.png,3
kanazawa_266_310_68_245.png,6
kanazawa_266_310_181_153.png,3
kanazawa_266_310_70_82.png,6
kanazawa_266_310_191_202.png,3
kanazawa_266_310_25_88.png,6
kanazawa_266_310_146_169.png,1
kanazawa_266_310_159_222.png,3
kanazawa_266_310_90_69.png,6
kanazawa_266_310_17_135.png,3
kanazawa_266_310_123_176.png,5
kanazawa_266_310_49_105.png,6
kanazawa_266_310_69_88.png,6
kanazawa_266_310_179_100.png,3
kanazawa_266_310_149_33.png,6
kanazawa_266_310_103_202.png,5
kanazawa_266_310_73_164.png,3
kanazawa_266_310_207_136.png,3
kanazawa_266_310_86_182.png,3
kanazawa_266_310_32_68.png,6
kanazawa_266_310_137_73.png,3
kanazawa_266_310_97_86.png,6
kanazawa_266_310_238_126.png,3
kanazawa_266_310_224_234.png,3
kanazawa_266_310_196_68.png,3
kanazawa_266_310_91_104.png,6
kanazawa_266_310_54_167.png,3
kanazawa_266_310_94_182.png,3
kanazawa_266_310_159_74.png,1
kanazawa_266_310_41_160.png,3
kanazawa_266_310_87_190.png,3
kanazawa_266_310_54_213.png,6
kanazawa_266_310_210_257.png,3
kanazawa_266_310_136_135.png,3
kanazawa_266_310_189_116.png,3
kanazawa_266_310_229_106.png,3
kanazawa_266_310_59_275.png,6
kanazawa_266_310_147_83.png,1
kanazawa_266_310_148_46.png,6
kanazawa_266_310_159_250.png,3
kanazawa_266_310_190_211.png,3
kanazawa_266_310_157_250.png,3
kanazawa_266_310_166_19.png,6
kanazawa_266_310_234_239.png,3
kanazawa_266_310_193_43.png,1
kanazawa_266_310_54_50.png,6
kanazawa_266_310_106_264.png,5
kanazawa_266_310_157_39.png,6
kanazawa_266_310_26_78.png,6
kanazawa_266_310_57_63.png,6
kanazawa_266_310_137_53.png,6
kanazawa_266_310_101_45.png,6
kanazawa_266_310_223_42.png,3
kanazawa_266_310_109_213.png,5
kanazawa_266_310_237_133.png,3
kanazawa_266_310_215_77.png,3
kanazawa_266_310_234_224.png,3
kanazawa_266_310_40_117.png,6
kanazawa_266_310_178_164.png,3
kanazawa_266_310_71_82.png,6
kanazawa_266_310_160_77.png,1
kanazawa_266_310_197_217.png,3
kanazawa_266_310_103_104.png,3
kanazawa_266_310_64_220.png,6
kanazawa_266_310_131_59.png,6
kanazawa_266_310_88_91.png,6
kanazawa_266_310_67_299.png,6
kanazawa_266_310_169_188.png,3
kanazawa_266_310_211_221.png,3
kanazawa_266_310_71_134.png,5
kanazawa_266_310_226_101.png,3
kanazawa_266_310_186_219.png,3
kanazawa_266_310_113_69.png,6
kanazawa_266_310_78_104.png,6
kanazawa_266_310_233_235.png,3
kanazawa_266_310_180_147.png,3
kanazawa_266_310_90_164.png,3
kanazawa_266_310_51_81.png,6
kanazawa_266_310_236_159.png,3
kanazawa_266_310_55_266.png,6
kanazawa_266_310_51_253.png,6
kanazawa_266_310_79_51.png,6
kanazawa_266_310_119_47.png,6
kanazawa_266_310_152_125.png,3
kanazawa_266_310_19_116.png,6
kanazawa_266_310_222_240.png,3
kanazawa_266_310_201_105.png,3
kanazawa_266_310_152_266.png,3
kanazawa_266_310_105_82.png,6
kanazawa_266_310_43_254.png,6
kanazawa_266_310_241_212.png,3
kanazawa_266_310_207_242.png,3
kanazawa_266_310_69_238.png,6
kanazawa_266_310_123_31.png,6
kanazawa_266_310_100_132.png,3
kanazawa_266_310_174_255.png,3
kanazawa_266_310_124_165.png,5
kanazawa_266_310_157_200.png,3
kanazawa_266_310_44_175.png,3
kanazawa_266_310_246_158.png,3
kanazawa_266_310_32_210.png,3
kanazawa_266_310_47_226.png,6
kanazawa_266_310_179_26.png,6
kanazawa_266_310_153_55.png,3
kanazawa_266_310_138_38.png,6
kanazawa_266_310_71_61.png,6
kanazawa_266_310_176_248.png,3
kanazawa_266_310_73_136.png,5
kanazawa_266_310_242_196.png,3
kanazawa_266_310_90_230.png,5
kanazawa_266_310_117_116.png,3
kanazawa_266_310_55_80.png,6
kanazawa_266_310_121_88.png,3
kanazawa_266_310_147_145.png,3
kanazawa_266_310_230_152.png,3
kanazawa_266_310_15_94.png,6
kanazawa_266_310_55_104.png,6
kanazawa_266_310_181_123.png,3
kanazawa_266_310_143_169.png,5
kanazawa_266_310_57_62.png,6
kanazawa_266_310_141_88.png,1
kanazawa_266_310_184_114.png,3
kanazawa_266_310_158_40.png,6
kanazawa_266_310_4_68.png,6
kanazawa_266_310_214_59.png,5
kanazawa_266_310_240_160.png,3
kanazawa_266_310_100_200.png,5
kanazawa_266_310_246_179.png,3
kanazawa_266_310_148_24.png,6
kanazawa_266_310_92_261.png,5
kanazawa_266_310_193_165.png,3
kanazawa_266_310_54_272.png,6
kanazawa_266_310_29_191.png,3
kanazawa_266_310_182_177.png,3
kanazawa_266_310_84_249.png,3
kanazawa_266_310_132_197.png,5
kanazawa_266_310_74_216.png,3
kanazawa_266_310_222_117.png,3
kanazawa_266_310_209_76.png,3
kanazawa_266_310_132_212.png,3
kanazawa_266_310_215_110.png,3
kanazawa_266_310_68_101.png,6
kanazawa_266_310_190_246.png,6
kanazawa_266_310_130_203.png,5
kanazawa_266_310_198_67.png,3
kanazawa_266_310_196_198.png,3
kanazawa_266_310_66_279.png,6
kanazawa_266_310_112_153.png,3
kanazawa_266_310_66_100.png,6
kanazawa_266_310_53_178.png,3
kanazawa_266_310_207_186.png,3
kanazawa_266_310_174_193.png,3
kanazawa_266_310_238_154.png,3
kanazawa_266_310_196_11.png,6
kanazawa_266_310_57_303.png,6
kanazawa_266_310_150_113.png,1
kanazawa_266_310_175_228.png,3
kanazawa_266_310_16_75.png,6
kanazawa_266_310_79_100.png,6
kanazawa_266_310_72_169.png,3
kanazawa_266_310_216_136.png,3
kanazawa_266_310_71_133.png,5
kanazawa_266_310_168_36.png,6
kanazawa_266_310_38_92.png,6
kanazawa_266_310_66_141.png,3
kanazawa_266_310_150_214.png,3
kanazawa_266_310_142_143.png,3
kanazawa_266_310_24_105.png,6
kanazawa_266_310_256_227.png,3
kanazawa_266_310_217_143.png,3
kanazawa_266_310_151_150.png,3
kanazawa_266_310_48_82.png,6
kanazawa_266_310_216_8.png,5
kanazawa_266_310_22_109.png,6
kanazawa_266_310_153_186.png,5
kanazawa_266_310_170_267.png,3
kanazawa_266_310_24_85.png,6
kanazawa_266_310_209_200.png,3
kanazawa_266_310_21_150.png,3
kanazawa_266_310_22_82.png,6
kanazawa_266_310_184_107.png,3
kanazawa_266_310_175_40.png,3
kanazawa_266_310_68_54.png,6
kanazawa_266_310_61_223.png,6
kanazawa_266_310_208_18.png,5
kanazawa_266_310_142_109.png,3
kanazawa_266_310_206_258.png,3
kanazawa_266_310_71_259.png,6
kanazawa_266_310_167_199.png,3
kanazawa_266_310_227_130.png,3
kanazawa_266_310_50_291.png,6
kanazawa_266_310_78_184.png,3
kanazawa_266_310_120_51.png,6
kanazawa_266_310_227_109.png,3
kanazawa_266_310_189_177.png,3
kanazawa_266_310_139_136.png,3
kanazawa_266_310_49_265.png,6
kanazawa_266_310_210_97.png,3
kanazawa_266_310_189_130.png,3
kanazawa_266_310_83_248.png,1
kanazawa_266_310_105_47.png,6
kanazawa_266_310_183_262.png,3
kanazawa_266_310_162_87.png,1
kanazawa_266_310_58_213.png,6
kanazawa_266_310_30_189.png,3
kanazawa_266_310_187_132.png,3
kanazawa_266_310_88_169.png,3
kanazawa_266_310_239_134.png,3
kanazawa_266_310_184_247.png,3
kanazawa_266_310_226_196.png,3
kanazawa_266_310_144_234.png,3
kanazawa_266_310_198_206.png,3
kanazawa_266_310_109_137.png,3
kanazawa_266_310_179_84.png,5
kanazawa_266_310_144_97.png,1
kanazawa_266_310_60_291.png,6
kanazawa_266_310_159_37.png,6
kanazawa_266_310_149_250.png,3
kanazawa_266_310_124_148.png,3
kanazawa_266_310_103_205.png,5
kanazawa_266_310_225_223.png,3
kanazawa_266_310_229_238.png,3
kanazawa_266_310_204_186.png,3
kanazawa_266_310_216_201.png,3
kanazawa_266_310_195_152.png,3
kanazawa_266_310_35_113.png,6
kanazawa_266_310_203_202.png,3
kanazawa_266_310_43_98.png,6
kanazawa_266_310_39_170.png,3
kanazawa_266_310_247_235.png,3
kanazawa_266_310_25_77.png,6
kanazawa_266_310_183_19.png,6
kanazawa_266_310_115_69.png,6
kanazawa_266_310_81_283.png,3
kanazawa_266_310_42_121.png,6
kanazawa_266_310_61_128.png,6
kanazawa_266_310_158_109.png,5
kanazawa_266_310_196_20.png,3
kanazawa_266_310_230_221.png,3
kanazawa_266_310_114_223.png,3
kanazawa_266_310_119_150.png,3
kanazawa_266_310_164_197.png,3
kanazawa_266_310_178_118.png,3
kanazawa_266_310_49_69.png,6
kanazawa_266_310_13_77.png,6
kanazawa_266_310_193_193.png,3
kanazawa_266_310_66_290.png,6
kanazawa_266_310_16_67.png,6
kanazawa_266_310_100_137.png,3
kanazawa_266_310_70_64.png,6
kanazawa_266_310_64_158.png,3
kanazawa_266_310_163_154.png,3
kanazawa_266_310_84_75.png,6
kanazawa_266_310_92_47.png,6
kanazawa_266_310_161_204.png,3
kanazawa_266_310_120_213.png,5
kanazawa_266_310_74_110.png,6
kanazawa_266_310_210_77.png,3
kanazawa_266_310_49_122.png,6
kanazawa_266_310_184_184.png,3
kanazawa_266_310_197_122.png,3
kanazawa_266_310_72_85.png,6
kanazawa_266_310_126_254.png,5
kanazawa_266_310_240_203.png,3
kanazawa_266_310_159_212.png,3
kanazawa_266_310_158_251.png,3
kanazawa_266_310_169_159.png,3
kanazawa_266_310_141_82.png,5
kanazawa_266_310_62_155.png,3
kanazawa_266_310_159_102.png,3
kanazawa_266_310_245_229.png,3
kanazawa_266_310_176_104.png,3
kanazawa_266_310_224_109.png,3
kanazawa_266_310_77_291.png,6
kanazawa_266_310_198_202.png,3
kanazawa_266_310_201_218.png,3
kanazawa_266_310_213_251.png,3
kanazawa_266_310_24_146.png,3
kanazawa_266_310_226_201.png,3
kanazawa_266_310_217_173.png,3
kanazawa_266_310_91_57.png,6
kanazawa_266_310_193_128.png,3
kanazawa_266_310_151_123.png,3
kanazawa_266_310_114_79.png,6
kanazawa_266_310_248_245.png,3
kanazawa_266_310_116_146.png,3
kanazawa_266_310_118_34.png,6
kanazawa_266_310_136_29.png,6
kanazawa_266_310_64_91.png,6
kanazawa_266_310_51_247.png,6
kanazawa_266_310_66_251.png,6
kanazawa_266_310_159_29.png,6
kanazawa_266_310_151_59.png,3
kanazawa_266_310_191_216.png,3
kanazawa_266_310_249_183.png,3
kanazawa_266_310_210_180.png,3
kanazawa_266_310_227_120.png,3
kanazawa_266_310_194_48.png,5
kanazawa_266_310_199_68.png,3
kanazawa_266_310_155_44.png,6
kanazawa_266_310_228_228.png,3
kanazawa_266_310_110_153.png,3
kanazawa_266_310_153_229.png,3
kanazawa_266_310_117_187.png,5
kanazawa_266_310_193_191.png,3
kanazawa_266_310_193_242.png,3
kanazawa_266_310_239_202.png,3
kanazawa_266_310_29_110.png,6
kanazawa_266_310_145_44.png,6
kanazawa_266_310_157_56.png,3
kanazawa_266_310_87_177.png,5
kanazawa_266_310_168_269.png,3
kanazawa_266_310_62_60.png,6
kanazawa_266_310_205_123.png,3
kanazawa_266_310_84_96.png,6
kanazawa_266_310_45_269.png,6
kanazawa_266_310_120_80.png,1
kanazawa_266_310_207_219.png,6
kanazawa_266_310_17_110.png,6
kanazawa_266_310_254_220.png,3
kanazawa_266_310_89_280.png,1
kanazawa_266_310_137_183.png,1
kanazawa_266_310_41_83.png,6
kanazawa_266_310_94_274.png,5
kanazawa_266_310_231_219.png,3
kanazawa_266_310_203_155.png,3
kanazawa_266_310_27_60.png,6
kanazawa_266_310_50_68.png,6
kanazawa_266_310_204_247.png,3
kanazawa_266_310_60_94.png,6
kanazawa_266_310_209_108.png,3
kanazawa_266_310_174_194.png,3
kanazawa_266_310_76_266.png,6
kanazawa_266_310_18_110.png,6
kanazawa_266_310_151_225.png,3
kanazawa_266_310_121_143.png,5
kanazawa_266_310_239_227.png,3
kanazawa_266_310_213_53.png,3
kanazawa_266_310_65_62.png,6
kanazawa_266_310_51_295.png,6
kanazawa_266_310_226_145.png,3
kanazawa_266_310_183_158.png,3
kanazawa_266_310_198_232.png,3
kanazawa_266_310_204_161.png,3
kanazawa_266_310_150_107.png,1
kanazawa_266_310_157_151.png,3
kanazawa_266_310_65_195.png,5
kanazawa_266_310_18_129.png,6
kanazawa_266_310_185_132.png,3
kanazawa_266_310_84_126.png,3
kanazawa_266_310_129_32.png,6
kanazawa_266_310_160_20.png,6
kanazawa_266_310_62_247.png,6
kanazawa_266_310_40_267.png,6
kanazawa_266_310_226_217.png,3
kanazawa_266_310_56_161.png,3
kanazawa_266_310_112_285.png,1
kanazawa_266_310_93_78.png,6
kanazawa_266_310_171_256.png,3
kanazawa_266_310_105_282.png,1
kanazawa_266_310_252_219.png,3
kanazawa_266_310_199_180.png,3
kanazawa_266_310_136_172.png,3
kanazawa_266_310_87_182.png,3
kanazawa_266_310_36_110.png,6
kanazawa_266_310_169_67.png,5
kanazawa_266_310_98_84.png,6
kanazawa_266_310_140_66.png,6
kanazawa_266_310_152_227.png,3
kanazawa_266_310_133_188.png,5
kanazawa_266_310_149_48.png,6
kanazawa_266_310_132_229.png,3
kanazawa_266_310_226_124.png,3
kanazawa_266_310_57_227.png,6
kanazawa_266_310_65_224.png,6
kanazawa_266_310_89_64.png,6
kanazawa_266_310_172_104.png,3
kanazawa_266_310_115_146.png,3
kanazawa_266_310_44_261.png,6
kanazawa_266_310_92_189.png,5
kanazawa_266_310_39_203.png,3
kanazawa_266_310_83_167.png,3
kanazawa_266_310_224_110.png,3
kanazawa_266_310_213_167.png,3
kanazawa_266_310_94_266.png,5
kanazawa_266_310_96_57.png,6
kanazawa_266_310_123_40.png,6
kanazawa_266_310_184_211.png,3
kanazawa_266_310_214_90.png,3
kanazawa_266_310_180_139.png,3
kanazawa_266_310_210_240.png,3
kanazawa_266_310_93_44.png,6
kanazawa_266_310_199_201.png,3
kanazawa_266_310_243_198.png,3
kanazawa_266_310_167_74.png,5
kanazawa_266_310_26_193.png,3
kanazawa_266_310_68_171.png,3
kanazawa_266_310_178_123.png,3
kanazawa_266_310_226_222.png,3
kanazawa_266_310_138_148.png,3
kanazawa_266_310_132_30.png,6
kanazawa_266_310_215_245.png,3
kanazawa_266_310_238_185.png,3
kanazawa_266_310_34_215.png,3
kanazawa_266_310_95_95.png,6
kanazawa_266_310_193_10.png,6
kanazawa_266_310_171_25.png,6
kanazawa_266_310_207_134.png,3
kanazawa_266_310_15_83.png,6
kanazawa_266_310_155_43.png,6
kanazawa_266_310_153_222.png,3
kanazawa_266_310_175_242.png,3
kanazawa_266_310_107_195.png,5
kanazawa_266_310_197_128.png,3
kanazawa_266_310_152_86.png,1
kanazawa_266_310_247_161.png,3
kanazawa_266_310_108_112.png,5
kanazawa_266_310_136_57.png,6
kanazawa_266_310_195_14.png,6
kanazawa_266_310_115_80.png,6
kanazawa_266_310_256_229.png,3
kanazawa_266_310_113_45.png,6
kanazawa_266_310_18_77.png,6
kanazawa_266_310_201_243.png,3
kanazawa_266_310_228_218.png,3
kanazawa_266_310_56_149.png,3
kanazawa_266_310_76_69.png,6
kanazawa_266_310_182_134.png,3
kanazawa_266_310_55_237.png,6
kanazawa_266_310_90_288.png,5
kanazawa_266_310_201_74.png,3
kanazawa_266_310_80_151.png,3
kanazawa_266_310_120_149.png,3
kanazawa_266_310_34_98.png,6
kanazawa_266_310_31_212.png,3
kanazawa_266_310_132_217.png,3
kanazawa_266_310_234_88.png,3
kanazawa_266_310_90_234.png,5
kanazawa_266_310_160_233.png,3
kanazawa_266_310_41_80.png,6
kanazawa_266_310_217_118.png,3
kanazawa_266_310_204_145.png,3
kanazawa_266_310_77_293.png,6
kanazawa_266_310_76_97.png,6
kanazawa_266_310_181_151.png,3
kanazawa_266_310_85_88.png,6
kanazawa_266_310_224_207.png,3
kanazawa_266_310_38_231.png,6
kanazawa_266_310_70_229.png,6
kanazawa_266_310_139_200.png,5
kanazawa_266_310_114_122.png,5
kanazawa_266_310_19_65.png,6
kanazawa_266_310_49_156.png,3
kanazawa_266_310_109_101.png,3
kanazawa_266_310_77_132.png,5
kanazawa_266_310_178_208.png,3
kanazawa_266_310_42_75.png,6
kanazawa_266_310_155_57.png,3
kanazawa_266_310_91_168.png,3
kanazawa_266_310_155_153.png,3
kanazawa_266_310_238_229.png,3
kanazawa_266_310_165_243.png,3
kanazawa_266_310_124_139.png,3
kanazawa_266_310_106_287.png,1
kanazawa_266_310_189_158.png,3
kanazawa_266_310_64_146.png,3
kanazawa_266_310_240_218.png,3
kanazawa_266_310_99_210.png,5
kanazawa_266_310_22_65.png,6
kanazawa_266_310_35_108.png,6
kanazawa_266_310_46_235.png,6
kanazawa_266_310_67_56.png,6
kanazawa_266_310_119_117.png,5
kanazawa_266_310_69_196.png,5
kanazawa_266_310_74_80.png,6
kanazawa_266_310_116_273.png,1
kanazawa_266_310_132_267.png,4
kanazawa_266_310_176_23.png,6
kanazawa_266_310_82_48.png,6
kanazawa_266_310_184_21.png,6
kanazawa_266_310_60_244.png,6
kanazawa_266_310_118_195.png,5
kanazawa_266_310_55_86.png,6
kanazawa_266_310_99_64.png,6
kanazawa_266_310_234_206.png,3
kanazawa_266_310_231_158.png,4
kanazawa_266_310_215_127.png,3
kanazawa_266_310_31_202.png,3
kanazawa_266_310_85_110.png,6
kanazawa_266_310_78_264.png,6
kanazawa_266_310_96_88.png,6
kanazawa_266_310_180_157.png,3
kanazawa_266_310_139_203.png,5
kanazawa_266_310_183_214.png,3
kanazawa_266_310_149_216.png,3
kanazawa_266_310_134_42.png,6
kanazawa_266_310_239_226.png,3
kanazawa_266_310_98_222.png,5
kanazawa_266_310_52_238.png,6
kanazawa_266_310_71_110.png,6
kanazawa_266_310_165_260.png,3
kanazawa_266_310_105_41.png,6
kanazawa_266_310_72_106.png,6
kanazawa_266_310_133_41.png,6
kanazawa_266_310_201_249.png,3
kanazawa_266_310_183_188.png,3
kanazawa_266_310_110_246.png,5
kanazawa_266_310_121_70.png,6
kanazawa_266_310_127_193.png,5
kanazawa_266_310_127_90.png,5
kanazawa_266_310_170_54.png,5
kanazawa_266_310_9_107.png,6
kanazawa_266_310_206_171.png,3
kanazawa_266_310_247_190.png,3
kanazawa_266_310_188_209.png,3
kanazawa_266_310_172_240.png,3
kanazawa_266_310_189_45.png,5
kanazawa_266_310_228_71.png,3
kanazawa_266_310_187_96.png,3
kanazawa_266_310_10_88.png,6
kanazawa_266_310_169_32.png,6
kanazawa_266_310_199_181.png,3
kanazawa_266_310_230_127.png,3
kanazawa_266_310_46_93.png,6
kanazawa_266_310_183_16.png,6
kanazawa_266_310_184_129.png,3
kanazawa_266_310_45_275.png,6
kanazawa_266_310_150_67.png,5
kanazawa_266_310_99_54.png,6
kanazawa_266_310_193_181.png,3
kanazawa_266_310_178_211.png,3
kanazawa_266_310_67_295.png,6
kanazawa_266_310_202_78.png,3
kanazawa_266_310_147_49.png,6
kanazawa_266_310_131_221.png,3
kanazawa_266_310_109_212.png,5
kanazawa_266_310_143_176.png,5
kanazawa_266_310_200_217.png,3
kanazawa_266_310_144_199.png,1
kanazawa_266_310_216_34.png,3
kanazawa_266_310_59_230.png,6
kanazawa_266_310_99_53.png,6
kanazawa_266_310_115_43.png,6
kanazawa_266_310_158_192.png,3
kanazawa_266_310_136_167.png,3
kanazawa_266_310_150_192.png,3
kanazawa_266_310_118_81.png,6
kanazawa_266_310_57_55.png,6
kanazawa_266_310_81_192.png,3
kanazawa_266_310_35_75.png,6
kanazawa_266_310_119_67.png,6
kanazawa_266_310_165_80.png,5
kanazawa_266_310_100_98.png,6
kanazawa_266_310_43_266.png,6
kanazawa_266_310_245_153.png,3
kanazawa_266_310_101_175.png,3
kanazawa_266_310_92_40.png,6
kanazawa_266_310_231_119.png,3
kanazawa_266_310_89_227.png,5
kanazawa_266_310_42_177.png,3
kanazawa_266_310_158_248.png,3
kanazawa_266_310_4_70.png,6
kanazawa_266_310_158_272.png,3
kanazawa_266_310_88_119.png,1
kanazawa_266_310_230_194.png,3
kanazawa_266_310_53_264.png,6
kanazawa_266_310_215_207.png,3
kanazawa_266_310_174_132.png,3
kanazawa_266_310_67_293.png,6
kanazawa_266_310_85_59.png,6
kanazawa_266_310_27_184.png,3
kanazawa_266_310_100_41.png,6
kanazawa_266_310_209_134.png,3
kanazawa_266_310_127_203.png,5
kanazawa_266_310_174_140.png,3
kanazawa_266_310_123_57.png,6
kanazawa_266_310_234_191.png,3
kanazawa_266_310_180_115.png,3
kanazawa_266_310_46_137.png,3
kanazawa_266_310_39_111.png,6
kanazawa_266_310_55_218.png,6
kanazawa_266_310_195_97.png,3
kanazawa_266_310_164_97.png,3
kanazawa_266_310_32_127.png,6
kanazawa_266_310_60_258.png,6
kanazawa_266_310_187_105.png,3
kanazawa_266_310_175_173.png,3
kanazawa_266_310_186_173.png,3
kanazawa_266_310_63_220.png,6
kanazawa_266_310_67_142.png,3
kanazawa_266_310_160_272.png,3
kanazawa_266_310_164_186.png,3
kanazawa_266_310_125_128.png,3
kanazawa_266_310_223_45.png,3
kanazawa_266_310_43_120.png,6
kanazawa_266_310_67_277.png,6
kanazawa_266_310_147_33.png,6
kanazawa_266_310_205_138.png,3
kanazawa_266_310_210_151.png,3
kanazawa_266_310_126_174.png,5
kanazawa_266_310_194_222.png,3
kanazawa_266_310_60_265.png,6
kanazawa_266_310_48_277.png,6
kanazawa_266_310_68_236.png,6
kanazawa_266_310_49_287.png,6
kanazawa_266_310_41_273.png,6
kanazawa_266_310_55_298.png,6
kanazawa_266_310_41_68.png,6
kanazawa_266_310_218_20.png,5
kanazawa_266_310_173_69.png,5
kanazawa_266_310_15_123.png,6
kanazawa_266_310_174_210.png,3
kanazawa_266_310_170_223.png,3
kanazawa_266_310_176_210.png,3
kanazawa_266_310_182_139.png,3
kanazawa_266_310_68_295.png,6
kanazawa_266_310_188_250.png,3
kanazawa_266_310_158_65.png,1
kanazawa_266_310_159_20.png,6
kanazawa_266_310_152_215.png,3
kanazawa_266_310_41_244.png,6
kanazawa_266_310_194_230.png,3
kanazawa_266_310_18_148.png,3
kanazawa_266_310_226_90.png,3
kanazawa_266_310_156_216.png,3
kanazawa_266_310_61_168.png,3
kanazawa_266_310_222_124.png,3
kanazawa_266_310_166_118.png,3
kanazawa_266_310_78_155.png,3
kanazawa_266_310_178_245.png,3
kanazawa_266_310_120_96.png,1
kanazawa_266_310_210_192.png,3
kanazawa_266_310_98_94.png,6
kanazawa_266_310_77_296.png,6
kanazawa_266_310_71_116.png,6
kanazawa_266_310_41_75.png,6
kanazawa_266_310_210_194.png,3
kanazawa_266_310_158_29.png,6
kanazawa_266_310_73_269.png,6
kanazawa_266_310_237_209.png,3
kanazawa_266_310_233_182.png,3
kanazawa_266_310_56_222.png,6
kanazawa_266_310_133_165.png,3
kanazawa_266_310_87_53.png,6
kanazawa_266_310_217_195.png,3
kanazawa_266_310_106_159.png,3
kanazawa_266_310_162_58.png,5
kanazawa_266_310_133_192.png,5
kanazawa_266_310_195_249.png,3
kanazawa_266_310_200_184.png,3
kanazawa_266_310_159_108.png,5
kanazawa_266_310_167_264.png,3
kanazawa_266_310_47_60.png,6
kanazawa_266_310_201_193.png,3
kanazawa_266_310_97_176.png,3
kanazawa_266_310_163_209.png,3
kanazawa_266_310_50_236.png,6
kanazawa_266_310_140_44.png,6
kanazawa_266_310_72_75.png,6
kanazawa_266_310_45_263.png,6
kanazawa_266_310_139_70.png,3
kanazawa_266_310_163_195.png,3
kanazawa_266_310_163_198.png,3
kanazawa_266_310_119_207.png,2
kanazawa_266_310_166_146.png,3
kanazawa_266_310_29_158.png,5
kanazawa_266_310_229_117.png,3
kanazawa_266_310_184_145.png,3
kanazawa_266_310_43_123.png,6
kanazawa_266_310_171_109.png,3
kanazawa_266_310_139_42.png,6
kanazawa_266_310_64_122.png,6
kanazawa_266_310_171_58.png,1
kanazawa_266_310_75_81.png,6
kanazawa_266_310_99_89.png,6
kanazawa_266_310_67_166.png,3
kanazawa_266_310_104_118.png,5
kanazawa_266_310_55_178.png,3
kanazawa_266_310_167_228.png,3
kanazawa_266_310_31_187.png,3
kanazawa_266_310_41_104.png,6
kanazawa_266_310_96_278.png,1
kanazawa_266_310_233_207.png,3
kanazawa_266_310_70_266.png,6
kanazawa_266_310_40_192.png,3
kanazawa_266_310_155_154.png,3
kanazawa_266_310_111_101.png,5
kanazawa_266_310_107_63.png,6
kanazawa_266_310_109_206.png,5
kanazawa_266_310_64_254.png,6
kanazawa_266_310_50_58.png,6
kanazawa_266_310_181_191.png,3
kanazawa_266_310_180_102.png,3
kanazawa_266_310_146_62.png,6
kanazawa_266_310_190_90.png,3
kanazawa_266_310_157_202.png,3
kanazawa_266_310_124_204.png,5
kanazawa_266_310_62_169.png,3
kanazawa_266_310_214_249.png,3
kanazawa_266_310_157_50.png,6
kanazawa_266_310_103_57.png,6
kanazawa_266_310_216_96.png,5
kanazawa_266_310_245_241.png,3
kanazawa_266_310_204_180.png,3
kanazawa_266_310_131_102.png,5
kanazawa_266_310_56_260.png,6
kanazawa_266_310_61_58.png,6
kanazawa_266_310_57_90.png,6
kanazawa_266_310_87_126.png,3
kanazawa_266_310_63_195.png,5
kanazawa_266_310_117_137.png,3
kanazawa_266_310_158_87.png,1
kanazawa_266_310_168_202.png,3
kanazawa_266_310_57_83.png,6
kanazawa_266_310_61_280.png,6
kanazawa_266_310_144_266.png,3
kanazawa_266_310_184_249.png,3
kanazawa_266_310_195_89.png,3
kanazawa_266_310_244_154.png,3
kanazawa_266_310_205_156.png,3
kanazawa_266_310_205_229.png,3
kanazawa_266_310_78_262.png,1
kanazawa_266_310_88_256.png,5
kanazawa_266_310_91_125.png,3
kanazawa_266_310_190_142.png,3
kanazawa_266_310_215_249.png,3
kanazawa_266_310_72_55.png,6
kanazawa_266_310_114_275.png,1
kanazawa_266_310_263_239.png,3
kanazawa_266_310_61_232.png,6
kanazawa_266_310_227_67.png,3
kanazawa_266_310_247_207.png,3
kanazawa_266_310_203_203.png,3
kanazawa_266_310_75_92.png,6
kanazawa_266_310_103_252.png,5
kanazawa_266_310_38_62.png,6
kanazawa_266_310_99_47.png,6
kanazawa_266_310_160_49.png,6
kanazawa_266_310_86_256.png,5
kanazawa_266_310_24_134.png,3
kanazawa_266_310_100_106.png,3
kanazawa_266_310_109_124.png,1
kanazawa_266_310_96_220.png,5
kanazawa_266_310_140_176.png,5
kanazawa_266_310_200_137.png,3
kanazawa_266_310_212_178.png,3
kanazawa_266_310_66_120.png,6
kanazawa_266_310_157_255.png,3
kanazawa_266_310_180_57.png,5
kanazawa_266_310_148_227.png,3
kanazawa_266_310_94_243.png,5
kanazawa_266_310_57_281.png,6
kanazawa_266_310_170_30.png,6
kanazawa_266_310_30_118.png,6
kanazawa_266_310_108_93.png,6
kanazawa_266_310_223_232.png,3
kanazawa_266_310_193_148.png,3
kanazawa_266_310_84_177.png,3
kanazawa_266_310_191_19.png,6
kanazawa_266_310_38_133.png,3
kanazawa_266_310_214_23.png,5
kanazawa_266_310_38_168.png,3
kanazawa_266_310_145_133.png,3
kanazawa_266_310_166_253.png,3
kanazawa_266_310_148_274.png,3
kanazawa_266_310_88_229.png,5
kanazawa_266_310_58_118.png,6
kanazawa_266_310_70_264.png,6
kanazawa_266_310_89_286.png,1
kanazawa_266_310_58_236.png,6
kanazawa_266_310_77_117.png,3
kanazawa_266_310_91_182.png,3
kanazawa_266_310_35_92.png,6
kanazawa_266_310_114_281.png,1
kanazawa_266_310_106_140.png,5
kanazawa_266_310_148_29.png,6
kanazawa_266_310_166_269.png,3
kanazawa_266_310_133_74.png,6
kanazawa_266_310_205_94.png,3
kanazawa_266_310_227_154.png,3
kanazawa_266_310_203_221.png,3
kanazawa_266_310_108_196.png,5
kanazawa_266_310_98_83.png,6
kanazawa_266_310_208_212.png,3
kanazawa_266_310_81_187.png,3
kanazawa_266_310_243_135.png,3
kanazawa_266_310_206_144.png,3
kanazawa_266_310_222_236.png,3
kanazawa_266_310_71_60.png,6
kanazawa_266_310_209_162.png,3
kanazawa_266_310_79_119.png,3
kanazawa_266_310_159_72.png,1
kanazawa_266_310_71_218.png,3
kanazawa_266_310_146_110.png,1
kanazawa_266_310_219_231.png,3
kanazawa_266_310_209_163.png,3
kanazawa_266_310_41_72.png,6
kanazawa_266_310_221_205.png,3
kanazawa_266_310_245_142.png,3
kanazawa_266_310_206_18.png,2
kanazawa_266_310_235_128.png,3
kanazawa_266_310_134_58.png,6
kanazawa_266_310_110_204.png,5
kanazawa_266_310_171_62.png,5
kanazawa_266_310_252_238.png,3
kanazawa_266_310_178_125.png,3
kanazawa_266_310_47_213.png,6
kanazawa_266_310_153_235.png,3
kanazawa_266_310_149_235.png,3
kanazawa_266_310_224_124.png,3
kanazawa_266_310_32_69.png,6
kanazawa_266_310_137_193.png,5
kanazawa_266_310_101_209.png,5
kanazawa_266_310_201_167.png,3
kanazawa_266_310_217_251.png,3
kanazawa_266_310_61_281.png,6
kanazawa_266_310_250_189.png,3
kanazawa_266_310_160_263.png,3
kanazawa_266_310_143_39.png,6
kanazawa_266_310_217_100.png,3
kanazawa_266_310_231_102.png,3
kanazawa_266_310_209_19.png,5
kanazawa_266_310_207_127.png,3
kanazawa_266_310_72_246.png,6
kanazawa_266_310_161_79.png,5
kanazawa_266_310_59_227.png,6
kanazawa_266_310_180_131.png,3
kanazawa_266_310_164_139.png,3
kanazawa_266_310_174_245.png,3
kanazawa_266_310_38_152.png,5
kanazawa_266_310_244_174.png,3
kanazawa_266_310_77_100.png,6
kanazawa_266_310_183_90.png,3
kanazawa_266_310_160_212.png,3
kanazawa_266_310_233_237.png,3
kanazawa_266_310_193_189.png,3
kanazawa_266_310_156_188.png,5
kanazawa_266_310_47_162.png,3
kanazawa_266_310_202_160.png,3
kanazawa_266_310_52_222.png,6
kanazawa_266_310_42_224.png,6
kanazawa_266_310_50_91.png,6
kanazawa_266_310_102_193.png,5
kanazawa_266_310_71_201.png,3
kanazawa_266_310_78_238.png,1
kanazawa_266_310_238_114.png,3
kanazawa_266_310_189_183.png,3
kanazawa_266_310_79_193.png,3
kanazawa_266_310_139_34.png,6
kanazawa_266_310_139_150.png,3
kanazawa_266_310_120_183.png,5
kanazawa_266_310_180_209.png,3
kanazawa_266_310_224_139.png,3
kanazawa_266_310_60_273.png,6
kanazawa_266_310_73_87.png,6
kanazawa_266_310_119_193.png,5
kanazawa_266_310_216_25.png,5
kanazawa_266_310_233_187.png,3
kanazawa_266_310_117_249.png,1
kanazawa_266_310_146_175.png,5
kanazawa_266_310_236_183.png,3
kanazawa_266_310_50_245.png,6
kanazawa_266_310_212_196.png,3
kanazawa_266_310_178_252.png,3
kanazawa_266_310_202_54.png,5
kanazawa_266_310_50_298.png,6
kanazawa_266_310_79_173.png,3
kanazawa_266_310_254_212.png,3
kanazawa_266_310_201_8.png,6
kanazawa_266_310_198_197.png,3
kanazawa_266_310_24_167.png,5
kanazawa_266_310_18_133.png,3
kanazawa_266_310_52_123.png,6
kanazawa_266_310_129_246.png,5
kanazawa_266_310_30_108.png,6
kanazawa_266_310_53_282.png,6
kanazawa_266_310_216_219.png,3
kanazawa_266_310_140_65.png,6
kanazawa_266_310_96_40.png,6
kanazawa_266_310_111_159.png,3
kanazawa_266_310_132_39.png,6
kanazawa_266_310_227_204.png,3
kanazawa_266_310_243_172.png,3
kanazawa_266_310_12_110.png,6
kanazawa_266_310_37_176.png,3
kanazawa_266_310_88_225.png,5
kanazawa_266_310_33_86.png,6
kanazawa_266_310_181_119.png,3
kanazawa_266_310_228_119.png,3
kanazawa_266_310_175_263.png,3
kanazawa_266_310_192_195.png,3
kanazawa_266_310_37_230.png,6
kanazawa_266_310_95_222.png,5
kanazawa_266_310_125_200.png,2
kanazawa_266_310_74_290.png,6
kanazawa_266_310_96_107.png,3
kanazawa_266_310_149_208.png,3
kanazawa_266_310_122_201.png,5
kanazawa_266_310_95_93.png,6
kanazawa_266_310_177_44.png,1
kanazawa_266_310_136_243.png,3
kanazawa_266_310_155_268.png,3
kanazawa_266_310_222_135.png,3
kanazawa_266_310_128_62.png,6
kanazawa_266_310_118_279.png,1
kanazawa_266_310_42_249.png,6
kanazawa_266_310_96_147.png,3
kanazawa_266_310_123_121.png,3
kanazawa_266_310_152_70.png,5
kanazawa_266_310_47_126.png,6
kanazawa_266_310_109_256.png,5
kanazawa_266_310_188_220.png,3
kanazawa_266_310_157_132.png,3
kanazawa_266_310_76_197.png,3
kanazawa_266_310_93_274.png,5
kanazawa_266_310_65_243.png,6
kanazawa_266_310_107_134.png,3
kanazawa_266_310_178_111.png,3
kanazawa_266_310_151_25.png,6
kanazawa_266_310_117_38.png,6
kanazawa_266_310_75_274.png,6
kanazawa_266_310_201_204.png,3
kanazawa_266_310_86_277.png,3
kanazawa_266_310_120_164.png,5
kanazawa_266_310_38_218.png,6
kanazawa_266_310_39_266.png,6
kanazawa_266_310_18_82.png,6
kanazawa_266_310_184_227.png,3
kanazawa_266_310_139_189.png,5
kanazawa_266_310_40_101.png,6
kanazawa_266_310_77_250.png,6
kanazawa_266_310_243_144.png,3
kanazawa_266_310_222_142.png,3
kanazawa_266_310_32_161.png,5
kanazawa_266_310_194_160.png,3
kanazawa_266_310_150_235.png,3
kanazawa_266_310_197_89.png,5
kanazawa_266_310_162_233.png,3
kanazawa_266_310_51_207.png,3
kanazawa_266_310_109_71.png,6
kanazawa_266_310_50_80.png,6
kanazawa_266_310_53_216.png,6
kanazawa_266_310_83_226.png,5
kanazawa_266_310_85_104.png,6
kanazawa_266_310_39_224.png,6
kanazawa_266_310_194_171.png,3
kanazawa_266_310_15_63.png,6
kanazawa_266_310_161_50.png,6
kanazawa_266_310_221_91.png,3
kanazawa_266_310_112_200.png,5
kanazawa_266_310_148_72.png,5
kanazawa_266_310_55_253.png,6
kanazawa_266_310_124_271.png,5
kanazawa_266_310_254_196.png,3
kanazawa_266_310_48_112.png,6
kanazawa_266_310_60_70.png,6
kanazawa_266_310_163_174.png,5
kanazawa_266_310_92_268.png,5
kanazawa_266_310_203_173.png,3
kanazawa_266_310_77_261.png,6
kanazawa_266_310_102_152.png,3
kanazawa_266_310_135_175.png,5
kanazawa_266_310_129_143.png,3
kanazawa_266_310_7_94.png,6
kanazawa_266_310_70_251.png,6
kanazawa_266_310_244_144.png,3
kanazawa_266_310_216_53.png,3
kanazawa_266_310_119_165.png,5
kanazawa_266_310_102_92.png,6
kanazawa_266_310_122_47.png,6
kanazawa_266_310_213_134.png,3
kanazawa_266_310_192_128.png,3
kanazawa_266_310_154_63.png,1
kanazawa_266_310_70_257.png,6
kanazawa_266_310_58_84.png,6
kanazawa_266_310_24_82.png,6
kanazawa_266_310_9_79.png,6
kanazawa_266_310_197_167.png,3
kanazawa_266_310_169_56.png,5
kanazawa_266_310_229_113.png,3
kanazawa_266_310_185_105.png,3
kanazawa_266_310_152_148.png,3
kanazawa_266_310_142_98.png,1
kanazawa_266_310_149_110.png,1
kanazawa_266_310_25_71.png,6
kanazawa_266_310_169_192.png,3
kanazawa_266_310_173_178.png,3
kanazawa_266_310_145_197.png,5
kanazawa_266_310_175_88.png,5
kanazawa_266_310_148_73.png,5
kanazawa_266_310_61_49.png,6
kanazawa_266_310_240_130.png,3
kanazawa_266_310_211_151.png,3
kanazawa_266_310_85_208.png,1
kanazawa_266_310_186_127.png,3
kanazawa_266_310_206_246.png,3
kanazawa_266_310_41_127.png,6
kanazawa_266_310_185_179.png,3
kanazawa_266_310_49_100.png,6
kanazawa_266_310_27_76.png,6
kanazawa_266_310_132_183.png,5
kanazawa_266_310_227_73.png,3
kanazawa_266_310_82_95.png,6
kanazawa_266_310_55_270.png,6
kanazawa_266_310_111_253.png,5
kanazawa_266_310_97_96.png,6
kanazawa_266_310_18_93.png,6
kanazawa_266_310_100_103.png,3
kanazawa_266_310_63_235.png,6
kanazawa_266_310_143_126.png,3
kanazawa_266_310_118_178.png,5
kanazawa_266_310_215_99.png,3
kanazawa_266_310_174_217.png,3
kanazawa_266_310_163_23.png,6
kanazawa_266_310_90_83.png,6
kanazawa_266_310_136_200.png,5
kanazawa_266_310_87_240.png,5
kanazawa_266_310_233_165.png,3
kanazawa_266_310_176_173.png,3
kanazawa_266_310_185_80.png,5
kanazawa_266_310_150_206.png,3
kanazawa_266_310_58_113.png,6
kanazawa_266_310_224_217.png,3
kanazawa_266_310_236_168.png,3
kanazawa_266_310_94_80.png,6
kanazawa_266_310_128_195.png,5
kanazawa_266_310_27_103.png,6
kanazawa_266_310_100_208.png,5
kanazawa_266_310_148_216.png,3
kanazawa_266_310_121_46.png,6
kanazawa_266_310_160_23.png,6
kanazawa_266_310_99_231.png,5
kanazawa_266_310_223_243.png,3
kanazawa_266_310_249_210.png,3
kanazawa_266_310_53_96.png,6
kanazawa_266_310_105_197.png,5
kanazawa_266_310_53_184.png,5
kanazawa_266_310_90_239.png,5
kanazawa_266_310_50_241.png,6
kanazawa_266_310_236_200.png,3
kanazawa_266_310_41_73.png,6
kanazawa_266_310_100_203.png,5
kanazawa_266_310_79_57.png,6
kanazawa_266_310_168_26.png,6
kanazawa_266_310_22_84.png,6
kanazawa_266_310_168_137.png,3
kanazawa_266_310_178_140.png,3
kanazawa_266_310_151_235.png,3
kanazawa_266_310_165_153.png,3
kanazawa_266_310_247_239.png,3
kanazawa_266_310_186_181.png,3
kanazawa_266_310_56_282.png,6
kanazawa_266_310_70_52.png,6
kanazawa_266_310_192_260.png,3
kanazawa_266_310_29_116.png,6
kanazawa_266_310_210_120.png,3
kanazawa_266_310_167_67.png,5
kanazawa_266_310_186_155.png,3
kanazawa_266_310_13_85.png,6
kanazawa_266_310_201_37.png,1
kanazawa_266_310_88_68.png,6
kanazawa_266_310_105_52.png,6
kanazawa_266_310_141_253.png,3
kanazawa_266_310_167_269.png,3
kanazawa_266_310_124_189.png,5
kanazawa_266_310_47_215.png,6
kanazawa_266_310_50_56.png,6
kanazawa_266_310_212_83.png,3
kanazawa_266_310_58_259.png,6
kanazawa_266_310_176_190.png,3
kanazawa_266_310_85_159.png,3
kanazawa_266_310_56_296.png,6
kanazawa_266_310_219_234.png,3
kanazawa_266_310_67_120.png,6
kanazawa_266_310_30_63.png,6
kanazawa_266_310_234_102.png,3
kanazawa_266_310_83_43.png,6
kanazawa_266_310_221_16.png,5
kanazawa_266_310_92_65.png,6
kanazawa_266_310_45_253.png,6
kanazawa_266_310_130_93.png,1
kanazawa_266_310_152_123.png,3
kanazawa_266_310_107_206.png,5
kanazawa_266_310_123_36.png,6
kanazawa_266_310_111_36.png,6
kanazawa_266_310_160_34.png,6
kanazawa_266_310_201_149.png,3
kanazawa_266_310_92_233.png,5
kanazawa_266_310_243_174.png,3
kanazawa_266_310_219_121.png,3
kanazawa_266_310_103_190.png,5
kanazawa_266_310_99_79.png,6
kanazawa_266_310_227_165.png,3
kanazawa_266_310_46_222.png,6
kanazawa_266_310_50_210.png,6
kanazawa_266_310_190_196.png,3
kanazawa_266_310_62_99.png,6
kanazawa_266_310_26_126.png,6
kanazawa_266_310_7_71.png,6
kanazawa_266_310_181_86.png,3
kanazawa_266_310_159_47.png,6
kanazawa_266_310_197_223.png,3
kanazawa_266_310_128_202.png,5
kanazawa_266_310_30_102.png,6
kanazawa_266_310_121_116.png,5
kanazawa_266_310_88_214.png,1
kanazawa_266_310_84_41.png,6
kanazawa_266_310_27_96.png,6
kanazawa_266_310_147_126.png,3
kanazawa_266_310_44_80.png,6
kanazawa_266_310_87_202.png,5
kanazawa_266_310_61_126.png,3
kanazawa_266_310_169_27.png,6
kanazawa_266_310_148_90.png,1
kanazawa_266_310_97_169.png,3
kanazawa_266_310_60_50.png,6
kanazawa_266_310_201_242.png,3
kanazawa_266_310_153_156.png,3
kanazawa_266_310_60_109.png,6
kanazawa_266_310_47_91.png,6
kanazawa_266_310_48_293.png,6
kanazawa_266_310_211_95.png,3
kanazawa_266_310_195_243.png,3
kanazawa_266_310_202_141.png,3
kanazawa_266_310_167_117.png,3
kanazawa_266_310_206_221.png,6
kanazawa_266_310_178_196.png,3
kanazawa_266_310_113_159.png,3
kanazawa_266_310_214_18.png,5
kanazawa_266_310_80_265.png,6
kanazawa_266_310_106_148.png,3
kanazawa_266_310_72_264.png,6
kanazawa_266_310_187_29.png,3
kanazawa_266_310_88_114.png,3
kanazawa_266_310_64_273.png,6
kanazawa_266_310_81_99.png,6
kanazawa_266_310_206_216.png,3
kanazawa_266_310_165_35.png,6
kanazawa_266_310_174_130.png,3
kanazawa_266_310_176_107.png,3
kanazawa_266_310_140_137.png,3
kanazawa_266_310_138_29.png,6
kanazawa_266_310_17_66.png,6
kanazawa_266_310_139_127.png,3
kanazawa_266_310_110_72.png,6
kanazawa_266_310_236_210.png,3
kanazawa_266_310_248_200.png,3
kanazawa_266_310_56_120.png,6
kanazawa_266_310_175_151.png,3
kanazawa_266_310_108_88.png,6
kanazawa_266_310_247_154.png,3
kanazawa_266_310_53_267.png,6
kanazawa_266_310_29_106.png,6
kanazawa_266_310_118_48.png,6
kanazawa_266_310_192_199.png,3
kanazawa_266_310_182_258.png,3
kanazawa_266_310_144_187.png,5
kanazawa_266_310_215_15.png,5
kanazawa_266_310_123_171.png,5
kanazawa_266_310_167_187.png,3
kanazawa_266_310_203_231.png,3
kanazawa_266_310_159_229.png,3
kanazawa_266_310_85_71.png,6
kanazawa_266_310_111_122.png,1
kanazawa_266_310_117_211.png,1
kanazawa_266_310_47_106.png,6
kanazawa_266_310_73_281.png,6
kanazawa_266_310_31_102.png,6
kanazawa_266_310_221_15.png,5
kanazawa_266_310_223_37.png,3
kanazawa_266_310_51_95.png,6
kanazawa_266_310_177_174.png,3
kanazawa_266_310_107_282.png,1
kanazawa_266_310_132_48.png,6
kanazawa_266_310_99_52.png,6
kanazawa_266_310_216_209.png,3
kanazawa_266_310_187_174.png,3
kanazawa_266_310_202_53.png,5
kanazawa_266_310_43_256.png,6
kanazawa_266_310_73_235.png,6
kanazawa_266_310_171_87.png,5
kanazawa_266_310_234_153.png,3
kanazawa_266_310_33_57.png,6
kanazawa_266_310_220_55.png,3
kanazawa_266_310_214_65.png,3
kanazawa_266_310_73_116.png,6
kanazawa_266_310_120_208.png,5
kanazawa_266_310_211_46.png,3
kanazawa_266_310_182_180.png,3
kanazawa_266_310_61_302.png,6
kanazawa_266_310_83_246.png,1
kanazawa_266_310_44_213.png,6
kanazawa_266_310_180_174.png,3
kanazawa_266_310_32_85.png,6
kanazawa_266_310_57_110.png,6
kanazawa_266_310_78_279.png,6
kanazawa_266_310_242_228.png,3
kanazawa_266_310_79_111.png,6
kanazawa_266_310_25_150.png,3
kanazawa_266_310_121_82.png,3
kanazawa_266_310_166_215.png,3
kanazawa_266_310_36_124.png,6
kanazawa_266_310_244_137.png,3
kanazawa_266_310_91_258.png,5
kanazawa_266_310_71_86.png,6
kanazawa_266_310_52_274.png,6
kanazawa_266_310_76_280.png,6
kanazawa_266_310_201_102.png,3
kanazawa_266_310_136_37.png,6
kanazawa_266_310_100_277.png,1
kanazawa_266_310_49_142.png,5
kanazawa_266_310_117_270.png,1
kanazawa_266_310_106_41.png,6
kanazawa_266_310_51_111.png,6
kanazawa_266_310_116_138.png,3
kanazawa_266_310_209_150.png,3
kanazawa_266_310_155_92.png,1
kanazawa_266_310_161_182.png,5
kanazawa_266_310_195_13.png,6
kanazawa_266_310_12_116.png,6
kanazawa_266_310_63_268.png,6
kanazawa_266_310_259_234.png,3
kanazawa_266_310_78_285.png,6
kanazawa_266_310_223_117.png,3
kanazawa_266_310_81_165.png,3
kanazawa_266_310_43_121.png,6
kanazawa_266_310_197_198.png,3
kanazawa_266_310_67_282.png,6
kanazawa_266_310_50_297.png,6
kanazawa_266_310_105_84.png,6
kanazawa_266_310_168_93.png,3
kanazawa_266_310_9_99.png,6
kanazawa_266_310_107_163.png,3
kanazawa_266_310_181_111.png,3
kanazawa_266_310_56_105.png,6
kanazawa_266_310_200_150.png,3
kanazawa_266_310_242_175.png,3
kanazawa_266_310_20_138.png,3
kanazawa_266_310_233_233.png,3
kanazawa_266_310_217_184.png,3
kanazawa_266_310_170_72.png,5
kanazawa_266_310_53_219.png,6
kanazawa_266_310_218_133.png,3
kanazawa_266_310_203_8.png,6
kanazawa_266_310_236_227.png,3
kanazawa_266_310_127_259.png,5
kanazawa_266_310_222_207.png,3
kanazawa_266_310_73_292.png,6
kanazawa_266_310_229_245.png,3
kanazawa_266_310_114_263.png,1
kanazawa_266_310_94_136.png,3
kanazawa_266_310_56_202.png,3
kanazawa_266_310_193_91.png,3
kanazawa_266_310_229_231.png,3
kanazawa_266_310_87_280.png,1
kanazawa_266_310_171_72.png,5
kanazawa_266_310_47_284.png,6
kanazawa_266_310_199_147.png,3
kanazawa_266_310_102_160.png,3
kanazawa_266_310_149_29.png,6
kanazawa_266_310_232_146.png,3
kanazawa_266_310_239_120.png,3
kanazawa_266_310_175_190.png,3
kanazawa_266_310_137_168.png,3
kanazawa_266_310_135_257.png,5
kanazawa_266_310_83_129.png,3
kanazawa_266_310_61_104.png,6
kanazawa_266_310_228_166.png,3
kanazawa_266_310_104_244.png,5
kanazawa_266_310_55_155.png,3
kanazawa_266_310_209_202.png,3
kanazawa_266_310_48_102.png,6
kanazawa_266_310_211_164.png,3
kanazawa_266_310_216_204.png,3
kanazawa_266_310_53_113.png,6
kanazawa_266_310_134_70.png,6
kanazawa_266_310_144_166.png,5
kanazawa_266_310_175_15.png,6
kanazawa_266_310_83_252.png,5
kanazawa_266_310_23_126.png,6
kanazawa_266_310_185_14.png,6
kanazawa_266_310_223_75.png,3
kanazawa_266_310_75_291.png,6
kanazawa_266_310_183_46.png,5
kanazawa_266_310_56_302.png,6
kanazawa_266_310_144_113.png,3
kanazawa_266_310_90_256.png,5
kanazawa_266_310_39_182.png,3
kanazawa_266_310_234_200.png,6
kanazawa_266_310_105_249.png,5
kanazawa_266_310_123_181.png,5
kanazawa_266_310_200_75.png,3
kanazawa_266_310_113_117.png,3
kanazawa_266_310_230_94.png,3
kanazawa_266_310_247_246.png,3
kanazawa_266_310_72_64.png,6
kanazawa_266_310_38_86.png,6
kanazawa_266_310_69_77.png,6
kanazawa_266_310_216_112.png,3
kanazawa_266_310_226_184.png,3
kanazawa_266_310_88_84.png,6
kanazawa_266_310_187_36.png,5
kanazawa_266_310_177_178.png,3
kanazawa_266_310_244_138.png,3
kanazawa_266_310_118_179.png,5
kanazawa_266_310_229_212.png,3
kanazawa_266_310_52_283.png,6
kanazawa_266_310_64_248.png,6
kanazawa_266_310_50_102.png,6
kanazawa_266_310_118_142.png,3
kanazawa_266_310_139_75.png,3
kanazawa_266_310_95_292.png,1
kanazawa_266_310_219_50.png,3
kanazawa_266_310_174_184.png,3
kanazawa_266_310_125_104.png,5
kanazawa_266_310_74_271.png,6
kanazawa_266_310_143_228.png,3
kanazawa_266_310_206_227.png,3
kanazawa_266_310_132_182.png,5
kanazawa_266_310_160_189.png,3
kanazawa_266_310_218_193.png,3
kanazawa_266_310_114_63.png,6
kanazawa_266_310_133_116.png,5
kanazawa_266_310_132_60.png,6
kanazawa_266_310_205_147.png,3
kanazawa_266_310_41_85.png,6
kanazawa_266_310_45_103.png,6
kanazawa_266_310_220_67.png,3
kanazawa_266_310_126_209.png,5
kanazawa_266_310_16_85.png,6
kanazawa_266_310_78_52.png,6
kanazawa_266_310_210_156.png,3
kanazawa_266_310_220_149.png,3
kanazawa_266_310_30_131.png,6
kanazawa_266_310_135_204.png,5
kanazawa_266_310_203_220.png,3
kanazawa_266_310_197_208.png,3
kanazawa_266_310_44_217.png,6
kanazawa_266_310_116_89.png,6
kanazawa_266_310_24_122.png,6
kanazawa_266_310_84_97.png,6
kanazawa_266_310_144_200.png,1
kanazawa_266_310_206_212.png,3
kanazawa_266_310_39_129.png,6
kanazawa_266_310_190_102.png,3
kanazawa_266_310_141_67.png,6
kanazawa_266_310_159_27.png,6
kanazawa_266_310_62_109.png,6
kanazawa_266_310_65_214.png,5
kanazawa_266_310_192_162.png,3
kanazawa_266_310_193_146.png,3
kanazawa_266_310_214_105.png,3
kanazawa_266_310_43_247.png,6
kanazawa_266_310_34_230.png,6
kanazawa_266_310_99_280.png,1
kanazawa_266_310_199_245.png,3
kanazawa_266_310_204_149.png,3
kanazawa_266_310_243_207.png,3
kanazawa_266_310_190_263.png,3
kanazawa_266_310_207_111.png,3
kanazawa_266_310_168_31.png,6
kanazawa_266_310_228_156.png,3
kanazawa_266_310_61_56.png,6
kanazawa_266_310_77_232.png,1
kanazawa_266_310_216_182.png,3
kanazawa_266_310_210_134.png,3
kanazawa_266_310_165_187.png,3
kanazawa_266_310_226_202.png,3
kanazawa_266_310_177_103.png,3
kanazawa_266_310_237_101.png,3
kanazawa_266_310_173_55.png,1
kanazawa_266_310_175_24.png,6
kanazawa_266_310_132_44.png,6
kanazawa_266_310_35_175.png,3
kanazawa_266_310_184_165.png,3
kanazawa_266_310_137_43.png,6
kanazawa_266_310_46_84.png,6
kanazawa_266_310_117_62.png,6
kanazawa_266_310_138_186.png,5
kanazawa_266_310_232_235.png,3
kanazawa_266_310_130_154.png,3
kanazawa_266_310_30_105.png,6
kanazawa_266_310_173_225.png,3
kanazawa_266_310_53_69.png,6
kanazawa_266_310_78_197.png,3
kanazawa_266_310_79_232.png,1
kanazawa_266_310_173_34.png,6
kanazawa_266_310_9_108.png,6
kanazawa_266_310_149_31.png,6
kanazawa_266_310_211_121.png,3
kanazawa_266_310_127_106.png,1
kanazawa_266_310_216_108.png,3
kanazawa_266_310_209_230.png,3
kanazawa_266_310_212_165.png,3
kanazawa_266_310_71_243.png,6
kanazawa_266_310_85_228.png,5
kanazawa_266_310_177_233.png,3
kanazawa_266_310_26_80.png,6
kanazawa_266_310_243_227.png,3
kanazawa_266_310_229_110.png,3
kanazawa_266_310_158_74.png,1
kanazawa_266_310_215_17.png,5
kanazawa_266_310_117_47.png,6
kanazawa_266_310_91_232.png,5
kanazawa_266_310_116_65.png,6
kanazawa_266_310_141_54.png,6
kanazawa_266_310_94_211.png,1
kanazawa_266_310_28_66.png,6
kanazawa_266_310_173_154.png,3
kanazawa_266_310_30_127.png,6
kanazawa_266_310_115_76.png,6
kanazawa_266_310_50_212.png,6
kanazawa_266_310_48_133.png,3
kanazawa_266_310_77_87.png,6
kanazawa_266_310_42_106.png,6
kanazawa_266_310_48_206.png,6
kanazawa_266_310_96_277.png,1
kanazawa_266_310_90_56.png,6
kanazawa_266_310_152_71.png,5
kanazawa_266_310_220_16.png,5
kanazawa_266_310_145_266.png,3
kanazawa_266_310_245_225.png,3
kanazawa_266_310_196_124.png,3
kanazawa_266_310_214_193.png,3
kanazawa_266_310_199_247.png,3
kanazawa_266_310_169_235.png,3
kanazawa_266_310_54_125.png,6
kanazawa_266_310_51_301.png,6
kanazawa_266_310_249_163.png,3
kanazawa_266_310_140_217.png,3
kanazawa_266_310_76_52.png,6
kanazawa_266_310_192_79.png,3
kanazawa_266_310_27_78.png,6
kanazawa_266_310_165_213.png,3
kanazawa_266_310_209_204.png,3
kanazawa_266_310_126_262.png,5
kanazawa_266_310_108_277.png,1
kanazawa_266_310_200_10.png,6
kanazawa_266_310_111_286.png,1
kanazawa_266_310_65_283.png,6
kanazawa_266_310_200_73.png,3
kanazawa_266_310_115_71.png,6
kanazawa_266_310_81_59.png,6
kanazawa_266_310_166_158.png,3
kanazawa_266_310_198_248.png,3
kanazawa_266_310_13_66.png,6
kanazawa_266_310_240_247.png,3
kanazawa_266_310_39_132.png,3
kanazawa_266_310_139_155.png,3
kanazawa_266_310_101_124.png,3
kanazawa_266_310_207_40.png,3
kanazawa_266_310_200_144.png,3
kanazawa_266_310_242_129.png,3
kanazawa_266_310_198_144.png,3
kanazawa_266_310_231_81.png,3
kanazawa_266_310_39_249.png,6
kanazawa_266_310_211_125.png,3
kanazawa_266_310_189_162.png,3
kanazawa_266_310_15_73.png,6
kanazawa_266_310_94_108.png,3
kanazawa_266_310_114_147.png,3
kanazawa_266_310_230_148.png,3
kanazawa_266_310_189_235.png,3
kanazawa_266_310_89_152.png,3
kanazawa_266_310_6_90.png,6
kanazawa_266_310_195_84.png,3
kanazawa_266_310_128_106.png,5
kanazawa_266_310_214_103.png,3
kanazawa_266_310_79_260.png,6
kanazawa_266_310_107_59.png,6
kanazawa_266_310_224_198.png,3
kanazawa_266_310_232_214.png,3
kanazawa_266_310_162_59.png,5
kanazawa_266_310_48_216.png,6
kanazawa_266_310_51_225.png,6
kanazawa_266_310_100_238.png,1
kanazawa_266_310_101_127.png,3
kanazawa_266_310_65_149.png,3
kanazawa_266_310_219_243.png,3
kanazawa_266_310_209_251.png,3
kanazawa_266_310_45_143.png,5
kanazawa_266_310_97_266.png,1
kanazawa_266_310_53_93.png,6
kanazawa_266_310_230_182.png,3
kanazawa_266_310_193_41.png,5
kanazawa_266_310_73_278.png,6
kanazawa_266_310_132_263.png,5
kanazawa_266_310_62_66.png,6
kanazawa_266_310_98_68.png,6
kanazawa_266_310_94_87.png,6
kanazawa_266_310_67_50.png,6
kanazawa_266_310_103_97.png,6
kanazawa_266_310_206_248.png,3
kanazawa_266_310_159_30.png,6
kanazawa_266_310_228_122.png,3
kanazawa_266_310_144_119.png,3
kanazawa_266_310_93_67.png,6
kanazawa_266_310_177_151.png,3
kanazawa_266_310_87_271.png,5
kanazawa_266_310_41_93.png,6
kanazawa_266_310_71_123.png,3
kanazawa_266_310_152_163.png,5
kanazawa_266_310_33_146.png,5
kanazawa_266_310_169_204.png,3
kanazawa_266_310_210_135.png,3
kanazawa_266_310_167_59.png,5
kanazawa_266_310_55_130.png,3
kanazawa_266_310_191_97.png,3
kanazawa_266_310_213_16.png,6
kanazawa_266_310_193_112.png,3
kanazawa_266_310_82_55.png,6
kanazawa_266_310_94_207.png,5
kanazawa_266_310_234_107.png,3
kanazawa_266_310_56_110.png,6
kanazawa_266_310_201_34.png,1
kanazawa_266_310_238_210.png,3
kanazawa_266_310_217_144.png,3
kanazawa_266_310_171_196.png,3
kanazawa_266_310_200_122.png,3
kanazawa_266_310_55_76.png,6
kanazawa_266_310_64_71.png,6
kanazawa_266_310_15_102.png,6
kanazawa_266_310_159_158.png,3
kanazawa_266_310_49_159.png,3
kanazawa_266_310_76_64.png,6
kanazawa_266_310_68_234.png,6
kanazawa_266_310_179_114.png,3
kanazawa_266_310_15_78.png,6
kanazawa_266_310_227_183.png,3
kanazawa_266_310_68_204.png,3
kanazawa_266_310_84_236.png,1
kanazawa_266_310_256_230.png,3
kanazawa_266_310_49_94.png,6
kanazawa_266_310_58_243.png,6
kanazawa_266_310_59_99.png,6
kanazawa_266_310_80_112.png,6
kanazawa_266_310_22_144.png,5
kanazawa_266_310_133_251.png,5
kanazawa_266_310_60_136.png,5
kanazawa_266_310_53_227.png,6
kanazawa_266_310_14_73.png,6
kanazawa_266_310_114_258.png,1
kanazawa_266_310_26_127.png,6
kanazawa_266_310_156_233.png,3
kanazawa_266_310_187_170.png,3
kanazawa_266_310_212_119.png,3
kanazawa_266_310_139_104.png,1
kanazawa_266_310_194_176.png,3
kanazawa_266_310_54_254.png,6
kanazawa_266_310_207_244.png,3
kanazawa_266_310_88_244.png,5
kanazawa_266_310_138_67.png,6
kanazawa_266_310_26_59.png,6
kanazawa_266_310_237_184.png,3
kanazawa_266_310_212_228.png,3
kanazawa_266_310_187_112.png,3
kanazawa_266_310_219_21.png,5
kanazawa_266_310_22_115.png,6
kanazawa_266_310_57_53.png,6
kanazawa_266_310_101_136.png,3
kanazawa_266_310_172_247.png,3
kanazawa_266_310_164_202.png,3
kanazawa_266_310_219_189.png,3
kanazawa_266_310_80_98.png,6
kanazawa_266_310_122_207.png,5
kanazawa_266_310_101_107.png,4
kanazawa_266_310_206_115.png,3
kanazawa_266_310_59_222.png,6
kanazawa_266_310_202_101.png,3
kanazawa_266_310_49_104.png,6
kanazawa_266_310_240_235.png,3
kanazawa_266_310_162_212.png,3
kanazawa_266_310_186_51.png,1
kanazawa_266_310_156_37.png,6
kanazawa_266_310_149_131.png,3
kanazawa_266_310_82_221.png,1
kanazawa_266_310_92_82.png,6
kanazawa_266_310_204_163.png,3
kanazawa_266_310_22_112.png,6
kanazawa_266_310_64_206.png,1
kanazawa_266_310_194_80.png,3
kanazawa_266_310_82_116.png,3
kanazawa_266_310_31_186.png,3
kanazawa_266_310_61_65.png,6
kanazawa_266_310_227_112.png,3
kanazawa_266_310_74_261.png,6
kanazawa_266_310_91_194.png,5
kanazawa_266_310_111_207.png,5
kanazawa_266_310_144_85.png,1
kanazawa_266_310_225_183.png,3
kanazawa_266_310_16_83.png,6
kanazawa_266_310_230_109.png,3
kanazawa_266_310_75_91.png,6
kanazawa_266_310_170_45.png,3
kanazawa_266_310_232_95.png,3
kanazawa_266_310_236_202.png,3
kanazawa_266_310_180_35.png,3
kanazawa_266_310_203_234.png,3
kanazawa_266_310_141_90.png,1
kanazawa_266_310_186_187.png,3
kanazawa_266_310_145_52.png,6
kanazawa_266_310_35_211.png,5
kanazawa_266_310_115_144.png,3
kanazawa_266_310_179_52.png,5
kanazawa_266_310_125_275.png,5
kanazawa_266_310_188_253.png,3
kanazawa_266_310_73_198.png,5
kanazawa_266_310_187_34.png,1
kanazawa_266_310_110_217.png,5
kanazawa_266_310_202_211.png,3
kanazawa_266_310_167_217.png,3
kanazawa_266_310_88_257.png,5
kanazawa_266_310_135_60.png,6
kanazawa_266_310_201_239.png,3
kanazawa_266_310_199_238.png,3
kanazawa_266_310_186_72.png,3
kanazawa_266_310_256_221.png,3
kanazawa_266_310_149_59.png,6
kanazawa_266_310_40_81.png,6
kanazawa_266_310_153_58.png,3
kanazawa_266_310_199_204.png,3
kanazawa_266_310_58_288.png,6
kanazawa_266_310_199_154.png,3
kanazawa_266_310_101_46.png,6
kanazawa_266_310_187_223.png,3
kanazawa_266_310_81_248.png,1
kanazawa_266_310_233_130.png,3
kanazawa_266_310_165_55.png,5
kanazawa_266_310_223_143.png,3
kanazawa_266_310_40_82.png,6
kanazawa_266_310_161_109.png,4
kanazawa_266_310_84_153.png,3
kanazawa_266_310_179_35.png,3
kanazawa_266_310_172_222.png,3
kanazawa_266_310_219_205.png,3
kanazawa_266_310_149_130.png,3
kanazawa_266_310_66_76.png,6
kanazawa_266_310_59_225.png,6
kanazawa_266_310_85_79.png,6
kanazawa_266_310_94_253.png,5
kanazawa_266_310_210_129.png,3
kanazawa_266_310_44_247.png,6
kanazawa_266_310_115_238.png,3
kanazawa_266_310_58_88.png,6
kanazawa_266_310_37_145.png,5
kanazawa_266_310_170_224.png,3
kanazawa_266_310_92_50.png,6
kanazawa_266_310_16_80.png,6
kanazawa_266_310_137_47.png,6
kanazawa_266_310_118_204.png,5
kanazawa_266_310_178_194.png,3
kanazawa_266_310_127_141.png,3
kanazawa_266_310_96_173.png,3
kanazawa_266_310_79_241.png,1
kanazawa_266_310_70_79.png,6
kanazawa_266_310_95_41.png,6
kanazawa_266_310_56_85.png,6
kanazawa_266_310_126_43.png,6
kanazawa_266_310_215_205.png,3
kanazawa_266_310_254_229.png,3
kanazawa_266_310_163_248.png,3
kanazawa_266_310_66_78.png,6
kanazawa_266_310_51_135.png,5
kanazawa_266_310_151_116.png,3
kanazawa_266_310_111_187.png,5
kanazawa_266_310_159_85.png,5
kanazawa_266_310_65_121.png,6
kanazawa_266_310_254_211.png,3
kanazawa_266_310_95_223.png,5
kanazawa_266_310_95_276.png,5
kanazawa_266_310_51_118.png,6
kanazawa_266_310_6_87.png,6
kanazawa_266_310_104_219.png,5
kanazawa_266_310_63_301.png,6
kanazawa_266_310_51_82.png,6
kanazawa_266_310_63_230.png,6
kanazawa_266_310_31_163.png,5
kanazawa_266_310_219_128.png,3
kanazawa_266_310_208_75.png,3
kanazawa_266_310_116_35.png,6
kanazawa_266_310_103_238.png,1
kanazawa_266_310_217_213.png,3
kanazawa_266_310_68_124.png,3
kanazawa_266_310_174_78.png,1
kanazawa_266_310_91_78.png,6
kanazawa_266_310_160_208.png,3
kanazawa_266_310_84_171.png,3
kanazawa_266_310_60_117.png,6
kanazawa_266_310_55_222.png,6
kanazawa_266_310_135_125.png,3
kanazawa_266_310_131_88.png,1
kanazawa_266_310_50_200.png,5
kanazawa_266_310_126_39.png,6
kanazawa_266_310_78_291.png,6
kanazawa_266_310_99_80.png,6
kanazawa_266_310_195_210.png,3
kanazawa_266_310_38_82.png,6
kanazawa_266_310_146_228.png,3
kanazawa_266_310_84_187.png,3
kanazawa_266_310_51_57.png,6
kanazawa_266_310_228_216.png,3
kanazawa_266_310_179_48.png,5
kanazawa_266_310_223_191.png,3
kanazawa_266_310_85_100.png,6
kanazawa_266_310_70_76.png,6
kanazawa_266_310_68_252.png,6
kanazawa_266_310_108_83.png,6
kanazawa_266_310_118_276.png,1
kanazawa_266_310_106_93.png,6
kanazawa_266_310_192_249.png,3
kanazawa_266_310_129_114.png,1
kanazawa_266_310_227_201.png,3
kanazawa_266_310_168_104.png,3
kanazawa_266_310_217_243.png,3
kanazawa_266_310_107_75.png,6
kanazawa_266_310_53_75.png,6
kanazawa_266_310_213_241.png,3
kanazawa_266_310_68_70.png,6
kanazawa_266_310_162_198.png,3
kanazawa_266_310_219_156.png,3
kanazawa_266_310_157_73.png,1
kanazawa_266_310_215_241.png,3
kanazawa_266_310_196_130.png,3
kanazawa_266_310_195_122.png,3
kanazawa_266_310_53_63.png,6
kanazawa_266_310_136_108.png,1
kanazawa_266_310_251_207.png,3
kanazawa_266_310_51_251.png,6
kanazawa_266_310_197_132.png,3
kanazawa_266_310_45_63.png,6
kanazawa_266_310_146_48.png,6
kanazawa_266_310_123_248.png,5
kanazawa_266_310_222_225.png,3
kanazawa_266_310_228_222.png,3
kanazawa_266_310_68_82.png,6
kanazawa_266_310_75_292.png,6
kanazawa_266_310_113_160.png,3
kanazawa_266_310_213_236.png,3
kanazawa_266_310_252_183.png,3
kanazawa_266_310_149_198.png,3
kanazawa_266_310_119_167.png,5
kanazawa_266_310_84_246.png,1
kanazawa_266_310_190_227.png,3
kanazawa_266_310_164_259.png,3
kanazawa_266_310_127_121.png,3
kanazawa_266_310_108_67.png,6
kanazawa_266_310_87_101.png,6
kanazawa_266_310_61_213.png,3
kanazawa_266_310_210_140.png,3
kanazawa_266_310_81_65.png,6
kanazawa_266_310_57_163.png,3
kanazawa_266_310_46_54.png,6
kanazawa_266_310_187_123.png,3
kanazawa_266_310_236_106.png,3
kanazawa_266_310_111_214.png,5
kanazawa_266_310_82_42.png,6
kanazawa_266_310_52_210.png,6
kanazawa_266_310_190_169.png,3
kanazawa_266_310_205_53.png,5
kanazawa_266_310_37_242.png,6
kanazawa_266_310_120_37.png,6
kanazawa_266_310_52_60.png,6
kanazawa_266_310_13_72.png,6
kanazawa_266_310_158_139.png,3
kanazawa_266_310_35_204.png,3
kanazawa_266_310_30_216.png,3
kanazawa_266_310_213_156.png,3
kanazawa_266_310_156_251.png,3
kanazawa_266_310_197_166.png,3
kanazawa_266_310_235_148.png,3
kanazawa_266_310_111_65.png,6
kanazawa_266_310_125_133.png,3
kanazawa_266_310_190_208.png,3
kanazawa_266_310_122_138.png,3
kanazawa_266_310_218_190.png,3
kanazawa_266_310_114_157.png,3
kanazawa_266_310_55_232.png,6
kanazawa_266_310_42_163.png,3
kanazawa_266_310_191_121.png,3
kanazawa_266_310_246_194.png,3
kanazawa_266_310_204_159.png,3
kanazawa_266_310_106_176.png,5
kanazawa_266_310_35_106.png,6
kanazawa_266_310_184_142.png,3
kanazawa_266_310_123_257.png,5
kanazawa_266_310_62_75.png,6
kanazawa_266_310_134_146.png,3
kanazawa_266_310_254_223.png,3
kanazawa_266_310_243_151.png,4
kanazawa_266_310_81_61.png,6
kanazawa_266_310_184_41.png,5
kanazawa_266_310_88_204.png,1
kanazawa_266_310_191_173.png,3
kanazawa_266_310_123_91.png,5
kanazawa_266_310_51_103.png,6
kanazawa_266_310_17_122.png,6
kanazawa_266_310_221_112.png,3
kanazawa_266_310_163_43.png,6
kanazawa_266_310_194_43.png,1
kanazawa_266_310_165_227.png,3
kanazawa_266_310_250_226.png,3
kanazawa_266_310_207_76.png,3
kanazawa_266_310_174_73.png,5
kanazawa_266_310_183_182.png,3
kanazawa_266_310_83_166.png,3
kanazawa_266_310_95_44.png,6
kanazawa_266_310_211_202.png,3
kanazawa_266_310_108_62.png,6
kanazawa_266_310_149_171.png,5
kanazawa_266_310_126_38.png,6
kanazawa_266_310_42_63.png,6
kanazawa_266_310_97_178.png,3
kanazawa_266_310_211_33.png,5
kanazawa_266_310_122_140.png,3
kanazawa_266_310_80_197.png,3
kanazawa_266_310_198_235.png,3
kanazawa_266_310_176_95.png,3
kanazawa_266_310_204_179.png,3
kanazawa_266_310_154_23.png,6
kanazawa_266_310_205_246.png,3
kanazawa_266_310_105_207.png,5
kanazawa_266_310_148_149.png,3
kanazawa_266_310_73_61.png,6
kanazawa_266_310_93_205.png,5
kanazawa_266_310_153_46.png,6
kanazawa_266_310_72_280.png,6
kanazawa_266_310_165_86.png,5
kanazawa_266_310_171_37.png,6
kanazawa_266_310_190_218.png,3
kanazawa_266_310_45_282.png,6
kanazawa_266_310_98_228.png,5
kanazawa_266_310_164_204.png,3
kanazawa_266_310_146_170.png,1
kanazawa_266_310_61_215.png,6
kanazawa_266_310_85_282.png,1
kanazawa_266_310_126_187.png,5
kanazawa_266_310_68_281.png,6
kanazawa_266_310_198_180.png,3
kanazawa_266_310_185_261.png,3
kanazawa_266_310_129_264.png,5
kanazawa_266_310_103_142.png,3
kanazawa_266_310_220_136.png,3
kanazawa_266_310_119_122.png,1
kanazawa_266_310_180_231.png,3
kanazawa_266_310_185_161.png,3
kanazawa_266_310_219_152.png,3
kanazawa_266_310_168_195.png,3
kanazawa_266_310_10_107.png,6
kanazawa_266_310_210_46.png,3
kanazawa_266_310_222_155.png,3
kanazawa_266_310_58_70.png,6
kanazawa_266_310_69_96.png,6
kanazawa_266_310_53_289.png,6
kanazawa_266_310_126_63.png,6
kanazawa_266_310_136_145.png,4
kanazawa_266_310_208_245.png,3
kanazawa_266_310_226_206.png,3
kanazawa_266_310_207_149.png,3
kanazawa_266_310_57_173.png,3
kanazawa_266_310_21_121.png,6
kanazawa_266_310_154_85.png,1
kanazawa_266_310_42_216.png,6
kanazawa_266_310_191_137.png,3
kanazawa_266_310_239_242.png,3
kanazawa_266_310_85_87.png,6
kanazawa_266_310_85_137.png,3
kanazawa_266_310_215_119.png,3
kanazawa_266_310_113_200.png,5
kanazawa_266_310_48_243.png,6
kanazawa_266_310_239_148.png,3
kanazawa_266_310_141_190.png,5
kanazawa_266_310_169_108.png,3
kanazawa_266_310_189_157.png,3
kanazawa_266_310_38_256.png,6
kanazawa_266_310_118_131.png,3
kanazawa_266_310_220_13.png,5
kanazawa_266_310_56_72.png,6
kanazawa_266_310_109_276.png,1
kanazawa_266_310_145_77.png,1
kanazawa_266_310_137_67.png,6
kanazawa_266_310_198_183.png,3
kanazawa_266_310_42_67.png,6
kanazawa_266_310_232_246.png,3
kanazawa_266_310_212_15.png,6
kanazawa_266_310_47_131.png,3
kanazawa_266_310_172_152.png,3
kanazawa_266_310_175_22.png,6
kanazawa_266_310_33_93.png,6
kanazawa_266_310_198_20.png,1
kanazawa_266_310_248_210.png,3
kanazawa_266_310_145_83.png,1
kanazawa_266_310_161_249.png,3
kanazawa_266_310_29_68.png,6
kanazawa_266_310_131_135.png,3
kanazawa_266_310_115_33.png,6
kanazawa_266_310_66_193.png,3
kanazawa_266_310_240_229.png,3
kanazawa_266_310_35_89.png,6
kanazawa_266_310_90_246.png,5
kanazawa_266_310_176_181.png,3
kanazawa_266_310_198_11.png,6
kanazawa_266_310_153_216.png,3
kanazawa_266_310_21_92.png,6
kanazawa_266_310_131_181.png,5
kanazawa_266_310_190_129.png,3
kanazawa_266_310_141_169.png,5
kanazawa_266_310_198_105.png,3
kanazawa_266_310_47_236.png,6
kanazawa_266_310_197_165.png,3
kanazawa_266_310_46_56.png,6
kanazawa_266_310_120_121.png,5
kanazawa_266_310_248_232.png,3
kanazawa_266_310_38_55.png,6
kanazawa_266_310_147_238.png,3
kanazawa_266_310_121_279.png,5
kanazawa_266_310_45_279.png,6
kanazawa_266_310_251_187.png,3
kanazawa_266_310_33_110.png,6
kanazawa_266_310_247_216.png,3
kanazawa_266_310_223_129.png,3
kanazawa_266_310_193_203.png,3
kanazawa_266_310_65_273.png,6
kanazawa_266_310_55_118.png,6
kanazawa_266_310_38_227.png,6
kanazawa_266_310_179_152.png,3
kanazawa_266_310_79_84.png,6
kanazawa_266_310_216_20.png,5
kanazawa_266_310_171_63.png,5
kanazawa_266_310_119_222.png,3
kanazawa_266_310_81_134.png,5
kanazawa_266_310_100_81.png,6
kanazawa_266_310_64_196.png,5
kanazawa_266_310_188_107.png,3
kanazawa_266_310_157_38.png,6
kanazawa_266_310_139_153.png,6
kanazawa_266_310_178_94.png,3
kanazawa_266_310_45_102.png,6
kanazawa_266_310_202_222.png,3
kanazawa_266_310_212_223.png,3
kanazawa_266_310_168_204.png,3
kanazawa_266_310_222_31.png,3
kanazawa_266_310_203_135.png,3
kanazawa_266_310_89_174.png,3
kanazawa_266_310_201_200.png,3
kanazawa_266_310_246_230.png,3
kanazawa_266_310_89_176.png,3
kanazawa_266_310_236_182.png,3
kanazawa_266_310_223_92.png,3
kanazawa_266_310_57_232.png,6
kanazawa_266_310_76_295.png,6
kanazawa_266_310_199_12.png,6
kanazawa_266_310_213_232.png,3
kanazawa_266_310_150_23.png,6
kanazawa_266_310_69_58.png,6
kanazawa_266_310_67_209.png,5
kanazawa_266_310_192_109.png,3
kanazawa_266_310_54_253.png,6
kanazawa_266_310_83_215.png,1
kanazawa_266_310_208_214.png,3
kanazawa_266_310_70_205.png,3
kanazawa_266_310_74_104.png,6
kanazawa_266_310_71_112.png,6
kanazawa_266_310_68_232.png,6
kanazawa_266_310_210_189.png,3
kanazawa_266_310_130_88.png,3
kanazawa_266_310_93_216.png,1
kanazawa_266_310_153_237.png,3
kanazawa_266_310_233_106.png,3
kanazawa_266_310_62_265.png,6
kanazawa_266_310_175_251.png,3
kanazawa_266_310_40_129.png,6
kanazawa_266_310_211_183.png,3
kanazawa_266_310_152_246.png,3
kanazawa_266_310_73_159.png,3
kanazawa_266_310_200_239.png,3
kanazawa_266_310_101_82.png,6
kanazawa_266_310_171_43.png,3
kanazawa_266_310_148_36.png,6
kanazawa_266_310_25_179.png,3
kanazawa_266_310_58_289.png,6
kanazawa_266_310_178_32.png,6
kanazawa_266_310_219_249.png,3
kanazawa_266_310_45_145.png,5
kanazawa_266_310_196_83.png,3
kanazawa_266_310_9_95.png,6
kanazawa_266_310_192_236.png,3
kanazawa_266_310_85_272.png,1
kanazawa_266_310_258_218.png,3
kanazawa_266_310_166_127.png,3
kanazawa_266_310_58_78.png,6
kanazawa_266_310_59_121.png,6
kanazawa_266_310_56_75.png,6
kanazawa_266_310_217_128.png,3
kanazawa_266_310_145_51.png,6
kanazawa_266_310_135_249.png,5
kanazawa_266_310_157_189.png,3
kanazawa_266_310_5_82.png,6
kanazawa_266_310_156_150.png,3
kanazawa_266_310_151_174.png,5
kanazawa_266_310_34_159.png,5
kanazawa_266_310_9_87.png,6
kanazawa_266_310_172_51.png,5
kanazawa_266_310_49_288.png,6
kanazawa_266_310_205_237.png,3
kanazawa_266_310_187_176.png,3
kanazawa_266_310_197_97.png,3
kanazawa_266_310_78_94.png,6
kanazawa_266_310_194_41.png,1
kanazawa_266_310_229_141.png,3
kanazawa_266_310_84_58.png,6
kanazawa_266_310_188_173.png,3
kanazawa_266_310_194_10.png,6
kanazawa_266_310_247_204.png,3
kanazawa_266_310_214_44.png,3
kanazawa_266_310_45_115.png,6
kanazawa_266_310_81_291.png,6
kanazawa_266_310_186_40.png,5
kanazawa_266_310_178_247.png,3
kanazawa_266_310_59_238.png,6
kanazawa_266_310_74_141.png,3
kanazawa_266_310_74_203.png,3
kanazawa_266_310_47_212.png,6
kanazawa_266_310_226_117.png,3
kanazawa_266_310_61_206.png,1
kanazawa_266_310_158_55.png,3
kanazawa_266_310_74_270.png,6
kanazawa_266_310_88_152.png,3
kanazawa_266_310_34_148.png,3
kanazawa_266_310_107_38.png,6
kanazawa_266_310_164_207.png,3
kanazawa_266_310_16_81.png,6
kanazawa_266_310_24_104.png,6
kanazawa_266_310_183_103.png,3
kanazawa_266_310_184_46.png,5
kanazawa_266_310_67_263.png,6
kanazawa_266_310_128_260.png,5
kanazawa_266_310_61_103.png,6
kanazawa_266_310_209_14.png,2
kanazawa_266_310_89_69.png,6
kanazawa_266_310_173_196.png,3
kanazawa_266_310_53_212.png,6
kanazawa_266_310_242_225.png,3
kanazawa_266_310_207_29.png,1
kanazawa_266_310_63_222.png,6
kanazawa_266_310_27_161.png,5
kanazawa_266_310_74_286.png,6
kanazawa_266_310_14_132.png,6
kanazawa_266_310_139_96.png,1
kanazawa_266_310_128_100.png,5
kanazawa_266_310_82_166.png,3
kanazawa_266_310_119_134.png,3
kanazawa_266_310_85_155.png,3
kanazawa_266_310_164_237.png,3
kanazawa_266_310_57_73.png,6
kanazawa_266_310_61_227.png,6
kanazawa_266_310_217_101.png,3
kanazawa_266_310_245_183.png,3
kanazawa_266_310_53_226.png,6
kanazawa_266_310_156_174.png,5
kanazawa_266_310_179_14.png,6
kanazawa_266_310_109_56.png,6
kanazawa_266_310_80_94.png,6
kanazawa_266_310_46_138.png,2
kanazawa_266_310_180_207.png,3
kanazawa_266_310_103_40.png,6
kanazawa_266_310_239_246.png,3
kanazawa_266_310_202_115.png,3
kanazawa_266_310_89_175.png,3
kanazawa_266_310_92_62.png,6
kanazawa_266_310_84_50.png,6
kanazawa_266_310_107_276.png,1
kanazawa_266_310_207_99.png,3
kanazawa_266_310_41_232.png,6
kanazawa_266_310_239_236.png,3
kanazawa_266_310_230_234.png,3
kanazawa_266_310_21_82.png,6
kanazawa_266_310_187_129.png,3
kanazawa_266_310_225_99.png,3
kanazawa_266_310_90_212.png,1
kanazawa_266_310_39_83.png,6
kanazawa_266_310_209_101.png,3
kanazawa_266_310_19_136.png,6
kanazawa_266_310_212_115.png,3
kanazawa_266_310_199_236.png,3
kanazawa_266_310_191_250.png,3
kanazawa_266_310_45_97.png,6
kanazawa_266_310_187_166.png,3
kanazawa_266_310_182_109.png,3
kanazawa_266_310_241_197.png,3
kanazawa_266_310_66_244.png,6
kanazawa_266_310_208_71.png,3
kanazawa_266_310_125_33.png,6
kanazawa_266_310_3_69.png,6
kanazawa_266_310_23_150.png,3
kanazawa_266_310_225_197.png,3
kanazawa_266_310_20_82.png,6
kanazawa_266_310_178_183.png,3
kanazawa_266_310_179_145.png,3
kanazawa_266_310_259_242.png,3
kanazawa_266_310_69_75.png,6
kanazawa_266_310_186_172.png,3
kanazawa_266_310_79_278.png,6
kanazawa_266_310_31_116.png,6
kanazawa_266_310_46_96.png,6
kanazawa_266_310_214_248.png,3
kanazawa_266_310_156_260.png,3
kanazawa_266_310_195_35.png,1
kanazawa_266_310_111_176.png,5
kanazawa_266_310_222_241.png,3
kanazawa_266_310_178_102.png,3
kanazawa_266_310_193_240.png,3
kanazawa_266_310_136_50.png,6
kanazawa_266_310_114_262.png,1
kanazawa_266_310_93_253.png,5
kanazawa_266_310_54_217.png,6
kanazawa_266_310_138_52.png,6
kanazawa_266_310_69_60.png,6
kanazawa_266_310_153_39.png,6
kanazawa_266_310_114_209.png,5
kanazawa_266_310_197_182.png,3
kanazawa_266_310_142_57.png,6
kanazawa_266_310_77_257.png,6
kanazawa_266_310_10_108.png,6
kanazawa_266_310_165_118.png,3
kanazawa_266_310_170_217.png,3
kanazawa_266_310_113_282.png,1
kanazawa_266_310_182_27.png,6
kanazawa_266_310_173_54.png,5
kanazawa_266_310_60_110.png,6
kanazawa_266_310_94_74.png,6
kanazawa_266_310_137_115.png,3
kanazawa_266_310_62_50.png,6
kanazawa_266_310_17_132.png,6
kanazawa_266_310_58_89.png,6
kanazawa_266_310_183_139.png,3
kanazawa_266_310_65_292.png,6
kanazawa_266_310_65_81.png,6
kanazawa_266_310_105_136.png,3
kanazawa_266_310_153_273.png,3
kanazawa_266_310_33_180.png,3
kanazawa_266_310_100_243.png,5
kanazawa_266_310_201_173.png,3
kanazawa_266_310_114_168.png,5
kanazawa_266_310_10_104.png,6
kanazawa_266_310_47_205.png,6
kanazawa_266_310_203_147.png,3
kanazawa_266_310_141_49.png,6
kanazawa_266_310_39_228.png,6
kanazawa_266_310_252_221.png,3
kanazawa_266_310_207_41.png,3
kanazawa_266_310_44_149.png,5
kanazawa_266_310_79_91.png,6
kanazawa_266_310_134_35.png,6
kanazawa_266_310_147_226.png,3
kanazawa_266_310_124_39.png,6
kanazawa_266_310_120_161.png,5
kanazawa_266_310_243_146.png,3
kanazawa_266_310_90_264.png,5
kanazawa_266_310_59_54.png,6
kanazawa_266_310_58_268.png,6
kanazawa_266_310_253_199.png,3
kanazawa_266_310_51_80.png,6
kanazawa_266_310_61_286.png,6
kanazawa_266_310_158_137.png,3
kanazawa_266_310_189_137.png,3
kanazawa_266_310_96_47.png,6
kanazawa_266_310_127_220.png,3
kanazawa_266_310_211_145.png,3
kanazawa_266_310_176_36.png,6
kanazawa_266_310_169_211.png,3
kanazawa_266_310_207_28.png,1
kanazawa_266_310_29_60.png,6
kanazawa_266_310_23_123.png,6
kanazawa_266_310_149_124.png,3
kanazawa_266_310_254_197.png,3
kanazawa_266_310_94_270.png,5
kanazawa_266_310_48_120.png,6
kanazawa_266_310_76_182.png,3
kanazawa_266_310_173_255.png,3
kanazawa_266_310_124_86.png,3
kanazawa_266_310_39_120.png,6
kanazawa_266_310_38_174.png,3
kanazawa_266_310_192_230.png,3
kanazawa_266_310_224_232.png,3
kanazawa_266_310_120_128.png,3
kanazawa_266_310_256_220.png,3
kanazawa_266_310_223_58.png,3
kanazawa_266_310_143_103.png,1
kanazawa_266_310_136_96.png,1
kanazawa_266_310_133_184.png,1
kanazawa_266_310_178_47.png,5
kanazawa_266_310_111_93.png,6
kanazawa_266_310_207_216.png,3
kanazawa_266_310_38_172.png,3
kanazawa_266_310_127_246.png,5
kanazawa_266_310_173_132.png,3
kanazawa_266_310_237_109.png,3
kanazawa_266_310_100_193.png,5
kanazawa_266_310_240_139.png,3
kanazawa_266_310_213_233.png,3
kanazawa_266_310_212_190.png,3
kanazawa_266_310_153_41.png,6
kanazawa_266_310_212_22.png,5
kanazawa_266_310_40_160.png,3
kanazawa_266_310_95_134.png,3
kanazawa_266_310_58_227.png,6
kanazawa_266_310_182_122.png,3
kanazawa_266_310_218_90.png,3
kanazawa_266_310_61_141.png,3
kanazawa_266_310_195_55.png,5
kanazawa_266_310_153_192.png,3
kanazawa_266_310_218_207.png,3
kanazawa_266_310_181_207.png,3
kanazawa_266_310_190_184.png,3
kanazawa_266_310_78_167.png,3
kanazawa_266_310_74_237.png,6
kanazawa_266_310_171_70.png,5
kanazawa_266_310_236_192.png,3
kanazawa_266_310_218_127.png,3
kanazawa_266_310_40_249.png,6
kanazawa_266_310_212_225.png,3
kanazawa_266_310_233_117.png,3
kanazawa_266_310_130_41.png,6
kanazawa_266_310_141_62.png,6
kanazawa_266_310_224_115.png,3
kanazawa_266_310_222_253.png,3
kanazawa_266_310_142_144.png,3
kanazawa_266_310_147_53.png,6
kanazawa_266_310_35_234.png,6
kanazawa_266_310_117_206.png,5
kanazawa_266_310_212_154.png,3
kanazawa_266_310_154_223.png,3
kanazawa_266_310_54_276.png,6
kanazawa_266_310_143_92.png,1
kanazawa_266_310_221_103.png,3
kanazawa_266_310_68_271.png,6
kanazawa_266_310_168_186.png,3
kanazawa_266_310_8_81.png,6
kanazawa_266_310_166_267.png,3
kanazawa_266_310_83_270.png,3
kanazawa_266_310_208_182.png,3
kanazawa_266_310_50_283.png,6
kanazawa_266_310_190_151.png,3
kanazawa_266_310_172_146.png,3
kanazawa_266_310_148_272.png,3
kanazawa_266_310_26_132.png,3
kanazawa_266_310_226_165.png,3
kanazawa_266_310_134_90.png,1
kanazawa_266_310_88_227.png,5
kanazawa_266_310_69_253.png,6
kanazawa_266_310_33_231.png,6
kanazawa_266_310_198_36.png,1
kanazawa_266_310_140_269.png,5
kanazawa_266_310_193_98.png,3
kanazawa_266_310_128_198.png,5
kanazawa_266_310_226_140.png,3
kanazawa_266_310_220_128.png,3
kanazawa_266_310_17_83.png,6
kanazawa_266_310_198_133.png,3
kanazawa_266_310_30_143.png,3
kanazawa_266_310_46_82.png,6
kanazawa_266_310_55_242.png,6
kanazawa_266_310_197_129.png,3
kanazawa_266_310_168_210.png,3
kanazawa_266_310_240_191.png,3
kanazawa_266_310_149_122.png,3
kanazawa_266_310_60_56.png,6
kanazawa_266_310_114_270.png,1
kanazawa_266_310_170_213.png,3
kanazawa_266_310_258_232.png,3
kanazawa_266_310_122_54.png,6
kanazawa_266_310_235_107.png,3
kanazawa_266_310_44_282.png,6
kanazawa_266_310_168_29.png,6
kanazawa_266_310_103_273.png,1
kanazawa_266_310_149_44.png,6
kanazawa_266_310_44_54.png,6
kanazawa_266_310_82_56.png,6
kanazawa_266_310_239_204.png,3
kanazawa_266_310_223_170.png,3
kanazawa_266_310_51_101.png,6
kanazawa_266_310_203_130.png,3
kanazawa_266_310_100_163.png,3
kanazawa_266_310_97_275.png,1
kanazawa_266_310_117_201.png,5
kanazawa_266_310_160_249.png,3
kanazawa_266_310_220_216.png,3
kanazawa_266_310_146_53.png,6
kanazawa_266_310_155_147.png,3
kanazawa_266_310_53_90.png,6
kanazawa_266_310_17_97.png,6
kanazawa_266_310_48_234.png,6
kanazawa_266_310_56_116.png,6
kanazawa_266_310_182_242.png,3
kanazawa_266_310_186_238.png,3
kanazawa_266_310_77_70.png,6
kanazawa_266_310_244_219.png,3
kanazawa_266_310_61_301.png,6
kanazawa_266_310_56_259.png,6
kanazawa_266_310_56_109.png,6
kanazawa_266_310_132_91.png,1
kanazawa_266_310_142_102.png,1
kanazawa_266_310_178_253.png,3
kanazawa_266_310_15_96.png,6
kanazawa_266_310_95_263.png,5
kanazawa_266_310_145_86.png,1
kanazawa_266_310_233_103.png,3
kanazawa_266_310_22_161.png,3
kanazawa_266_310_219_179.png,3
kanazawa_266_310_168_52.png,5
kanazawa_266_310_214_84.png,3
kanazawa_266_310_254_190.png,3
kanazawa_266_310_224_159.png,3
kanazawa_266_310_32_185.png,3
kanazawa_266_310_209_165.png,3
kanazawa_266_310_215_157.png,3
kanazawa_266_310_206_240.png,3
kanazawa_266_310_171_204.png,3
kanazawa_266_310_184_240.png,3
kanazawa_266_310_56_156.png,3
kanazawa_266_310_69_107.png,6
kanazawa_266_310_213_138.png,3
kanazawa_266_310_92_56.png,6
kanazawa_266_310_99_74.png,6
kanazawa_266_310_100_221.png,5
kanazawa_266_310_74_255.png,6
kanazawa_266_310_117_274.png,1
kanazawa_266_310_165_217.png,3
kanazawa_266_310_204_92.png,3
kanazawa_266_310_162_207.png,3
kanazawa_266_310_166_235.png,3
kanazawa_266_310_219_217.png,3
kanazawa_266_310_121_84.png,3
kanazawa_266_310_175_225.png,3
kanazawa_266_310_177_158.png,3
kanazawa_266_310_208_90.png,5
kanazawa_266_310_32_137.png,3
kanazawa_266_310_185_18.png,6
kanazawa_266_310_77_283.png,6
kanazawa_266_310_46_293.png,6
kanazawa_266_310_84_132.png,3
kanazawa_266_310_113_217.png,5
kanazawa_266_310_144_233.png,3
kanazawa_266_310_183_62.png,5
kanazawa_266_310_194_245.png,3
kanazawa_266_310_90_207.png,1
kanazawa_266_310_245_196.png,3
kanazawa_266_310_211_195.png,3
kanazawa_266_310_158_129.png,3
kanazawa_266_310_77_66.png,6
kanazawa_266_310_10_112.png,6
kanazawa_266_310_245_159.png,3
kanazawa_266_310_207_225.png,6
kanazawa_266_310_193_121.png,3
kanazawa_266_310_131_56.png,6
kanazawa_266_310_171_169.png,3
kanazawa_266_310_249_205.png,3
kanazawa_266_310_140_168.png,3
kanazawa_266_310_207_22.png,5
kanazawa_266_310_85_223.png,1
kanazawa_266_310_170_194.png,3
kanazawa_266_310_211_232.png,3
kanazawa_266_310_123_43.png,6
kanazawa_266_310_69_59.png,6
kanazawa_266_310_96_136.png,3
kanazawa_266_310_138_192.png,5
kanazawa_266_310_175_230.png,3
kanazawa_266_310_67_74.png,6
kanazawa_266_310_208_40.png,3
kanazawa_266_310_99_276.png,1
kanazawa_266_310_134_158.png,3
kanazawa_266_310_171_66.png,5
kanazawa_266_310_44_86.png,6
kanazawa_266_310_90_292.png,5
kanazawa_266_310_42_181.png,3
kanazawa_266_310_134_114.png,3
kanazawa_266_310_215_141.png,3
kanazawa_266_310_53_286.png,6
kanazawa_266_310_146_24.png,6
kanazawa_266_310_205_187.png,3
kanazawa_266_310_237_181.png,3
kanazawa_266_310_243_213.png,3
kanazawa_266_310_66_94.png,6
kanazawa_266_310_80_47.png,6
kanazawa_266_310_61_225.png,6
kanazawa_266_310_152_55.png,6
kanazawa_266_310_231_193.png,3
kanazawa_266_310_195_246.png,3
kanazawa_266_310_85_103.png,6
kanazawa_266_310_227_128.png,3
kanazawa_266_310_83_57.png,6
kanazawa_266_310_189_170.png,3
kanazawa_266_310_44_290.png,6
kanazawa_266_310_88_104.png,6
kanazawa_266_310_63_83.png,6
kanazawa_266_310_82_154.png,3
kanazawa_266_310_180_246.png,3
kanazawa_266_310_104_41.png,6
kanazawa_266_310_51_79.png,6
kanazawa_266_310_45_122.png,6
kanazawa_266_310_140_105.png,1
kanazawa_266_310_24_138.png,5
kanazawa_266_310_64_90.png,6
kanazawa_266_310_84_279.png,3
kanazawa_266_310_207_95.png,3
kanazawa_266_310_33_195.png,3
kanazawa_266_310_34_80.png,6
kanazawa_266_310_223_157.png,3
kanazawa_266_310_101_84.png,6
kanazawa_266_310_21_91.png,6
kanazawa_266_310_231_131.png,3
kanazawa_266_310_156_38.png,6
kanazawa_266_310_167_188.png,3
kanazawa_266_310_153_133.png,3
kanazawa_266_310_211_114.png,3
kanazawa_266_310_30_84.png,6
kanazawa_266_310_80_288.png,3
kanazawa_266_310_41_136.png,5
kanazawa_266_310_29_97.png,6
kanazawa_266_310_57_283.png,6
kanazawa_266_310_233_241.png,3
kanazawa_266_310_85_81.png,6
kanazawa_266_310_104_202.png,5
kanazawa_266_310_254_221.png,3
kanazawa_266_310_236_145.png,3
kanazawa_266_310_28_126.png,6
kanazawa_266_310_145_195.png,5
kanazawa_266_310_77_105.png,6
kanazawa_266_310_61_122.png,6
kanazawa_266_310_48_158.png,3
kanazawa_266_310_103_86.png,6
kanazawa_266_310_29_208.png,3
kanazawa_266_310_129_64.png,6
kanazawa_266_310_146_219.png,3
kanazawa_266_310_172_16.png,6
kanazawa_266_310_108_209.png,5
kanazawa_266_310_185_228.png,3
kanazawa_266_310_94_56.png,6
kanazawa_266_310_109_155.png,3
kanazawa_266_310_125_72.png,6
kanazawa_266_310_201_186.png,3
kanazawa_266_310_65_260.png,6
kanazawa_266_310_64_285.png,6
kanazawa_266_310_179_197.png,3
kanazawa_266_310_212_162.png,3
kanazawa_266_310_41_60.png,6
kanazawa_266_310_156_172.png,5
kanazawa_266_310_64_234.png,6
kanazawa_266_310_57_254.png,6
kanazawa_266_310_39_215.png,6
kanazawa_266_310_88_88.png,6
kanazawa_266_310_45_273.png,6
kanazawa_266_310_191_253.png,3
kanazawa_266_310_105_280.png,1
kanazawa_266_310_127_200.png,5
kanazawa_266_310_125_122.png,3
kanazawa_266_310_136_84.png,5
kanazawa_266_310_64_271.png,6
kanazawa_266_310_77_259.png,6
kanazawa_266_310_166_53.png,5
kanazawa_266_310_141_32.png,6
kanazawa_266_310_204_8.png,6
kanazawa_266_310_50_125.png,6
kanazawa_266_310_176_214.png,3
kanazawa_266_310_236_220.png,3
kanazawa_266_310_127_47.png,6
kanazawa_266_310_132_59.png,6
kanazawa_266_310_116_60.png,6
kanazawa_266_310_241_129.png,3
kanazawa_266_310_244_177.png,3
kanazawa_266_310_167_18.png,6
kanazawa_266_310_157_137.png,3
kanazawa_266_310_172_205.png,3
kanazawa_266_310_142_37.png,6
kanazawa_266_310_48_108.png,6
kanazawa_266_310_103_141.png,3
kanazawa_266_310_117_207.png,5
kanazawa_266_310_102_63.png,6
kanazawa_266_310_78_245.png,3
kanazawa_266_310_106_69.png,6
kanazawa_266_310_94_141.png,3
kanazawa_266_310_96_158.png,3
kanazawa_266_310_73_141.png,3
kanazawa_266_310_242_167.png,3
kanazawa_266_310_165_261.png,3
kanazawa_266_310_211_120.png,3
kanazawa_266_310_84_100.png,6
kanazawa_266_310_158_225.png,3
kanazawa_266_310_152_185.png,5
kanazawa_266_310_238_201.png,3
kanazawa_266_310_70_54.png,6
kanazawa_266_310_60_210.png,2
kanazawa_266_310_212_122.png,3
kanazawa_266_310_160_215.png,3
kanazawa_266_310_176_40.png,3
kanazawa_266_310_242_151.png,3
kanazawa_266_310_59_87.png,6
kanazawa_266_310_149_233.png,3
kanazawa_266_310_139_273.png,1
kanazawa_266_310_34_156.png,5
kanazawa_266_310_216_250.png,3
kanazawa_266_310_74_274.png,6
kanazawa_266_310_96_247.png,1
kanazawa_266_310_210_204.png,3
kanazawa_266_310_183_255.png,3
kanazawa_266_310_56_160.png,3
kanazawa_266_310_114_213.png,5
kanazawa_266_310_113_191.png,5
kanazawa_266_310_220_156.png,3
kanazawa_266_310_198_68.png,3
kanazawa_266_310_209_209.png,3
kanazawa_266_310_188_91.png,3
kanazawa_266_310_84_51.png,6
kanazawa_266_310_55_103.png,6
kanazawa_266_310_42_117.png,6
kanazawa_266_310_80_243.png,3
kanazawa_266_310_154_197.png,3
kanazawa_266_310_180_46.png,5
kanazawa_266_310_95_151.png,3
kanazawa_266_310_66_243.png,6
kanazawa_266_310_148_30.png,6
kanazawa_266_310_195_115.png,3
kanazawa_266_310_227_169.png,3
kanazawa_266_310_127_76.png,3
kanazawa_266_310_173_208.png,3
kanazawa_266_310_35_59.png,6
kanazawa_266_310_239_162.png,3
kanazawa_266_310_155_252.png,3
kanazawa_266_310_207_207.png,3
kanazawa_266_310_208_142.png,3
kanazawa_266_310_60_276.png,6
kanazawa_266_310_66_96.png,6
kanazawa_266_310_88_81.png,6
kanazawa_266_310_120_116.png,5
kanazawa_266_310_134_72.png,3
kanazawa_266_310_208_35.png,6
kanazawa_266_310_183_249.png,3
kanazawa_266_310_94_206.png,1
kanazawa_266_310_183_229.png,3
kanazawa_266_310_35_242.png,6
kanazawa_266_310_231_111.png,3
kanazawa_266_310_51_209.png,6
kanazawa_266_310_217_235.png,3
kanazawa_266_310_203_223.png,3
kanazawa_266_310_56_128.png,6
kanazawa_266_310_176_259.png,3
kanazawa_266_310_17_148.png,3
kanazawa_266_310_161_43.png,6
kanazawa_266_310_103_208.png,5
kanazawa_266_310_121_112.png,5
kanazawa_266_310_110_212.png,5
kanazawa_266_310_44_244.png,6
kanazawa_266_310_125_219.png,3
kanazawa_266_310_62_113.png,6
kanazawa_266_310_159_226.png,3
kanazawa_266_310_251_201.png,3
kanazawa_266_310_219_57.png,3
kanazawa_266_310_108_262.png,3
kanazawa_266_310_124_74.png,6
kanazawa_266_310_192_245.png,3
kanazawa_266_310_92_253.png,5
kanazawa_266_310_255_222.png,3
kanazawa_266_310_81_132.png,3
kanazawa_266_310_44_277.png,3
kanazawa_266_310_100_240.png,5
kanazawa_266_310_90_284.png,1
kanazawa_266_310_74_90.png,6
kanazawa_266_310_138_69.png,6
kanazawa_266_310_49_84.png,6
kanazawa_266_310_70_294.png,6
kanazawa_266_310_94_110.png,3
kanazawa_266_310_103_183.png,1
kanazawa_266_310_128_120.png,3
kanazawa_266_310_210_186.png,3
kanazawa_266_310_230_168.png,3
kanazawa_266_310_64_242.png,6
kanazawa_266_310_67_90.png,6
kanazawa_266_310_225_131.png,3
kanazawa_266_310_45_58.png,6
kanazawa_266_310_182_217.png,3
kanazawa_266_310_215_123.png,3
kanazawa_266_310_53_278.png,6
kanazawa_266_310_221_84.png,3
kanazawa_266_310_204_152.png,3
kanazawa_266_310_71_284.png,6
kanazawa_266_310_143_65.png,6
kanazawa_266_310_198_203.png,3
kanazawa_266_310_251_191.png,3
kanazawa_266_310_226_192.png,3
kanazawa_266_310_130_114.png,1
kanazawa_266_310_157_270.png,3
kanazawa_266_310_112_137.png,3
kanazawa_266_310_88_243.png,5
kanazawa_266_310_33_186.png,3
kanazawa_266_310_131_57.png,6
kanazawa_266_310_259_216.png,3
kanazawa_266_310_58_225.png,6
kanazawa_266_310_67_111.png,6
kanazawa_266_310_64_116.png,6
kanazawa_266_310_222_32.png,3
kanazawa_266_310_148_238.png,3
kanazawa_266_310_225_165.png,3
kanazawa_266_310_258_225.png,3
kanazawa_266_310_80_278.png,6
kanazawa_266_310_160_221.png,3
kanazawa_266_310_162_29.png,6
kanazawa_266_310_64_88.png,6
kanazawa_266_310_193_201.png,3
kanazawa_266_310_212_166.png,3
kanazawa_266_310_256_209.png,3
kanazawa_266_310_107_187.png,5
kanazawa_266_310_173_16.png,6
kanazawa_266_310_116_68.png,6
kanazawa_266_310_46_136.png,5
kanazawa_266_310_115_41.png,6
kanazawa_266_310_19_74.png,6
kanazawa_266_310_43_92.png,6
kanazawa_266_310_181_125.png,3
kanazawa_266_310_16_126.png,6
kanazawa_266_310_37_232.png,6
kanazawa_266_310_64_59.png,6
kanazawa_266_310_72_273.png,6
kanazawa_266_310_234_249.png,3
kanazawa_266_310_62_201.png,1
kanazawa_266_310_163_110.png,5
kanazawa_266_310_185_112.png,3
kanazawa_266_310_239_152.png,3
kanazawa_266_310_128_59.png,6
kanazawa_266_310_59_281.png,6
kanazawa_266_310_42_108.png,6
kanazawa_266_310_166_144.png,3
kanazawa_266_310_52_266.png,6
kanazawa_266_310_237_153.png,3
kanazawa_266_310_237_114.png,3
kanazawa_266_310_82_261.png,3
kanazawa_266_310_219_195.png,3
kanazawa_266_310_181_217.png,3
kanazawa_266_310_157_142.png,3
kanazawa_266_310_91_253.png,5
kanazawa_266_310_222_108.png,3
kanazawa_266_310_92_89.png,6
kanazawa_266_310_71_246.png,6
kanazawa_266_310_63_126.png,3
kanazawa_266_310_188_201.png,3
kanazawa_266_310_82_104.png,6
kanazawa_266_310_212_237.png,3
kanazawa_266_310_90_104.png,6
kanazawa_266_310_201_19.png,2
kanazawa_266_310_189_198.png,3
kanazawa_266_310_70_108.png,6
kanazawa_266_310_189_111.png,3
kanazawa_266_310_110_57.png,6
kanazawa_266_310_29_78.png,6
kanazawa_266_310_196_248.png,3
kanazawa_266_310_123_83.png,4
kanazawa_266_310_67_76.png,6
kanazawa_266_310_134_37.png,6
kanazawa_266_310_142_140.png,3
kanazawa_266_310_152_58.png,6
kanazawa_266_310_95_233.png,1
kanazawa_266_310_157_68.png,1
kanazawa_266_310_201_147.png,3
kanazawa_266_310_197_199.png,3
kanazawa_266_310_37_166.png,3
kanazawa_266_310_62_198.png,5
kanazawa_266_310_59_186.png,3
kanazawa_266_310_135_164.png,3
kanazawa_266_310_151_256.png,3
kanazawa_266_310_184_28.png,6
kanazawa_266_310_103_98.png,6
kanazawa_266_310_136_95.png,1
kanazawa_266_310_171_251.png,3
kanazawa_266_310_87_70.png,6
kanazawa_266_310_185_255.png,3
kanazawa_266_310_204_130.png,3
kanazawa_266_310_52_88.png,6
kanazawa_266_310_233_251.png,3
kanazawa_266_310_89_100.png,6
kanazawa_266_310_33_120.png,6
kanazawa_266_310_125_103.png,5
kanazawa_266_310_127_35.png,6
kanazawa_266_310_93_87.png,6
kanazawa_266_310_195_120.png,3
kanazawa_266_310_227_74.png,3
kanazawa_266_310_63_120.png,6
kanazawa_266_310_51_237.png,6
kanazawa_266_310_39_119.png,6
kanazawa_266_310_215_179.png,3
kanazawa_266_310_165_60.png,5
kanazawa_266_310_125_110.png,5
kanazawa_266_310_50_107.png,6
kanazawa_266_310_206_167.png,3
kanazawa_266_310_53_80.png,6
kanazawa_266_310_183_169.png,3
kanazawa_266_310_113_278.png,1
kanazawa_266_310_65_274.png,6
kanazawa_266_310_183_109.png,3
kanazawa_266_310_67_288.png,6
kanazawa_266_310_124_143.png,3
kanazawa_266_310_222_79.png,3
kanazawa_266_310_104_102.png,3
kanazawa_266_310_50_237.png,6
kanazawa_266_310_196_159.png,3
kanazawa_266_310_215_14.png,5
kanazawa_266_310_87_43.png,6
kanazawa_266_310_99_59.png,6
kanazawa_266_310_129_41.png,6
kanazawa_266_310_164_90.png,1
kanazawa_266_310_93_85.png,6
kanazawa_266_310_53_202.png,1
kanazawa_266_310_248_198.png,3
kanazawa_266_310_66_112.png,6
kanazawa_266_310_46_171.png,3
kanazawa_266_310_41_69.png,6
kanazawa_266_310_98_206.png,5
kanazawa_266_310_60_242.png,6
kanazawa_266_310_66_260.png,6
kanazawa_266_310_114_45.png,6
kanazawa_266_310_133_110.png,1
kanazawa_266_310_144_169.png,5
kanazawa_266_310_24_66.png,6
kanazawa_266_310_35_130.png,6
kanazawa_266_310_195_250.png,3
kanazawa_266_310_67_229.png,6
kanazawa_266_310_219_42.png,3
kanazawa_266_310_38_170.png,3
kanazawa_266_310_48_229.png,6
kanazawa_266_310_189_247.png,3
kanazawa_266_310_47_204.png,5
kanazawa_266_310_196_104.png,3
kanazawa_266_310_61_89.png,6
kanazawa_266_310_222_184.png,3
kanazawa_266_310_160_213.png,3
kanazawa_266_310_88_89.png,6
kanazawa_266_310_213_38.png,3
kanazawa_266_310_52_299.png,6
kanazawa_266_310_184_56.png,5
kanazawa_266_310_141_214.png,3
kanazawa_266_310_16_90.png,6
kanazawa_266_310_133_75.png,3
kanazawa_266_310_183_134.png,3
kanazawa_266_310_98_85.png,6
kanazawa_266_310_261_229.png,3
kanazawa_266_310_88_185.png,3
kanazawa_266_310_57_228.png,6
kanazawa_266_310_70_256.png,6
kanazawa_266_310_44_84.png,6
kanazawa_266_310_204_206.png,3
kanazawa_266_310_162_36.png,6
kanazawa_266_310_210_125.png,3
kanazawa_266_310_250_200.png,3
kanazawa_266_310_123_205.png,5
kanazawa_266_310_126_57.png,6
kanazawa_266_310_176_116.png,3
kanazawa_266_310_179_27.png,6
kanazawa_266_310_172_18.png,6
kanazawa_266_310_185_130.png,3
kanazawa_266_310_219_204.png,3
kanazawa_266_310_210_216.png,6
kanazawa_266_310_236_211.png,3
kanazawa_266_310_14_107.png,6
kanazawa_266_310_54_302.png,6
kanazawa_266_310_233_90.png,3
kanazawa_266_310_214_116.png,3
kanazawa_266_310_168_207.png,3
kanazawa_266_310_43_272.png,6
kanazawa_266_310_250_217.png,3
kanazawa_266_310_202_225.png,3
kanazawa_266_310_139_229.png,3
kanazawa_266_310_202_213.png,3
kanazawa_266_310_48_55.png,6
kanazawa_266_310_145_171.png,5
kanazawa_266_310_77_297.png,6
kanazawa_266_310_194_18.png,6
kanazawa_266_310_213_249.png,3
kanazawa_266_310_231_171.png,3
kanazawa_266_310_66_286.png,6
kanazawa_266_310_199_239.png,3
kanazawa_266_310_50_109.png,6
kanazawa_266_310_18_66.png,6
kanazawa_266_310_80_115.png,3
kanazawa_266_310_127_102.png,5
kanazawa_266_310_94_228.png,5
kanazawa_266_310_81_164.png,3
kanazawa_266_310_71_267.png,6
kanazawa_266_310_162_56.png,5
kanazawa_266_310_47_232.png,6
kanazawa_266_310_93_233.png,5
kanazawa_266_310_116_82.png,6
kanazawa_266_310_87_131.png,3
kanazawa_266_310_173_215.png,3
kanazawa_266_310_23_82.png,6
kanazawa_266_310_109_162.png,3
kanazawa_266_310_38_103.png,6
kanazawa_266_310_154_92.png,1
kanazawa_266_310_195_216.png,3
kanazawa_266_310_120_154.png,3
kanazawa_266_310_100_111.png,5
kanazawa_266_310_48_75.png,6
kanazawa_266_310_33_220.png,6
kanazawa_266_310_48_262.png,6
kanazawa_266_310_238_142.png,6
kanazawa_266_310_135_34.png,6
kanazawa_266_310_134_28.png,6
kanazawa_266_310_63_237.png,6
kanazawa_266_310_152_24.png,6
kanazawa_266_310_123_166.png,5
kanazawa_266_310_138_98.png,1
kanazawa_266_310_158_21.png,6
kanazawa_266_310_223_123.png,3
kanazawa_266_310_219_38.png,3
kanazawa_266_310_154_38.png,6
kanazawa_266_310_39_134.png,6
kanazawa_266_310_49_293.png,6
kanazawa_266_310_59_237.png,6
kanazawa_266_310_203_32.png,1
kanazawa_266_310_114_115.png,5
kanazawa_266_310_209_157.png,3
kanazawa_266_310_201_135.png,3
kanazawa_266_310_181_93.png,1
kanazawa_266_310_182_178.png,3
kanazawa_266_310_152_198.png,3
kanazawa_266_310_220_143.png,3
kanazawa_266_310_80_192.png,3
kanazawa_266_310_46_134.png,3
kanazawa_266_310_163_225.png,3
kanazawa_266_310_171_221.png,3
kanazawa_266_310_90_154.png,3
kanazawa_266_310_72_247.png,6
kanazawa_266_310_167_168.png,3
kanazawa_266_310_122_63.png,6
kanazawa_266_310_55_98.png,6
kanazawa_266_310_190_241.png,3
kanazawa_266_310_217_167.png,3
kanazawa_266_310_140_257.png,5
kanazawa_266_310_80_284.png,6
kanazawa_266_310_114_165.png,5
kanazawa_266_310_195_143.png,3
kanazawa_266_310_108_213.png,5
kanazawa_266_310_236_138.png,3
kanazawa_266_310_229_108.png,3
kanazawa_266_310_151_217.png,3
kanazawa_266_310_194_242.png,3
kanazawa_266_310_69_76.png,6
kanazawa_266_310_117_162.png,5
kanazawa_266_310_82_163.png,3
kanazawa_266_310_156_195.png,3
kanazawa_266_310_188_60.png,3
kanazawa_266_310_164_83.png,5
kanazawa_266_310_190_261.png,3
kanazawa_266_310_182_225.png,3
kanazawa_266_310_95_43.png,6
kanazawa_266_310_83_282.png,1
kanazawa_266_310_114_184.png,5
kanazawa_266_310_133_63.png,6
kanazawa_266_310_209_231.png,3
kanazawa_266_310_252_196.png,3
kanazawa_266_310_128_139.png,3
kanazawa_266_310_227_91.png,3
kanazawa_266_310_102_220.png,5
kanazawa_266_310_80_68.png,6
kanazawa_266_310_153_148.png,3
kanazawa_266_310_64_97.png,6
kanazawa_266_310_67_252.png,6
kanazawa_266_310_211_147.png,3
kanazawa_266_310_193_173.png,3
kanazawa_266_310_68_57.png,6
kanazawa_266_310_80_99.png,6
kanazawa_266_310_209_178.png,3
kanazawa_266_310_224_101.png,3
kanazawa_266_310_78_268.png,6
kanazawa_266_310_38_243.png,6
kanazawa_266_310_150_35.png,6
kanazawa_266_310_134_240.png,3
kanazawa_266_310_134_260.png,5
kanazawa_266_310_154_148.png,3
kanazawa_266_310_201_139.png,3
kanazawa_266_310_59_228.png,6
kanazawa_266_310_36_73.png,6
kanazawa_266_310_136_89.png,1
kanazawa_266_310_195_56.png,5
kanazawa_266_310_112_157.png,3
kanazawa_266_310_83_265.png,3
kanazawa_266_310_165_158.png,3
kanazawa_266_310_138_137.png,3
kanazawa_266_310_70_169.png,3
kanazawa_266_310_235_150.png,3
kanazawa_266_310_57_154.png,3
kanazawa_266_310_48_253.png,6
kanazawa_266_310_152_46.png,6
kanazawa_266_310_106_92.png,6
kanazawa_266_310_176_246.png,3
kanazawa_266_310_67_86.png,6
kanazawa_266_310_22_131.png,3
kanazawa_266_310_194_33.png,5
kanazawa_266_310_6_82.png,6
kanazawa_266_310_74_70.png,6
kanazawa_266_310_225_156.png,3
kanazawa_266_310_55_261.png,6
kanazawa_266_310_71_115.png,6
kanazawa_266_310_85_245.png,1
kanazawa_266_310_65_87.png,6
kanazawa_266_310_53_218.png,6
kanazawa_266_310_6_76.png,6
kanazawa_266_310_68_287.png,6
kanazawa_266_310_115_129.png,3
kanazawa_266_310_85_206.png,1
kanazawa_266_310_36_165.png,3
kanazawa_266_310_71_276.png,6
kanazawa_266_310_60_121.png,6
kanazawa_266_310_177_205.png,3
kanazawa_266_310_72_265.png,6
kanazawa_266_310_164_143.png,3
kanazawa_266_310_179_129.png,3
kanazawa_266_310_86_227.png,5
kanazawa_266_310_192_202.png,3
kanazawa_266_310_200_40.png,1
kanazawa_266_310_155_71.png,1
kanazawa_266_310_30_170.png,3
kanazawa_266_310_96_69.png,6
kanazawa_266_310_214_188.png,3
kanazawa_266_310_182_30.png,6
kanazawa_266_310_34_144.png,5
kanazawa_266_310_231_137.png,3
kanazawa_266_310_195_149.png,3
kanazawa_266_310_33_132.png,6
kanazawa_266_310_73_60.png,6
kanazawa_266_310_166_27.png,6
kanazawa_266_310_200_116.png,3
kanazawa_266_310_249_197.png,3
kanazawa_266_310_53_297.png,6
kanazawa_266_310_80_252.png,3
kanazawa_266_310_162_232.png,3
kanazawa_266_310_94_162.png,3
kanazawa_266_310_80_74.png,6
kanazawa_266_310_145_131.png,3
kanazawa_266_310_71_250.png,6
kanazawa_266_310_49_271.png,6
kanazawa_266_310_103_65.png,6
kanazawa_266_310_131_249.png,5
kanazawa_266_310_198_233.png,3
kanazawa_266_310_184_259.png,3
kanazawa_266_310_47_104.png,6
kanazawa_266_310_67_64.png,6
kanazawa_266_310_64_92.png,6
kanazawa_266_310_101_92.png,6
kanazawa_266_310_166_23.png,6
kanazawa_266_310_5_77.png,6
kanazawa_266_310_84_147.png,3
kanazawa_266_310_237_239.png,3
kanazawa_266_310_181_19.png,6
kanazawa_266_310_129_269.png,5
kanazawa_266_310_219_221.png,3
kanazawa_266_310_201_251.png,3
kanazawa_266_310_234_213.png,3
kanazawa_266_310_62_65.png,6
kanazawa_266_310_232_148.png,3
kanazawa_266_310_160_70.png,5
kanazawa_266_310_173_112.png,3
kanazawa_266_310_66_104.png,6
kanazawa_266_310_208_96.png,3
kanazawa_266_310_225_210.png,3
kanazawa_266_310_134_106.png,1
kanazawa_266_310_186_221.png,3
kanazawa_266_310_42_277.png,6
kanazawa_266_310_187_40.png,5
kanazawa_266_310_215_189.png,3
kanazawa_266_310_60_223.png,6
kanazawa_266_310_58_123.png,6
kanazawa_266_310_82_65.png,6
kanazawa_266_310_29_190.png,3
kanazawa_266_310_121_41.png,6
kanazawa_266_310_260_241.png,3
kanazawa_266_310_202_240.png,3
kanazawa_266_310_75_130.png,5
kanazawa_266_310_39_233.png,6
kanazawa_266_310_172_211.png,3
kanazawa_266_310_174_29.png,6
kanazawa_266_310_34_176.png,3
kanazawa_266_310_86_209.png,1
kanazawa_266_310_145_68.png,3
kanazawa_266_310_228_78.png,3
kanazawa_266_310_70_101.png,6
kanazawa_266_310_42_214.png,6
kanazawa_266_310_34_84.png,6
kanazawa_266_310_122_268.png,5
kanazawa_266_310_67_265.png,6
kanazawa_266_310_222_66.png,3
kanazawa_266_310_129_58.png,6
kanazawa_266_310_113_148.png,3
kanazawa_266_310_61_61.png,6
kanazawa_266_310_142_66.png,6
kanazawa_266_310_147_64.png,6
kanazawa_266_310_214_147.png,3
kanazawa_266_310_61_231.png,6
kanazawa_266_310_90_200.png,1
kanazawa_266_310_210_241.png,3
kanazawa_266_310_50_117.png,6
kanazawa_266_310_98_44.png,6
kanazawa_266_310_13_89.png,6
kanazawa_266_310_130_54.png,6
kanazawa_266_310_230_210.png,3
kanazawa_266_310_205_243.png,3
kanazawa_266_310_168_47.png,3
kanazawa_266_310_96_194.png,1
kanazawa_266_310_192_111.png,3
kanazawa_266_310_84_104.png,6
kanazawa_266_310_144_27.png,6
kanazawa_266_310_37_245.png,6
kanazawa_266_310_73_250.png,6
kanazawa_266_310_100_58.png,6
kanazawa_266_310_166_102.png,3
kanazawa_266_310_75_285.png,6
kanazawa_266_310_93_101.png,6
kanazawa_266_310_151_27.png,6
kanazawa_266_310_206_163.png,3
kanazawa_266_310_211_240.png,3
kanazawa_266_310_103_227.png,5
kanazawa_266_310_204_45.png,3
kanazawa_266_310_89_294.png,5
kanazawa_266_310_105_48.png,6
kanazawa_266_310_127_274.png,5
kanazawa_266_310_90_248.png,5
kanazawa_266_310_179_43.png,1
kanazawa_266_310_13_87.png,6
kanazawa_266_310_226_53.png,3
kanazawa_266_310_16_98.png,6
kanazawa_266_310_51_154.png,3
kanazawa_266_310_193_207.png,3
kanazawa_266_310_156_87.png,1
kanazawa_266_310_22_133.png,3
kanazawa_266_310_98_43.png,6
kanazawa_266_310_137_68.png,6
kanazawa_266_310_114_91.png,6
kanazawa_266_310_45_237.png,6
kanazawa_266_310_185_171.png,3
kanazawa_266_310_84_216.png,1
kanazawa_266_310_48_271.png,6
kanazawa_266_310_66_85.png,6
kanazawa_266_310_62_203.png,4
kanazawa_266_310_39_121.png,6
kanazawa_266_310_179_231.png,3
kanazawa_266_310_18_118.png,6
kanazawa_266_310_56_298.png,6
kanazawa_266_310_106_146.png,3
kanazawa_266_310_92_284.png,1
kanazawa_266_310_209_116.png,3
kanazawa_266_310_186_160.png,3
kanazawa_266_310_207_252.png,3
kanazawa_266_310_163_194.png,3
kanazawa_266_310_128_276.png,5
kanazawa_266_310_121_92.png,1
kanazawa_266_310_202_199.png,3
kanazawa_266_310_131_165.png,3
kanazawa_266_310_227_225.png,3
kanazawa_266_310_171_240.png,3
kanazawa_266_310_200_117.png,3
kanazawa_266_310_198_112.png,3
kanazawa_266_310_205_250.png,3
kanazawa_266_310_211_100.png,3
kanazawa_266_310_245_199.png,3
kanazawa_266_310_102_282.png,1
kanazawa_266_310_180_150.png,3
kanazawa_266_310_21_138.png,3
kanazawa_266_310_38_217.png,6
kanazawa_266_310_10_81.png,6
kanazawa_266_310_159_263.png,3
kanazawa_266_310_182_40.png,1
kanazawa_266_310_205_8.png,6
kanazawa_266_310_226_183.png,3
kanazawa_266_310_110_95.png,6
kanazawa_266_310_132_261.png,5
kanazawa_266_310_40_250.png,6
kanazawa_266_310_149_61.png,6
kanazawa_266_310_213_14.png,6
kanazawa_266_310_162_21.png,6
kanazawa_266_310_215_102.png,3
kanazawa_266_310_104_68.png,6
kanazawa_266_310_187_101.png,3
kanazawa_266_310_150_216.png,3
kanazawa_266_310_126_279.png,5
kanazawa_266_310_153_224.png,3
kanazawa_266_310_152_106.png,1
kanazawa_266_310_56_131.png,3
kanazawa_266_310_181_28.png,6
kanazawa_266_310_74_181.png,3
kanazawa_266_310_99_46.png,6
kanazawa_266_310_127_65.png,6
kanazawa_266_310_190_82.png,3
kanazawa_266_310_212_216.png,3
kanazawa_266_310_203_121.png,3
kanazawa_266_310_217_180.png,3
kanazawa_266_310_183_265.png,3
kanazawa_266_310_77_159.png,3
kanazawa_266_310_136_87.png,1
kanazawa_266_310_94_203.png,5
kanazawa_266_310_242_170.png,3
kanazawa_266_310_33_118.png,6
kanazawa_266_310_38_66.png,6
kanazawa_266_310_109_267.png,1
kanazawa_266_310_163_150.png,3
kanazawa_266_310_231_147.png,3
kanazawa_266_310_69_101.png,6
kanazawa_266_310_47_211.png,6
kanazawa_266_310_220_109.png,3
kanazawa_266_310_214_127.png,3
kanazawa_266_310_108_94.png,6
kanazawa_266_310_167_178.png,5
kanazawa_266_310_55_97.png,6
kanazawa_266_310_161_214.png,3
kanazawa_266_310_39_173.png,3
kanazawa_266_310_195_261.png,3
kanazawa_266_310_125_50.png,6
kanazawa_266_310_184_112.png,3
kanazawa_266_310_67_121.png,6
kanazawa_266_310_64_300.png,6
kanazawa_266_310_128_79.png,3
kanazawa_266_310_174_87.png,5
kanazawa_266_310_136_180.png,5
kanazawa_266_310_126_40.png,6
kanazawa_266_310_61_244.png,6
kanazawa_266_310_218_14.png,5
kanazawa_266_310_74_246.png,6
kanazawa_266_310_144_32.png,6
kanazawa_266_310_240_177.png,3
kanazawa_266_310_106_97.png,6
kanazawa_266_310_157_222.png,3
kanazawa_266_310_56_113.png,6
kanazawa_266_310_107_133.png,3
kanazawa_266_310_110_96.png,3
kanazawa_266_310_51_88.png,6
kanazawa_266_310_250_222.png,3
kanazawa_266_310_117_226.png,3
kanazawa_266_310_209_223.png,3
kanazawa_266_310_146_49.png,6
kanazawa_266_310_235_136.png,3
kanazawa_266_310_31_174.png,3
kanazawa_266_310_182_172.png,3
kanazawa_266_310_185_108.png,3
kanazawa_266_310_38_109.png,6
kanazawa_266_310_49_92.png,6
kanazawa_266_310_100_84.png,6
kanazawa_266_310_105_158.png,3
kanazawa_266_310_130_38.png,6
kanazawa_266_310_133_109.png,1
kanazawa_266_310_237_217.png,3
kanazawa_266_310_58_163.png,5
kanazawa_266_310_113_86.png,6
kanazawa_266_310_60_104.png,6
kanazawa_266_310_201_201.png,3
kanazawa_266_310_218_212.png,3
kanazawa_266_310_122_44.png,6
kanazawa_266_310_69_94.png,6
kanazawa_266_310_25_184.png,3
kanazawa_266_310_21_120.png,6
kanazawa_266_310_111_72.png,6
kanazawa_266_310_76_121.png,3
kanazawa_266_310_235_249.png,3
kanazawa_266_310_233_126.png,3
kanazawa_266_310_154_48.png,6
kanazawa_266_310_117_40.png,6
kanazawa_266_310_111_120.png,1
kanazawa_266_310_92_181.png,3
kanazawa_266_310_175_172.png,3
kanazawa_266_310_73_80.png,6
kanazawa_266_310_20_72.png,6
kanazawa_266_310_153_87.png,1
kanazawa_266_310_102_234.png,5
kanazawa_266_310_35_188.png,3
kanazawa_266_310_178_241.png,3
kanazawa_266_310_24_87.png,6
kanazawa_266_310_206_186.png,3
kanazawa_266_310_155_210.png,3
kanazawa_266_310_164_81.png,5
kanazawa_266_310_186_233.png,3
kanazawa_266_310_160_35.png,6
kanazawa_266_310_144_30.png,6
kanazawa_266_310_118_68.png,6
kanazawa_266_310_167_118.png,3
kanazawa_266_310_168_245.png,3
kanazawa_266_310_130_263.png,5
kanazawa_266_310_50_59.png,6
kanazawa_266_310_228_186.png,3
kanazawa_266_310_210_11.png,3
kanazawa_266_310_54_66.png,6
kanazawa_266_310_104_89.png,6
kanazawa_266_310_224_220.png,3
kanazawa_266_310_225_142.png,3
kanazawa_266_310_38_211.png,3
kanazawa_266_310_235_155.png,3
kanazawa_266_310_110_158.png,3
kanazawa_266_310_234_168.png,3
kanazawa_266_310_101_96.png,6
kanazawa_266_310_195_41.png,1
kanazawa_266_310_63_124.png,6
kanazawa_266_310_108_208.png,5
kanazawa_266_310_216_92.png,3
kanazawa_266_310_59_50.png,6
kanazawa_266_310_177_106.png,3
kanazawa_266_310_210_76.png,3
kanazawa_266_310_141_57.png,6
kanazawa_266_310_161_87.png,1
kanazawa_266_310_185_224.png,3
kanazawa_266_310_174_207.png,3
kanazawa_266_310_63_72.png,6
kanazawa_266_310_82_67.png,6
kanazawa_266_310_37_112.png,6
kanazawa_266_310_49_295.png,6
kanazawa_266_310_150_154.png,3
kanazawa_266_310_57_136.png,3
kanazawa_266_310_246_224.png,3
kanazawa_266_310_214_102.png,3
kanazawa_266_310_62_137.png,5
kanazawa_266_310_196_242.png,3
kanazawa_266_310_223_240.png,3
kanazawa_266_310_196_121.png,3
kanazawa_266_310_105_193.png,5
kanazawa_266_310_179_245.png,3
kanazawa_266_310_135_115.png,3
kanazawa_266_310_180_173.png,3
kanazawa_266_310_215_230.png,3
kanazawa_266_310_194_228.png,3
kanazawa_266_310_151_190.png,5
kanazawa_266_310_141_131.png,3
kanazawa_266_310_171_148.png,3
kanazawa_266_310_39_221.png,6
kanazawa_266_310_181_184.png,3
kanazawa_266_310_23_121.png,6
kanazawa_266_310_33_199.png,3
kanazawa_266_310_51_189.png,5
kanazawa_266_310_76_244.png,6
kanazawa_266_310_91_128.png,3
kanazawa_266_310_156_202.png,3
kanazawa_266_310_98_46.png,6
kanazawa_266_310_188_43.png,5
kanazawa_266_310_132_193.png,5
kanazawa_266_310_46_264.png,6
kanazawa_266_310_197_257.png,3
kanazawa_266_310_52_234.png,6
kanazawa_266_310_83_165.png,3
kanazawa_266_310_56_62.png,6
kanazawa_266_310_28_92.png,6
kanazawa_266_310_222_181.png,3
kanazawa_266_310_39_80.png,6
kanazawa_266_310_8_99.png,6
kanazawa_266_310_71_292.png,6
kanazawa_266_310_64_50.png,6
kanazawa_266_310_92_90.png,6
kanazawa_266_310_49_107.png,6
kanazawa_266_310_18_75.png,6
kanazawa_266_310_46_107.png,6
kanazawa_266_310_196_122.png,3
kanazawa_266_310_177_172.png,3
kanazawa_266_310_174_85.png,1
kanazawa_266_310_57_233.png,6
kanazawa_266_310_123_139.png,3
kanazawa_266_310_226_136.png,3
kanazawa_266_310_20_137.png,5
kanazawa_266_310_68_89.png,6
kanazawa_266_310_114_175.png,5
kanazawa_266_310_122_97.png,1
kanazawa_266_310_237_160.png,3
kanazawa_266_310_106_85.png,6
kanazawa_266_310_235_237.png,3
kanazawa_266_310_116_76.png,1
kanazawa_266_310_147_29.png,6
kanazawa_266_310_46_60.png,6
kanazawa_266_310_28_201.png,3
kanazawa_266_310_213_129.png,3
kanazawa_266_310_15_103.png,6
kanazawa_266_310_60_130.png,3
kanazawa_266_310_168_17.png,6
kanazawa_266_310_80_72.png,6
kanazawa_266_310_210_51.png,3
kanazawa_266_310_234_199.png,6
kanazawa_266_310_156_183.png,5
kanazawa_266_310_51_129.png,6
kanazawa_266_310_206_193.png,3
kanazawa_266_310_44_209.png,6
kanazawa_266_310_95_272.png,1
kanazawa_266_310_17_106.png,6
kanazawa_266_310_201_229.png,3
kanazawa_266_310_223_202.png,3
kanazawa_266_310_118_282.png,1
kanazawa_266_310_175_25.png,6
kanazawa_266_310_81_264.png,6
kanazawa_266_310_204_132.png,3
kanazawa_266_310_120_216.png,5
kanazawa_266_310_148_34.png,6
kanazawa_266_310_93_239.png,5
kanazawa_266_310_79_50.png,6
kanazawa_266_310_49_57.png,6
kanazawa_266_310_150_39.png,6
kanazawa_266_310_173_248.png,3
kanazawa_266_310_41_78.png,6
kanazawa_266_310_144_79.png,1
kanazawa_266_310_94_66.png,6
kanazawa_266_310_39_76.png,6
kanazawa_266_310_58_68.png,6
kanazawa_266_310_94_69.png,6
kanazawa_266_310_130_277.png,5
kanazawa_266_310_207_240.png,3
kanazawa_266_310_54_62.png,6
kanazawa_266_310_229_109.png,3
kanazawa_266_310_90_261.png,5
kanazawa_266_310_217_240.png,3
kanazawa_266_310_147_30.png,6
kanazawa_266_310_39_106.png,6
kanazawa_266_310_21_106.png,6
kanazawa_266_310_70_274.png,6
kanazawa_266_310_194_256.png,3
kanazawa_266_310_176_240.png,3
kanazawa_266_310_165_63.png,5
kanazawa_266_310_237_145.png,3
kanazawa_266_310_75_262.png,6
kanazawa_266_310_64_179.png,3
kanazawa_266_310_122_229.png,3
kanazawa_266_310_104_126.png,5
kanazawa_266_310_201_202.png,3
kanazawa_266_310_173_79.png,5
kanazawa_266_310_151_71.png,5
kanazawa_266_310_107_283.png,1
kanazawa_266_310_48_212.png,6
kanazawa_266_310_228_110.png,3
kanazawa_266_310_104_210.png,5
kanazawa_266_310_160_39.png,6
kanazawa_266_310_67_234.png,6
kanazawa_266_310_54_301.png,6
kanazawa_266_310_235_190.png,6
kanazawa_266_310_194_123.png,3
kanazawa_266_310_106_58.png,6
kanazawa_266_310_229_200.png,3
kanazawa_266_310_94_196.png,1
kanazawa_266_310_16_131.png,6
kanazawa_266_310_46_191.png,3
kanazawa_266_310_163_221.png,3
kanazawa_266_310_174_55.png,5
kanazawa_266_310_72_221.png,3
kanazawa_266_310_201_210.png,3
kanazawa_266_310_214_134.png,3
kanazawa_266_310_95_162.png,3
kanazawa_266_310_197_230.png,3
kanazawa_266_310_227_148.png,3
kanazawa_266_310_82_271.png,6
kanazawa_266_310_91_142.png,3
kanazawa_266_310_152_228.png,3
kanazawa_266_310_72_295.png,6
kanazawa_266_310_62_218.png,6
kanazawa_266_310_106_214.png,5
kanazawa_266_310_26_194.png,3
kanazawa_266_310_172_31.png,6
kanazawa_266_310_142_179.png,5
kanazawa_266_310_128_112.png,1
kanazawa_266_310_148_93.png,1
kanazawa_266_310_166_24.png,6
kanazawa_266_310_61_50.png,6
kanazawa_266_310_218_44.png,3
kanazawa_266_310_59_159.png,3
kanazawa_266_310_23_93.png,6
kanazawa_266_310_42_261.png,6
kanazawa_266_310_149_217.png,3
kanazawa_266_310_82_87.png,6
kanazawa_266_310_69_287.png,6
kanazawa_266_310_5_80.png,6
kanazawa_266_310_170_208.png,3
kanazawa_266_310_120_57.png,6
kanazawa_266_310_191_131.png,3
kanazawa_266_310_73_257.png,6
kanazawa_266_310_234_247.png,3
kanazawa_266_310_75_269.png,6
kanazawa_266_310_104_135.png,3
kanazawa_266_310_119_285.png,5
kanazawa_266_310_181_213.png,3
kanazawa_266_310_105_72.png,6
kanazawa_266_310_40_251.png,6
kanazawa_266_310_192_77.png,3
kanazawa_266_310_133_67.png,3
kanazawa_266_310_150_62.png,3
kanazawa_266_310_201_122.png,3
kanazawa_266_310_30_74.png,6
kanazawa_266_310_141_85.png,1
kanazawa_266_310_102_274.png,1
kanazawa_266_310_164_252.png,3
kanazawa_266_310_108_231.png,5
kanazawa_266_310_73_273.png,6
kanazawa_266_310_94_159.png,3
kanazawa_266_310_213_178.png,3
kanazawa_266_310_195_21.png,3
kanazawa_266_310_225_206.png,3
kanazawa_266_310_238_127.png,3
kanazawa_266_310_210_19.png,5
kanazawa_266_310_113_41.png,6
kanazawa_266_310_116_145.png,3
kanazawa_266_310_23_120.png,6
kanazawa_266_310_148_219.png,3
kanazawa_266_310_106_277.png,1
kanazawa_266_310_135_133.png,3
kanazawa_266_310_74_232.png,3
kanazawa_266_310_174_23.png,6
kanazawa_266_310_58_242.png,6
kanazawa_266_310_38_143.png,5
kanazawa_266_310_149_86.png,1
kanazawa_266_310_51_73.png,6
kanazawa_266_310_107_120.png,5
kanazawa_266_310_50_286.png,6
kanazawa_266_310_116_120.png,1
kanazawa_266_310_203_125.png,3
kanazawa_266_310_36_55.png,6
kanazawa_266_310_128_199.png,5
kanazawa_266_310_106_78.png,6
kanazawa_266_310_205_119.png,3
kanazawa_266_310_163_58.png,5
kanazawa_266_310_118_67.png,6
kanazawa_266_310_243_193.png,3
kanazawa_266_310_82_267.png,3
kanazawa_266_310_130_197.png,5
kanazawa_266_310_249_166.png,3
kanazawa_266_310_34_194.png,3
kanazawa_266_310_115_210.png,5
kanazawa_266_310_200_257.png,3
kanazawa_266_310_121_75.png,6
kanazawa_266_310_69_106.png,6
kanazawa_266_310_50_208.png,6
kanazawa_266_310_167_101.png,3
kanazawa_266_310_148_144.png,3
kanazawa_266_310_115_233.png,3
kanazawa_266_310_184_253.png,3
kanazawa_266_310_82_208.png,1
kanazawa_266_310_89_261.png,5
kanazawa_266_310_66_89.png,6
kanazawa_266_310_148_38.png,6
kanazawa_266_310_231_238.png,3
kanazawa_266_310_120_181.png,5
kanazawa_266_310_38_156.png,5
kanazawa_266_310_193_166.png,3
kanazawa_266_310_23_61.png,6
kanazawa_266_310_254_204.png,3
kanazawa_266_310_124_283.png,5
kanazawa_266_310_215_160.png,3
kanazawa_266_310_145_217.png,3
kanazawa_266_310_162_221.png,3
kanazawa_266_310_75_212.png,3
kanazawa_266_310_97_239.png,1
kanazawa_266_310_129_148.png,3
kanazawa_266_310_202_177.png,3
kanazawa_266_310_200_205.png,3
kanazawa_266_310_218_84.png,3
kanazawa_266_310_170_39.png,6
kanazawa_266_310_220_10.png,5
kanazawa_266_310_210_223.png,3
kanazawa_266_310_79_147.png,3
kanazawa_266_310_109_263.png,1
kanazawa_266_310_39_103.png,6
kanazawa_266_310_76_291.png,6
kanazawa_266_310_68_258.png,6
kanazawa_266_310_164_189.png,3
kanazawa_266_310_136_28.png,6
kanazawa_266_310_168_51.png,1
kanazawa_266_310_236_223.png,3
kanazawa_266_310_150_171.png,5
kanazawa_266_310_246_204.png,3
kanazawa_266_310_173_194.png,3
kanazawa_266_310_207_228.png,3
kanazawa_266_310_242_212.png,3
kanazawa_266_310_59_77.png,6
kanazawa_266_310_115_209.png,5
kanazawa_266_310_36_112.png,6
kanazawa_266_310_216_183.png,3
kanazawa_266_310_217_246.png,3
kanazawa_266_310_171_32.png,6
kanazawa_266_310_218_240.png,3
kanazawa_266_310_137_36.png,6
kanazawa_266_310_138_181.png,5
kanazawa_266_310_177_119.png,3
kanazawa_266_310_177_232.png,3
kanazawa_266_310_150_166.png,5
kanazawa_266_310_96_202.png,5
kanazawa_266_310_199_128.png,3
kanazawa_266_310_136_78.png,3
kanazawa_266_310_89_222.png,1
kanazawa_266_310_117_43.png,6
kanazawa_266_310_100_89.png,6
kanazawa_266_310_68_137.png,5
kanazawa_266_310_82_115.png,3
kanazawa_266_310_238_164.png,3
kanazawa_266_310_155_269.png,3
kanazawa_266_310_27_111.png,6
kanazawa_266_310_120_112.png,5
kanazawa_266_310_4_81.png,6
kanazawa_266_310_137_185.png,1
kanazawa_266_310_141_194.png,5
kanazawa_266_310_250_184.png,3
kanazawa_266_310_113_112.png,5
kanazawa_266_310_42_125.png,6
kanazawa_266_310_110_221.png,5
kanazawa_266_310_70_45.png,6
kanazawa_266_310_152_100.png,1
kanazawa_266_310_45_169.png,3
kanazawa_266_310_32_88.png,6
kanazawa_266_310_78_152.png,3
kanazawa_266_310_55_287.png,6
kanazawa_266_310_55_235.png,6
kanazawa_266_310_186_171.png,3
kanazawa_266_310_63_89.png,6
kanazawa_266_310_251_195.png,3
kanazawa_266_310_209_177.png,3
kanazawa_266_310_58_283.png,6
kanazawa_266_310_93_102.png,6
kanazawa_266_310_77_89.png,6
kanazawa_266_310_150_63.png,3
kanazawa_266_310_57_157.png,3
kanazawa_266_310_65_61.png,6
kanazawa_266_310_28_114.png,6
kanazawa_266_310_178_257.png,3
kanazawa_266_310_40_60.png,6
kanazawa_266_310_40_107.png,6
kanazawa_266_310_49_249.png,6
kanazawa_266_310_69_237.png,6
kanazawa_266_310_116_223.png,3
kanazawa_266_310_54_178.png,3
kanazawa_266_310_129_263.png,1
kanazawa_266_310_63_63.png,6
kanazawa_266_310_212_242.png,3
kanazawa_266_310_193_227.png,3
kanazawa_266_310_185_229.png,3
kanazawa_266_310_180_218.png,3
kanazawa_266_310_78_64.png,6
kanazawa_266_310_44_256.png,6
kanazawa_266_310_206_65.png,3
kanazawa_266_310_116_85.png,6
kanazawa_266_310_40_86.png,6
kanazawa_266_310_105_217.png,5
kanazawa_266_310_104_56.png,6
kanazawa_266_310_171_163.png,3
kanazawa_266_310_37_237.png,6
kanazawa_266_310_168_253.png,3
kanazawa_266_310_135_146.png,3
kanazawa_266_310_177_110.png,3
kanazawa_266_310_147_198.png,5
kanazawa_266_310_201_222.png,3
kanazawa_266_310_234_133.png,3
kanazawa_266_310_97_95.png,6
kanazawa_266_310_162_272.png,3
kanazawa_266_310_209_214.png,3
kanazawa_266_310_171_209.png,3
kanazawa_266_310_26_73.png,6
kanazawa_266_310_217_96.png,5
kanazawa_266_310_188_86.png,3
kanazawa_266_310_50_178.png,3
kanazawa_266_310_95_51.png,6
kanazawa_266_310_147_66.png,3
kanazawa_266_310_198_257.png,3
kanazawa_266_310_155_231.png,3
kanazawa_266_310_59_245.png,6
kanazawa_266_310_9_69.png,6
kanazawa_266_310_86_51.png,6
kanazawa_266_310_119_79.png,6
kanazawa_266_310_160_62.png,5
kanazawa_266_310_215_220.png,3
kanazawa_266_310_224_135.png,3
kanazawa_266_310_110_213.png,5
kanazawa_266_310_23_79.png,6
kanazawa_266_310_50_62.png,6
kanazawa_266_310_198_106.png,3
kanazawa_266_310_185_91.png,3
kanazawa_266_310_130_220.png,3
kanazawa_266_310_218_187.png,3
kanazawa_266_310_203_137.png,3
kanazawa_266_310_245_223.png,3
kanazawa_266_310_41_245.png,6
kanazawa_266_310_201_177.png,3
kanazawa_266_310_171_208.png,3
kanazawa_266_310_39_87.png,6
kanazawa_266_310_103_75.png,6
kanazawa_266_310_70_282.png,6
kanazawa_266_310_187_180.png,3
kanazawa_266_310_94_263.png,5
kanazawa_266_310_205_80.png,3
kanazawa_266_310_131_31.png,6
kanazawa_266_310_20_94.png,6
kanazawa_266_310_46_250.png,6
kanazawa_266_310_39_85.png,6
kanazawa_266_310_148_131.png,3
kanazawa_266_310_99_250.png,5
kanazawa_266_310_247_186.png,3
kanazawa_266_310_174_259.png,3
kanazawa_266_310_59_215.png,6
kanazawa_266_310_111_73.png,6
kanazawa_266_310_41_110.png,6
kanazawa_266_310_231_183.png,3
kanazawa_266_310_169_86.png,5
kanazawa_266_310_98_197.png,5
kanazawa_266_310_102_263.png,3
kanazawa_266_310_99_226.png,5
kanazawa_266_310_38_57.png,6
kanazawa_266_310_115_83.png,6
kanazawa_266_310_86_293.png,5
kanazawa_266_310_157_263.png,3
kanazawa_266_310_61_216.png,6
kanazawa_266_310_242_213.png,3
kanazawa_266_310_112_150.png,3
kanazawa_266_310_51_206.png,3
kanazawa_266_310_186_164.png,3
kanazawa_266_310_195_158.png,3
kanazawa_266_310_86_101.png,6
kanazawa_266_310_145_174.png,5
kanazawa_266_310_55_211.png,6
kanazawa_266_310_54_259.png,6
kanazawa_266_310_230_174.png,3
kanazawa_266_310_106_79.png,6
kanazawa_266_310_141_267.png,5
kanazawa_266_310_51_106.png,6
kanazawa_266_310_29_165.png,5
kanazawa_266_310_243_186.png,3
kanazawa_266_310_233_140.png,6
kanazawa_266_310_188_246.png,3
kanazawa_266_310_186_105.png,3
kanazawa_266_310_53_203.png,1
kanazawa_266_310_113_192.png,5
kanazawa_266_310_176_94.png,3
kanazawa_266_310_70_296.png,6
kanazawa_266_310_98_54.png,6
kanazawa_266_310_55_122.png,6
kanazawa_266_310_136_80.png,3
kanazawa_266_310_114_208.png,5
kanazawa_266_310_44_94.png,6
kanazawa_266_310_74_292.png,6
kanazawa_266_310_34_235.png,6
kanazawa_266_310_118_108.png,3
kanazawa_266_310_53_277.png,6
kanazawa_266_310_78_211.png,3
kanazawa_266_310_128_270.png,5
kanazawa_266_310_52_227.png,6
kanazawa_266_310_131_129.png,3
kanazawa_266_310_44_159.png,3
kanazawa_266_310_58_154.png,3
kanazawa_266_310_116_36.png,6
kanazawa_266_310_177_186.png,3
kanazawa_266_310_240_183.png,3
kanazawa_266_310_219_148.png,5
kanazawa_266_310_53_97.png,6
kanazawa_266_310_33_112.png,6
kanazawa_266_310_178_201.png,3
kanazawa_266_310_114_61.png,6
kanazawa_266_310_179_158.png,3
kanazawa_266_310_44_286.png,6
kanazawa_266_310_78_115.png,6
kanazawa_266_310_160_244.png,3
kanazawa_266_310_92_205.png,5
kanazawa_266_310_102_59.png,6
kanazawa_266_310_91_239.png,5
kanazawa_266_310_102_278.png,1
kanazawa_266_310_196_252.png,3
kanazawa_266_310_74_121.png,3
kanazawa_266_310_62_221.png,6
kanazawa_266_310_61_236.png,6
kanazawa_266_310_176_219.png,3
kanazawa_266_310_136_106.png,1
kanazawa_266_310_87_214.png,1
kanazawa_266_310_50_295.png,6
kanazawa_266_310_151_187.png,5
kanazawa_266_310_237_108.png,3
kanazawa_266_310_187_42.png,5
kanazawa_266_310_44_211.png,6
kanazawa_266_310_233_196.png,6
kanazawa_266_310_182_261.png,3
kanazawa_266_310_159_64.png,5
kanazawa_266_310_224_208.png,3
kanazawa_266_310_157_262.png,3
kanazawa_266_310_71_249.png,6
kanazawa_266_310_80_268.png,6
kanazawa_266_310_58_170.png,3
kanazawa_266_310_92_271.png,5
kanazawa_266_310_137_253.png,1
kanazawa_266_310_27_146.png,3
kanazawa_266_310_209_124.png,3
kanazawa_266_310_94_106.png,6
kanazawa_266_310_93_289.png,5
kanazawa_266_310_230_88.png,3
kanazawa_266_310_101_86.png,6
kanazawa_266_310_44_253.png,6
kanazawa_266_310_198_159.png,3
kanazawa_266_310_117_149.png,3
kanazawa_266_310_138_214.png,3
kanazawa_266_310_27_197.png,3
kanazawa_266_310_122_223.png,3
kanazawa_266_310_157_48.png,6
kanazawa_266_310_85_54.png,6
kanazawa_266_310_81_294.png,6
kanazawa_266_310_222_71.png,3
kanazawa_266_310_260_226.png,3
kanazawa_266_310_63_223.png,6
kanazawa_266_310_221_226.png,3
kanazawa_266_310_160_27.png,6
kanazawa_266_310_193_214.png,3
kanazawa_266_310_75_121.png,3
kanazawa_266_310_248_218.png,3
kanazawa_266_310_172_254.png,3
kanazawa_266_310_90_149.png,3
kanazawa_266_310_39_238.png,6
kanazawa_266_310_78_271.png,6
kanazawa_266_310_63_86.png,6
kanazawa_266_310_225_83.png,3
kanazawa_266_310_192_158.png,3
kanazawa_266_310_180_233.png,3
kanazawa_266_310_247_241.png,3
kanazawa_266_310_29_123.png,6
kanazawa_266_310_132_29.png,6
kanazawa_266_310_161_31.png,6
kanazawa_266_310_25_108.png,6
kanazawa_266_310_9_71.png,6
kanazawa_266_310_49_303.png,6
kanazawa_266_310_94_170.png,3
kanazawa_266_310_39_214.png,6
kanazawa_266_310_225_110.png,3
kanazawa_266_310_234_215.png,3
kanazawa_266_310_211_179.png,3
kanazawa_266_310_69_103.png,6
kanazawa_266_310_118_248.png,1
kanazawa_266_310_173_210.png,3
kanazawa_266_310_206_232.png,3
kanazawa_266_310_246_172.png,3
kanazawa_266_310_132_169.png,6
kanazawa_266_310_109_165.png,3
kanazawa_266_310_85_231.png,5
kanazawa_266_310_174_36.png,6
kanazawa_266_310_219_143.png,3
kanazawa_266_310_144_264.png,3
kanazawa_266_310_105_54.png,6
kanazawa_266_310_85_96.png,6
kanazawa_266_310_112_278.png,1
kanazawa_266_310_208_19.png,5
kanazawa_266_310_126_226.png,3
kanazawa_266_310_109_111.png,5
kanazawa_266_310_38_237.png,6
kanazawa_266_310_250_242.png,3
kanazawa_266_310_44_239.png,6
kanazawa_266_310_139_267.png,5
kanazawa_266_310_138_145.png,3
kanazawa_266_310_238_112.png,3
kanazawa_266_310_227_125.png,3
kanazawa_266_310_124_258.png,5
kanazawa_266_310_51_227.png,6
kanazawa_266_310_152_101.png,1
kanazawa_266_310_224_55.png,3
kanazawa_266_310_15_61.png,6
kanazawa_266_310_118_208.png,5
kanazawa_266_310_42_162.png,3
kanazawa_266_310_58_224.png,6
kanazawa_266_310_137_40.png,6
kanazawa_266_310_86_173.png,5
kanazawa_266_310_79_255.png,6
kanazawa_266_310_85_66.png,6
kanazawa_266_310_193_85.png,3
kanazawa_266_310_68_282.png,6
kanazawa_266_310_35_72.png,6
kanazawa_266_310_219_199.png,3
kanazawa_266_310_9_88.png,6
kanazawa_266_310_35_225.png,6
kanazawa_266_310_101_285.png,1
kanazawa_266_310_170_99.png,3
kanazawa_266_310_52_129.png,3
kanazawa_266_310_168_180.png,3
kanazawa_266_310_31_224.png,6
kanazawa_266_310_20_127.png,6
kanazawa_266_310_119_164.png,5
kanazawa_266_310_146_196.png,5
kanazawa_266_310_68_226.png,3
kanazawa_266_310_87_66.png,6
kanazawa_266_310_38_64.png,6
kanazawa_266_310_96_119.png,5
kanazawa_266_310_77_65.png,6
kanazawa_266_310_85_50.png,6
kanazawa_266_310_50_285.png,6
kanazawa_266_310_36_132.png,3
kanazawa_266_310_174_182.png,3
kanazawa_266_310_78_46.png,6
kanazawa_266_310_253_196.png,3
kanazawa_266_310_239_156.png,3
kanazawa_266_310_26_195.png,3
kanazawa_266_310_200_186.png,3
kanazawa_266_310_186_19.png,6
kanazawa_266_310_146_41.png,6
kanazawa_266_310_143_109.png,3
kanazawa_266_310_178_67.png,5
kanazawa_266_310_176_256.png,3
kanazawa_266_310_188_256.png,3
kanazawa_266_310_207_232.png,3
kanazawa_266_310_125_60.png,6
kanazawa_266_310_125_247.png,5
kanazawa_266_310_119_91.png,3
kanazawa_266_310_244_145.png,3
kanazawa_266_310_169_248.png,3
kanazawa_266_310_54_65.png,6
kanazawa_266_310_160_257.png,3
kanazawa_266_310_186_89.png,3
kanazawa_266_310_194_180.png,3
kanazawa_266_310_143_195.png,5
kanazawa_266_310_199_104.png,3
kanazawa_266_310_190_244.png,3
kanazawa_266_310_93_191.png,5
kanazawa_266_310_79_197.png,3
kanazawa_266_310_152_33.png,6
kanazawa_266_310_215_129.png,3
kanazawa_266_310_226_152.png,3
kanazawa_266_310_53_59.png,6
kanazawa_266_310_232_173.png,3
kanazawa_266_310_123_98.png,2
kanazawa_266_310_146_234.png,3
kanazawa_266_310_116_177.png,5
kanazawa_266_310_64_253.png,6
kanazawa_266_310_117_107.png,3
kanazawa_266_310_140_150.png,3
kanazawa_266_310_225_215.png,3
kanazawa_266_310_77_107.png,6
kanazawa_266_310_159_205.png,3
kanazawa_266_310_23_105.png,6
kanazawa_266_310_154_260.png,3
kanazawa_266_310_187_145.png,3
kanazawa_266_310_97_81.png,6
kanazawa_266_310_217_99.png,3
kanazawa_266_310_189_172.png,3
kanazawa_266_310_82_284.png,3
kanazawa_266_310_218_223.png,3
kanazawa_266_310_36_103.png,6
kanazawa_266_310_32_61.png,6
kanazawa_266_310_183_114.png,3
kanazawa_266_310_201_111.png,3
kanazawa_266_310_156_98.png,1
kanazawa_266_310_111_265.png,1
kanazawa_266_310_135_39.png,6
kanazawa_266_310_166_206.png,3
kanazawa_266_310_235_109.png,3
kanazawa_266_310_218_22.png,5
kanazawa_266_310_44_81.png,6
kanazawa_266_310_253_213.png,3
kanazawa_266_310_68_284.png,6
kanazawa_266_310_91_85.png,6
kanazawa_266_310_217_238.png,3
kanazawa_266_310_62_84.png,6
kanazawa_266_310_69_252.png,6
kanazawa_266_310_39_97.png,6
kanazawa_266_310_195_196.png,3
kanazawa_266_310_112_207.png,5
kanazawa_266_310_99_246.png,5
kanazawa_266_310_83_128.png,3
kanazawa_266_310_157_272.png,3
kanazawa_266_310_203_219.png,3
kanazawa_266_310_23_130.png,6
kanazawa_266_310_63_136.png,5
kanazawa_266_310_213_15.png,6
kanazawa_266_310_151_53.png,6
kanazawa_266_310_43_68.png,6
kanazawa_266_310_39_164.png,3
kanazawa_266_310_203_117.png,3
kanazawa_266_310_77_77.png,6
kanazawa_266_310_176_184.png,3
kanazawa_266_310_111_193.png,5
kanazawa_266_310_216_232.png,3
kanazawa_266_310_181_188.png,3
kanazawa_266_310_92_132.png,3
kanazawa_266_310_230_251.png,3
kanazawa_266_310_79_93.png,6
kanazawa_266_310_31_156.png,5
kanazawa_266_310_204_34.png,1
kanazawa_266_310_99_137.png,3
kanazawa_266_310_212_220.png,3
kanazawa_266_310_200_94.png,3
kanazawa_266_310_205_150.png,3
kanazawa_266_310_167_70.png,5
kanazawa_266_310_107_96.png,6
kanazawa_266_310_93_97.png,6
kanazawa_266_310_28_70.png,6
kanazawa_266_310_174_151.png,3
kanazawa_266_310_30_87.png,6
kanazawa_266_310_178_127.png,3
kanazawa_266_310_199_227.png,3
kanazawa_266_310_209_136.png,3
kanazawa_266_310_184_229.png,3
kanazawa_266_310_107_68.png,6
kanazawa_266_310_64_274.png,6
kanazawa_266_310_55_302.png,6
kanazawa_266_310_63_53.png,6
kanazawa_266_310_173_96.png,3
kanazawa_266_310_238_108.png,3
kanazawa_266_310_49_259.png,6
kanazawa_266_310_105_68.png,6
kanazawa_266_310_119_261.png,1
kanazawa_266_310_200_192.png,3
kanazawa_266_310_60_297.png,6
kanazawa_266_310_116_276.png,1
kanazawa_266_310_50_63.png,6
kanazawa_266_310_119_145.png,3
kanazawa_266_310_73_70.png,6
kanazawa_266_310_82_258.png,3
kanazawa_266_310_160_72.png,1
kanazawa_266_310_162_57.png,5
kanazawa_266_310_195_32.png,5
kanazawa_266_310_79_72.png,6
kanazawa_266_310_161_242.png,3
kanazawa_266_310_120_133.png,3
kanazawa_266_310_128_196.png,5
kanazawa_266_310_147_150.png,3
kanazawa_266_310_88_291.png,5
kanazawa_266_310_43_271.png,6
kanazawa_266_310_248_221.png,3
kanazawa_266_310_62_54.png,6
kanazawa_266_310_152_96.png,1
kanazawa_266_310_166_256.png,3
kanazawa_266_310_43_142.png,1
kanazawa_266_310_65_223.png,6
kanazawa_266_310_139_52.png,6
kanazawa_266_310_95_62.png,6
kanazawa_266_310_42_185.png,3
kanazawa_266_310_55_213.png,6
kanazawa_266_310_122_51.png,6
kanazawa_266_310_135_95.png,5
kanazawa_266_310_205_102.png,3
kanazawa_266_310_68_63.png,6
kanazawa_266_310_182_52.png,1
kanazawa_266_310_82_78.png,6
kanazawa_266_310_26_85.png,6
kanazawa_266_310_230_199.png,3
kanazawa_266_310_212_113.png,3
kanazawa_266_310_170_20.png,6
kanazawa_266_310_132_277.png,5
kanazawa_266_310_163_37.png,6
kanazawa_266_310_116_277.png,1
kanazawa_266_310_36_222.png,6
kanazawa_266_310_85_292.png,5
kanazawa_266_310_98_231.png,5
kanazawa_266_310_84_69.png,6
kanazawa_266_310_189_234.png,3
kanazawa_266_310_88_236.png,5
kanazawa_266_310_147_233.png,3
kanazawa_266_310_180_236.png,3
kanazawa_266_310_209_24.png,1
kanazawa_266_310_175_207.png,3
kanazawa_266_310_100_191.png,5
kanazawa_266_310_49_66.png,6
kanazawa_266_310_232_227.png,3
kanazawa_266_310_97_125.png,3
kanazawa_266_310_64_195.png,5
kanazawa_266_310_234_210.png,3
kanazawa_266_310_83_107.png,6
kanazawa_266_310_236_169.png,3
kanazawa_266_310_148_81.png,1
kanazawa_266_310_130_82.png,2
kanazawa_266_310_147_234.png,3
kanazawa_266_310_201_188.png,3
kanazawa_266_310_153_50.png,6
kanazawa_266_310_129_281.png,5
kanazawa_266_310_173_233.png,3
kanazawa_266_310_131_35.png,6
kanazawa_266_310_212_39.png,3
kanazawa_266_310_74_185.png,3
kanazawa_266_310_34_75.png,6
kanazawa_266_310_184_50.png,5
kanazawa_266_310_92_250.png,5
kanazawa_266_310_154_59.png,3
kanazawa_266_310_143_177.png,5
kanazawa_266_310_191_215.png,3
kanazawa_266_310_232_182.png,3
kanazawa_266_310_125_42.png,6
kanazawa_266_310_127_249.png,5
kanazawa_266_310_159_121.png,3
kanazawa_266_310_106_48.png,6
kanazawa_266_310_163_24.png,6
kanazawa_266_310_199_139.png,3
kanazawa_266_310_48_97.png,6
kanazawa_266_310_20_62.png,6
kanazawa_266_310_108_276.png,1
kanazawa_266_310_63_108.png,6
kanazawa_266_310_73_85.png,6
kanazawa_266_310_84_82.png,6
kanazawa_266_310_176_242.png,3
kanazawa_266_310_62_56.png,6
kanazawa_266_310_199_9.png,6
kanazawa_266_310_54_219.png,6
kanazawa_266_310_150_31.png,6
kanazawa_266_310_141_25.png,6
kanazawa_266_310_163_29.png,6
kanazawa_266_310_232_244.png,3
kanazawa_266_310_49_207.png,6
kanazawa_266_310_231_126.png,3
kanazawa_266_310_88_99.png,6
kanazawa_266_310_50_85.png,6
kanazawa_266_310_74_46.png,6
kanazawa_266_310_25_122.png,6
kanazawa_266_310_95_102.png,6
kanazawa_266_310_46_266.png,6
kanazawa_266_310_88_112.png,3
kanazawa_266_310_241_226.png,3
kanazawa_266_310_87_99.png,6
kanazawa_266_310_95_174.png,3
kanazawa_266_310_103_36.png,6
kanazawa_266_310_93_275.png,5
kanazawa_266_310_117_108.png,3
kanazawa_266_310_100_199.png,5
kanazawa_266_310_149_136.png,3
kanazawa_266_310_235_127.png,3
kanazawa_266_310_170_198.png,3
kanazawa_266_310_209_109.png,3
kanazawa_266_310_162_191.png,3
kanazawa_266_310_57_188.png,3
kanazawa_266_310_134_52.png,6
kanazawa_266_310_136_114.png,3
kanazawa_266_310_156_92.png,1
kanazawa_266_310_46_177.png,5
kanazawa_266_310_177_154.png,3
kanazawa_266_310_70_191.png,3
kanazawa_266_310_169_34.png,6
kanazawa_266_310_158_155.png,3
kanazawa_266_310_83_260.png,3
kanazawa_266_310_53_293.png,6
kanazawa_266_310_13_73.png,6
kanazawa_266_310_149_89.png,1
kanazawa_266_310_54_121.png,6
kanazawa_266_310_49_106.png,6
kanazawa_266_310_31_64.png,6
kanazawa_266_310_122_248.png,5
kanazawa_266_310_133_48.png,6
kanazawa_266_310_175_103.png,3
kanazawa_266_310_153_23.png,6
kanazawa_266_310_192_132.png,3
kanazawa_266_310_170_159.png,3
kanazawa_266_310_65_153.png,3
kanazawa_266_310_45_119.png,6
kanazawa_266_310_178_259.png,3
kanazawa_266_310_238_249.png,3
kanazawa_266_310_84_111.png,6
kanazawa_266_310_150_133.png,3
kanazawa_266_310_117_98.png,1
kanazawa_266_310_11_116.png,6
kanazawa_266_310_72_240.png,6
kanazawa_266_310_52_179.png,3
kanazawa_266_310_169_247.png,3
kanazawa_266_310_243_225.png,3
kanazawa_266_310_105_119.png,5
kanazawa_266_310_72_232.png,6
kanazawa_266_310_41_164.png,3
kanazawa_266_310_197_184.png,3
kanazawa_266_310_92_60.png,6
kanazawa_266_310_170_212.png,3
kanazawa_266_310_196_167.png,3
kanazawa_266_310_107_161.png,3
kanazawa_266_310_97_226.png,5
kanazawa_266_310_52_70.png,6
kanazawa_266_310_27_180.png,3
kanazawa_266_310_145_56.png,6
kanazawa_266_310_42_195.png,3
kanazawa_266_310_166_157.png,3
kanazawa_266_310_40_143.png,5
kanazawa_266_310_183_131.png,3
kanazawa_266_310_86_54.png,6
kanazawa_266_310_198_128.png,3
kanazawa_266_310_182_45.png,5
kanazawa_266_310_184_232.png,3
kanazawa_266_310_178_186.png,3
kanazawa_266_310_38_111.png,6
kanazawa_266_310_122_176.png,5
kanazawa_266_310_193_261.png,3
kanazawa_266_310_122_208.png,5
kanazawa_266_310_129_165.png,3
kanazawa_266_310_197_216.png,3
kanazawa_266_310_146_269.png,3
kanazawa_266_310_69_104.png,6
kanazawa_266_310_102_277.png,1
kanazawa_266_310_185_181.png,3
kanazawa_266_310_88_83.png,6
kanazawa_266_310_29_91.png,6
kanazawa_266_310_179_229.png,3
kanazawa_266_310_219_226.png,6
kanazawa_266_310_223_115.png,3
kanazawa_266_310_221_162.png,3
kanazawa_266_310_184_164.png,3
kanazawa_266_310_212_98.png,3
kanazawa_266_310_164_147.png,3
kanazawa_266_310_170_209.png,3
kanazawa_266_310_73_237.png,3
kanazawa_266_310_145_25.png,6
kanazawa_266_310_47_219.png,6
kanazawa_266_310_220_131.png,3
kanazawa_266_310_227_118.png,3
kanazawa_266_310_116_259.png,1
kanazawa_266_310_160_140.png,3
kanazawa_266_310_240_242.png,3
kanazawa_266_310_206_244.png,3
kanazawa_266_310_184_254.png,3
kanazawa_266_310_53_67.png,6
kanazawa_266_310_39_152.png,5
kanazawa_266_310_222_81.png,3
kanazawa_266_310_158_41.png,6
kanazawa_266_310_75_65.png,6
kanazawa_266_310_88_61.png,6
kanazawa_266_310_99_284.png,1
kanazawa_266_310_74_146.png,3
kanazawa_266_310_81_295.png,6
kanazawa_266_310_228_241.png,3
kanazawa_266_310_250_220.png,3
kanazawa_266_310_86_131.png,3
kanazawa_266_310_125_267.png,4
kanazawa_266_310_110_163.png,3
kanazawa_266_310_186_131.png,3
kanazawa_266_310_214_114.png,3
kanazawa_266_310_230_186.png,3
kanazawa_266_310_241_150.png,3
kanazawa_266_310_56_293.png,6
kanazawa_266_310_66_177.png,3
kanazawa_266_310_145_165.png,5
kanazawa_266_310_47_245.png,6
kanazawa_266_310_13_98.png,6
kanazawa_266_310_88_110.png,6
kanazawa_266_310_150_173.png,5
kanazawa_266_310_243_219.png,3
kanazawa_266_310_35_84.png,6
kanazawa_266_310_110_232.png,3
kanazawa_266_310_52_52.png,6
kanazawa_266_310_30_202.png,3
kanazawa_266_310_95_278.png,1
kanazawa_266_310_27_169.png,5
kanazawa_266_310_46_282.png,6
kanazawa_266_310_70_234.png,6
kanazawa_266_310_86_206.png,1
kanazawa_266_310_104_43.png,6
kanazawa_266_310_154_220.png,3
kanazawa_266_310_231_143.png,3
kanazawa_266_310_84_168.png,3
kanazawa_266_310_27_70.png,6
kanazawa_266_310_171_137.png,3
kanazawa_266_310_180_237.png,3
kanazawa_266_310_219_140.png,3
kanazawa_266_310_222_234.png,3
kanazawa_266_310_101_187.png,5
kanazawa_266_310_104_120.png,5
kanazawa_266_310_45_135.png,6
kanazawa_266_310_199_222.png,3
kanazawa_266_310_46_57.png,6
kanazawa_266_310_181_166.png,3
kanazawa_266_310_41_261.png,6
kanazawa_266_310_207_236.png,3
kanazawa_266_310_172_171.png,3
kanazawa_266_310_196_147.png,3
kanazawa_266_310_39_63.png,6
kanazawa_266_310_183_125.png,3
kanazawa_266_310_203_129.png,3
kanazawa_266_310_109_81.png,6
kanazawa_266_310_178_179.png,3
kanazawa_266_310_80_50.png,6
kanazawa_266_310_96_104.png,6
kanazawa_266_310_237_113.png,3
kanazawa_266_310_133_47.png,6
kanazawa_266_310_167_265.png,3
kanazawa_266_310_139_85.png,5
kanazawa_266_310_142_172.png,5
kanazawa_266_310_188_97.png,3
kanazawa_266_310_188_238.png,3
kanazawa_266_310_208_99.png,3
kanazawa_266_310_141_205.png,1
kanazawa_266_310_68_77.png,6
kanazawa_266_310_191_141.png,3
kanazawa_266_310_142_77.png,1
kanazawa_266_310_92_152.png,3
kanazawa_266_310_33_92.png,6
kanazawa_266_310_96_120.png,5
kanazawa_266_310_30_89.png,6
kanazawa_266_310_81_44.png,6
kanazawa_266_310_213_23.png,5
kanazawa_266_310_176_253.png,3
kanazawa_266_310_87_58.png,6
kanazawa_266_310_77_223.png,1
kanazawa_266_310_232_210.png,3
kanazawa_266_310_80_49.png,6
kanazawa_266_310_122_69.png,6
kanazawa_266_310_28_110.png,6
kanazawa_266_310_239_131.png,3
kanazawa_266_310_47_94.png,6
kanazawa_266_310_195_135.png,3
kanazawa_266_310_61_282.png,6
kanazawa_266_310_164_235.png,3
kanazawa_266_310_123_203.png,5
kanazawa_266_310_100_48.png,6
kanazawa_266_310_49_158.png,3
kanazawa_266_310_45_133.png,3
kanazawa_266_310_43_146.png,5
kanazawa_266_310_221_241.png,3
kanazawa_266_310_242_243.png,3
kanazawa_266_310_214_234.png,3
kanazawa_266_310_239_146.png,3
kanazawa_266_310_200_194.png,3
kanazawa_266_310_71_193.png,5
kanazawa_266_310_54_132.png,3
kanazawa_266_310_144_61.png,6
kanazawa_266_310_123_186.png,5
kanazawa_266_310_154_84.png,1
kanazawa_266_310_216_55.png,3
kanazawa_266_310_85_85.png,6
kanazawa_266_310_222_212.png,3
kanazawa_266_310_153_223.png,3
kanazawa_266_310_144_232.png,3
kanazawa_266_310_216_247.png,3
kanazawa_266_310_229_93.png,3
kanazawa_266_310_228_52.png,3
kanazawa_266_310_60_216.png,6
kanazawa_266_310_239_198.png,3
kanazawa_266_310_227_88.png,3
kanazawa_266_310_189_219.png,3
kanazawa_266_310_190_101.png,3
kanazawa_266_310_63_70.png,6
kanazawa_266_310_247_222.png,3
kanazawa_266_310_70_208.png,3
kanazawa_266_310_195_79.png,3
kanazawa_266_310_198_14.png,6
kanazawa_266_310_186_239.png,3
kanazawa_266_310_125_81.png,3
kanazawa_266_310_171_68.png,5
kanazawa_266_310_229_69.png,3
kanazawa_266_310_167_212.png,3
kanazawa_266_310_143_216.png,3
kanazawa_266_310_97_240.png,1
kanazawa_266_310_34_178.png,5
kanazawa_266_310_217_193.png,3
kanazawa_266_310_99_249.png,5
kanazawa_266_310_214_132.png,3
kanazawa_266_310_50_292.png,6
kanazawa_266_310_194_211.png,3
kanazawa_266_310_93_245.png,5
kanazawa_266_310_81_118.png,3
kanazawa_266_310_192_161.png,3
kanazawa_266_310_94_124.png,3
kanazawa_266_310_192_173.png,3
kanazawa_266_310_52_241.png,6
kanazawa_266_310_13_80.png,6
kanazawa_266_310_229_70.png,3
kanazawa_266_310_179_124.png,3
kanazawa_266_310_232_87.png,3
kanazawa_266_310_100_167.png,3
kanazawa_266_310_236_237.png,3
kanazawa_266_310_241_201.png,3
kanazawa_266_310_226_108.png,3
kanazawa_266_310_239_167.png,3
kanazawa_266_310_54_278.png,6
kanazawa_266_310_187_18.png,6
kanazawa_266_310_17_121.png,6
kanazawa_266_310_26_189.png,3
kanazawa_266_310_129_122.png,3
kanazawa_266_310_97_201.png,5
kanazawa_266_310_55_220.png,6
kanazawa_266_310_172_75.png,5
kanazawa_266_310_182_26.png,6
kanazawa_266_310_253_206.png,3
kanazawa_266_310_59_64.png,6
kanazawa_266_310_150_240.png,3
kanazawa_266_310_73_230.png,3
kanazawa_266_310_83_105.png,6
kanazawa_266_310_157_35.png,6
kanazawa_266_310_130_217.png,3
kanazawa_266_310_130_111.png,1
kanazawa_266_310_73_78.png,6
kanazawa_266_310_68_246.png,6
kanazawa_266_310_182_226.png,3
kanazawa_266_310_205_126.png,3
kanazawa_266_310_221_254.png,3
kanazawa_266_310_13_108.png,6
kanazawa_266_310_140_215.png,3
kanazawa_266_310_90_55.png,6
kanazawa_266_310_144_133.png,3
kanazawa_266_310_64_232.png,6
kanazawa_266_310_93_56.png,6
kanazawa_266_310_196_111.png,3
kanazawa_266_310_217_242.png,3
kanazawa_266_310_226_233.png,3
kanazawa_266_310_198_240.png,6
kanazawa_266_310_36_90.png,6
kanazawa_266_310_75_258.png,6
kanazawa_266_310_41_65.png,6
kanazawa_266_310_28_122.png,6
kanazawa_266_310_119_137.png,5
kanazawa_266_310_180_49.png,5
kanazawa_266_310_70_221.png,3
kanazawa_266_310_57_261.png,6
kanazawa_266_310_161_97.png,3
kanazawa_266_310_106_83.png,6
kanazawa_266_310_237_111.png,3
kanazawa_266_310_91_155.png,3
kanazawa_266_310_221_186.png,3
kanazawa_266_310_77_247.png,6
kanazawa_266_310_218_194.png,3
kanazawa_266_310_214_251.png,3
kanazawa_266_310_150_98.png,1
kanazawa_266_310_16_105.png,6
kanazawa_266_310_180_230.png,3
kanazawa_266_310_138_95.png,1
kanazawa_266_310_145_118.png,3
kanazawa_266_310_43_89.png,6
kanazawa_266_310_106_160.png,3
kanazawa_266_310_155_82.png,1
kanazawa_266_310_140_85.png,5
kanazawa_266_310_37_107.png,6
kanazawa_266_310_243_141.png,3
kanazawa_266_310_111_80.png,6
kanazawa_266_310_202_44.png,5
kanazawa_266_310_206_211.png,3
kanazawa_266_310_57_225.png,6
kanazawa_266_310_210_83.png,3
kanazawa_266_310_47_63.png,6
kanazawa_266_310_85_49.png,6
kanazawa_266_310_67_291.png,6
kanazawa_266_310_40_78.png,6
kanazawa_266_310_211_257.png,3
kanazawa_266_310_76_99.png,6
kanazawa_266_310_106_161.png,3
kanazawa_266_310_38_236.png,6
kanazawa_266_310_77_265.png,6
kanazawa_266_310_87_196.png,5
kanazawa_266_310_210_185.png,3
kanazawa_266_310_53_233.png,6
kanazawa_266_310_164_250.png,3
kanazawa_266_310_86_237.png,5
kanazawa_266_310_135_75.png,3
kanazawa_266_310_64_229.png,6
kanazawa_266_310_175_211.png,3
kanazawa_266_310_13_100.png,6
kanazawa_266_310_175_245.png,3
kanazawa_266_310_37_216.png,3
kanazawa_266_310_154_52.png,6
kanazawa_266_310_57_76.png,6
kanazawa_266_310_184_131.png,3
kanazawa_266_310_28_128.png,6
kanazawa_266_310_117_69.png,6
kanazawa_266_310_155_160.png,5
kanazawa_266_310_182_154.png,3
kanazawa_266_310_206_22.png,5
kanazawa_266_310_212_148.png,3
kanazawa_266_310_23_173.png,5
kanazawa_266_310_136_63.png,6
kanazawa_266_310_229_116.png,3
kanazawa_266_310_106_216.png,5
kanazawa_266_310_196_134.png,3
kanazawa_266_310_60_119.png,6
kanazawa_266_310_102_45.png,6
kanazawa_266_310_171_24.png,6
kanazawa_266_310_165_29.png,6
kanazawa_266_310_96_151.png,3
kanazawa_266_310_215_172.png,3
kanazawa_266_310_12_90.png,6
kanazawa_266_310_117_205.png,5
kanazawa_266_310_202_134.png,3
kanazawa_266_310_116_141.png,3
kanazawa_266_310_113_51.png,6
kanazawa_266_310_5_81.png,6
kanazawa_266_310_45_124.png,6
kanazawa_266_310_211_203.png,3
kanazawa_266_310_176_77.png,5
kanazawa_266_310_98_227.png,5
kanazawa_266_310_21_127.png,6
kanazawa_266_310_211_217.png,6
kanazawa_266_310_190_240.png,3
kanazawa_266_310_148_43.png,6
kanazawa_266_310_22_86.png,6
kanazawa_266_310_22_107.png,6
kanazawa_266_310_122_175.png,5
kanazawa_266_310_200_175.png,3
kanazawa_266_310_157_108.png,5
kanazawa_266_310_178_120.png,3
kanazawa_266_310_66_74.png,6
kanazawa_266_310_196_13.png,6
kanazawa_266_310_17_93.png,6
kanazawa_266_310_176_168.png,3
kanazawa_266_310_12_109.png,6
kanazawa_266_310_17_114.png,6
kanazawa_266_310_235_191.png,6
kanazawa_266_310_236_166.png,3
kanazawa_266_310_21_115.png,6
kanazawa_266_310_66_215.png,5
kanazawa_266_310_119_214.png,5
kanazawa_266_310_218_66.png,3
kanazawa_266_310_176_227.png,3
kanazawa_266_310_212_139.png,3
kanazawa_266_310_9_68.png,6
kanazawa_266_310_194_117.png,3
kanazawa_266_310_95_258.png,5
kanazawa_266_310_77_83.png,6
kanazawa_266_310_257_223.png,3
kanazawa_266_310_158_136.png,3
kanazawa_266_310_75_162.png,3
kanazawa_266_310_139_140.png,3
kanazawa_266_310_154_160.png,5
kanazawa_266_310_164_149.png,3
kanazawa_266_310_33_177.png,3
kanazawa_266_310_185_159.png,3
kanazawa_266_310_88_100.png,6
kanazawa_266_310_115_277.png,1
kanazawa_266_310_205_48.png,4
kanazawa_266_310_73_48.png,6
kanazawa_266_310_89_265.png,5
kanazawa_266_310_111_277.png,1
kanazawa_266_310_207_122.png,3
kanazawa_266_310_107_218.png,5
kanazawa_266_310_102_135.png,3
kanazawa_266_310_194_191.png,3
kanazawa_266_310_45_180.png,3
kanazawa_266_310_112_180.png,5
kanazawa_266_310_140_49.png,6
kanazawa_266_310_79_61.png,6
kanazawa_266_310_45_287.png,6
kanazawa_266_310_57_112.png,6
kanazawa_266_310_45_66.png,6
kanazawa_266_310_161_61.png,5
kanazawa_266_310_135_91.png,1
kanazawa_266_310_219_210.png,3
kanazawa_266_310_71_76.png,6
kanazawa_266_310_154_185.png,5
kanazawa_266_310_179_176.png,3
kanazawa_266_310_121_100.png,3
kanazawa_266_310_236_146.png,3
kanazawa_266_310_27_104.png,6
kanazawa_266_310_34_125.png,6
kanazawa_266_310_187_186.png,3
kanazawa_266_310_171_154.png,3
kanazawa_266_310_32_118.png,6
kanazawa_266_310_72_292.png,6
kanazawa_266_310_89_102.png,6
kanazawa_266_310_60_233.png,6
kanazawa_266_310_69_72.png,6
kanazawa_266_310_227_144.png,3
kanazawa_266_310_113_33.png,6
kanazawa_266_310_50_305.png,6
kanazawa_266_310_258_238.png,3
kanazawa_266_310_80_65.png,6
kanazawa_266_310_125_220.png,3
kanazawa_266_310_160_210.png,3
kanazawa_266_310_232_97.png,3
kanazawa_266_310_30_78.png,6
kanazawa_266_310_204_189.png,3
kanazawa_266_310_64_93.png,6
kanazawa_266_310_113_113.png,5
kanazawa_266_310_209_115.png,3
kanazawa_266_310_158_233.png,3
kanazawa_266_310_113_275.png,1
kanazawa_266_310_25_87.png,6
kanazawa_266_310_179_241.png,3
kanazawa_266_310_150_96.png,1
kanazawa_266_310_239_197.png,3
kanazawa_266_310_259_217.png,3
kanazawa_266_310_240_157.png,3
kanazawa_266_310_188_95.png,5
kanazawa_266_310_77_110.png,6
kanazawa_266_310_136_90.png,1
kanazawa_266_310_232_212.png,3
kanazawa_266_310_176_39.png,3
kanazawa_266_310_116_105.png,6
kanazawa_266_310_27_200.png,3
kanazawa_266_310_75_287.png,6
kanazawa_266_310_61_292.png,6
kanazawa_266_310_77_256.png,6
kanazawa_266_310_201_84.png,3
kanazawa_266_310_164_255.png,3
kanazawa_266_310_217_22.png,5
kanazawa_266_310_189_48.png,5
kanazawa_266_310_96_245.png,1
kanazawa_266_310_178_265.png,3
kanazawa_266_310_236_157.png,3
kanazawa_266_310_96_244.png,1
kanazawa_266_310_139_106.png,1
kanazawa_266_310_21_79.png,6
kanazawa_266_310_23_84.png,6
kanazawa_266_310_175_29.png,6
kanazawa_266_310_100_147.png,3
kanazawa_266_310_221_92.png,3
kanazawa_266_310_208_197.png,3
kanazawa_266_310_112_119.png,5
kanazawa_266_310_210_106.png,3
kanazawa_266_310_36_219.png,6
kanazawa_266_310_142_141.png,3
kanazawa_266_310_220_35.png,3
kanazawa_266_310_101_220.png,5
kanazawa_266_310_183_165.png,3
kanazawa_266_310_240_143.png,3
kanazawa_266_310_75_225.png,1
kanazawa_266_310_151_169.png,5
kanazawa_266_310_224_237.png,3
kanazawa_266_310_99_90.png,6
kanazawa_266_310_194_168.png,3
kanazawa_266_310_228_60.png,3
kanazawa_266_310_33_121.png,6
kanazawa_266_310_219_75.png,3
kanazawa_266_310_243_136.png,3
kanazawa_266_310_22_66.png,6
kanazawa_266_310_185_157.png,3
kanazawa_266_310_45_270.png,6
kanazawa_266_310_214_79.png,3
kanazawa_266_310_150_75.png,5
kanazawa_266_310_213_54.png,3
kanazawa_266_310_164_74.png,5
kanazawa_266_310_22_91.png,6
kanazawa_266_310_100_274.png,1
kanazawa_266_310_191_51.png,5
kanazawa_266_310_89_68.png,6
kanazawa_266_310_188_192.png,3
kanazawa_266_310_223_178.png,3
kanazawa_266_310_230_185.png,3
kanazawa_266_310_248_166.png,3
kanazawa_266_310_44_251.png,6
kanazawa_266_310_16_104.png,6
kanazawa_266_310_124_272.png,5
kanazawa_266_310_245_206.png,3
kanazawa_266_310_77_284.png,6
kanazawa_266_310_56_289.png,6
kanazawa_266_310_6_70.png,6
kanazawa_266_310_57_276.png,6
kanazawa_266_310_120_78.png,6
kanazawa_266_310_117_253.png,5
kanazawa_266_310_175_109.png,3
kanazawa_266_310_182_17.png,6
kanazawa_266_310_33_89.png,6
kanazawa_266_310_167_128.png,3
kanazawa_266_310_36_89.png,6
kanazawa_266_310_178_126.png,3
kanazawa_266_310_37_113.png,6
kanazawa_266_310_132_35.png,6
kanazawa_266_310_227_114.png,3
kanazawa_266_310_185_262.png,3
kanazawa_266_310_155_221.png,3
kanazawa_266_310_157_156.png,3
kanazawa_266_310_241_147.png,3
kanazawa_266_310_197_181.png,3
kanazawa_266_310_44_259.png,6
kanazawa_266_310_220_12.png,5
kanazawa_266_310_35_104.png,6
kanazawa_266_310_106_280.png,1
kanazawa_266_310_25_82.png,6
kanazawa_266_310_194_157.png,3
kanazawa_266_310_54_299.png,6
kanazawa_266_310_53_156.png,3
kanazawa_266_310_207_227.png,3
kanazawa_266_310_97_222.png,5
kanazawa_266_310_219_207.png,3
kanazawa_266_310_181_155.png,3
kanazawa_266_310_25_171.png,5
kanazawa_266_310_135_62.png,6
kanazawa_266_310_182_130.png,3
kanazawa_266_310_111_68.png,6
kanazawa_266_310_204_218.png,3
kanazawa_266_310_44_133.png,3
kanazawa_266_310_24_107.png,6
kanazawa_266_310_104_54.png,6
kanazawa_266_310_238_197.png,3
kanazawa_266_310_24_111.png,6
kanazawa_266_310_160_71.png,5
kanazawa_266_310_206_146.png,3
kanazawa_266_310_71_202.png,3
kanazawa_266_310_112_66.png,6
kanazawa_266_310_71_119.png,6
kanazawa_266_310_138_57.png,6
kanazawa_266_310_153_36.png,6
kanazawa_266_310_46_238.png,6
kanazawa_266_310_198_157.png,3
kanazawa_266_310_224_43.png,3
kanazawa_266_310_233_162.png,3
kanazawa_266_310_41_237.png,6
kanazawa_266_310_178_250.png,3
kanazawa_266_310_209_32.png,1
kanazawa_266_310_69_229.png,6
kanazawa_266_310_132_90.png,1
kanazawa_266_310_94_231.png,1
kanazawa_266_310_79_107.png,6
kanazawa_266_310_173_223.png,3
kanazawa_266_310_26_100.png,6
kanazawa_266_310_53_83.png,6
kanazawa_266_310_61_145.png,3
kanazawa_266_310_214_104.png,3
kanazawa_266_310_82_128.png,3
kanazawa_266_310_224_191.png,3
kanazawa_266_310_168_64.png,5
kanazawa_266_310_233_172.png,3
kanazawa_266_310_27_196.png,3
kanazawa_266_310_29_182.png,3
kanazawa_266_310_217_164.png,3
kanazawa_266_310_60_120.png,6
kanazawa_266_310_216_47.png,5
kanazawa_266_310_80_271.png,6
kanazawa_266_310_48_259.png,6
kanazawa_266_310_58_214.png,6
kanazawa_266_310_142_99.png,1
kanazawa_266_310_17_89.png,6
kanazawa_266_310_136_263.png,5
kanazawa_266_310_241_215.png,3
kanazawa_266_310_148_217.png,3
kanazawa_266_310_54_149.png,5
kanazawa_266_310_209_102.png,3
kanazawa_266_310_216_236.png,3
kanazawa_266_310_107_175.png,5
kanazawa_266_310_54_227.png,6
kanazawa_266_310_202_165.png,3
kanazawa_266_310_23_87.png,6
kanazawa_266_310_204_117.png,3
kanazawa_266_310_150_246.png,3
kanazawa_266_310_221_32.png,3
kanazawa_266_310_233_219.png,3
kanazawa_266_310_104_90.png,6
kanazawa_266_310_143_170.png,5
kanazawa_266_310_78_79.png,6
kanazawa_266_310_42_271.png,6
kanazawa_266_310_196_33.png,5
kanazawa_266_310_205_99.png,3
kanazawa_266_310_154_108.png,1
kanazawa_266_310_128_275.png,5
kanazawa_266_310_184_151.png,3
kanazawa_266_310_108_161.png,3
kanazawa_266_310_238_222.png,3
kanazawa_266_310_186_117.png,3
kanazawa_266_310_131_79.png,3
kanazawa_266_310_214_131.png,3
kanazawa_266_310_235_226.png,3
kanazawa_266_310_89_207.png,1
kanazawa_266_310_141_258.png,5
kanazawa_266_310_149_237.png,3
kanazawa_266_310_122_155.png,3
kanazawa_266_310_57_100.png,6
kanazawa_266_310_216_187.png,3
kanazawa_266_310_170_41.png,6
kanazawa_266_310_147_108.png,1
kanazawa_266_310_84_90.png,6
kanazawa_266_310_228_163.png,3
kanazawa_266_310_199_248.png,3
kanazawa_266_310_154_90.png,1
kanazawa_266_310_240_225.png,3
kanazawa_266_310_164_194.png,3
kanazawa_266_310_104_243.png,1
kanazawa_266_310_171_227.png,3
kanazawa_266_310_180_70.png,5
kanazawa_266_310_245_148.png,3
kanazawa_266_310_49_83.png,6
kanazawa_266_310_86_189.png,3
kanazawa_266_310_86_183.png,3
kanazawa_266_310_203_195.png,3
kanazawa_266_310_76_73.png,6
kanazawa_266_310_49_134.png,5
kanazawa_266_310_67_237.png,6
kanazawa_266_310_40_76.png,6
kanazawa_266_310_210_203.png,3
kanazawa_266_310_138_33.png,6
kanazawa_266_310_213_132.png,3
kanazawa_266_310_153_258.png,3
kanazawa_266_310_169_257.png,3
kanazawa_266_310_48_106.png,6
kanazawa_266_310_224_162.png,3
kanazawa_266_310_217_121.png,3
kanazawa_266_310_72_137.png,5
kanazawa_266_310_87_112.png,3
kanazawa_266_310_140_51.png,6
kanazawa_266_310_19_127.png,6
kanazawa_266_310_96_110.png,5
kanazawa_266_310_172_46.png,1
kanazawa_266_310_187_158.png,3
kanazawa_266_310_191_16.png,6
kanazawa_266_310_176_160.png,3
kanazawa_266_310_52_160.png,3
kanazawa_266_310_28_185.png,3
kanazawa_266_310_94_268.png,5
kanazawa_266_310_59_69.png,6
kanazawa_266_310_25_106.png,6
kanazawa_266_310_245_176.png,3
kanazawa_266_310_130_195.png,5
kanazawa_266_310_192_145.png,3
kanazawa_266_310_156_33.png,6
kanazawa_266_310_200_132.png,3
kanazawa_266_310_106_203.png,1
kanazawa_266_310_144_158.png,3
kanazawa_266_310_120_125.png,3
kanazawa_266_310_17_70.png,6
kanazawa_266_310_113_276.png,1
kanazawa_266_310_90_277.png,5
kanazawa_266_310_106_132.png,3
kanazawa_266_310_158_45.png,6
kanazawa_266_310_173_198.png,3
kanazawa_266_310_63_62.png,6
kanazawa_266_310_94_171.png,3
kanazawa_266_310_100_104.png,3
kanazawa_266_310_46_63.png,6
kanazawa_266_310_73_238.png,6
kanazawa_266_310_234_195.png,3
kanazawa_266_310_87_289.png,5
kanazawa_266_310_151_109.png,1
kanazawa_266_310_191_241.png,3
kanazawa_266_310_43_158.png,3
kanazawa_266_310_46_252.png,6
kanazawa_266_310_181_163.png,3
kanazawa_266_310_139_187.png,5
kanazawa_266_310_176_243.png,3
kanazawa_266_310_194_145.png,3
kanazawa_266_310_233_240.png,3
kanazawa_266_310_111_78.png,6
kanazawa_266_310_67_69.png,6
kanazawa_266_310_219_114.png,3
kanazawa_266_310_213_92.png,5
kanazawa_266_310_74_67.png,6
kanazawa_266_310_196_211.png,3
kanazawa_266_310_151_44.png,6
kanazawa_266_310_117_48.png,6
kanazawa_266_310_195_96.png,3
kanazawa_266_310_26_65.png,6
kanazawa_266_310_117_186.png,5
kanazawa_266_310_194_183.png,3
kanazawa_266_310_91_190.png,5
kanazawa_266_310_150_147.png,3
kanazawa_266_310_58_287.png,6
kanazawa_266_310_183_148.png,3
kanazawa_266_310_84_103.png,6
kanazawa_266_310_123_279.png,1
kanazawa_266_310_140_161.png,3
kanazawa_266_310_45_174.png,3
kanazawa_266_310_90_44.png,6
kanazawa_266_310_185_187.png,3
kanazawa_266_310_33_168.png,3
kanazawa_266_310_121_54.png,6
kanazawa_266_310_39_243.png,6
kanazawa_266_310_39_176.png,3
kanazawa_266_310_245_164.png,3
kanazawa_266_310_213_231.png,3
kanazawa_266_310_222_157.png,3
kanazawa_266_310_198_149.png,3
kanazawa_266_310_160_264.png,3
kanazawa_266_310_64_55.png,6
kanazawa_266_310_184_141.png,3
kanazawa_266_310_117_91.png,3
kanazawa_266_310_74_113.png,6
kanazawa_266_310_149_24.png,6
kanazawa_266_310_50_251.png,6
kanazawa_266_310_104_139.png,3
kanazawa_266_310_240_145.png,3
kanazawa_266_310_222_143.png,3
kanazawa_266_310_228_54.png,3
kanazawa_266_310_95_120.png,5
kanazawa_266_310_181_234.png,3
kanazawa_266_310_89_106.png,6
kanazawa_266_310_194_141.png,3
kanazawa_266_310_4_66.png,6
kanazawa_266_310_40_119.png,6
kanazawa_266_310_132_75.png,3
kanazawa_266_310_190_97.png,3
kanazawa_266_310_156_163.png,5
kanazawa_266_310_80_269.png,6
kanazawa_266_310_75_99.png,6
kanazawa_266_310_242_183.png,3
kanazawa_266_310_241_195.png,3
kanazawa_266_310_223_162.png,3
kanazawa_266_310_173_252.png,3
kanazawa_266_310_52_282.png,6
kanazawa_266_310_76_141.png,3
kanazawa_266_310_70_148.png,3
kanazawa_266_310_160_103.png,3
kanazawa_266_310_128_54.png,6
kanazawa_266_310_200_161.png,3
kanazawa_266_310_79_272.png,6
kanazawa_266_310_202_12.png,6
kanazawa_266_310_48_275.png,6
kanazawa_266_310_202_107.png,3
kanazawa_266_310_112_34.png,6
kanazawa_266_310_206_178.png,3
kanazawa_266_310_94_86.png,6
kanazawa_266_310_230_107.png,3
kanazawa_266_310_211_50.png,3
kanazawa_266_310_220_232.png,3
kanazawa_266_310_187_97.png,3
kanazawa_266_310_56_126.png,6
kanazawa_266_310_107_43.png,6
kanazawa_266_310_181_230.png,3
kanazawa_266_310_189_118.png,3
kanazawa_266_310_183_184.png,3
kanazawa_266_310_60_280.png,6
kanazawa_266_310_202_109.png,3
kanazawa_266_310_48_146.png,5
kanazawa_266_310_137_58.png,6
kanazawa_266_310_82_216.png,1
kanazawa_266_310_214_178.png,3
kanazawa_266_310_160_21.png,6
kanazawa_266_310_197_154.png,3
kanazawa_266_310_144_143.png,3
kanazawa_266_310_121_85.png,3
kanazawa_266_310_129_102.png,5
kanazawa_266_310_201_209.png,3
kanazawa_266_310_229_161.png,3
kanazawa_266_310_127_33.png,6
kanazawa_266_310_179_125.png,3
kanazawa_266_310_102_280.png,1
kanazawa_266_310_20_77.png,6
kanazawa_266_310_120_84.png,3
kanazawa_266_310_213_240.png,3
kanazawa_266_310_177_126.png,3
kanazawa_266_310_189_19.png,6
kanazawa_266_310_150_190.png,5
kanazawa_266_310_58_127.png,6
kanazawa_266_310_167_113.png,3
kanazawa_266_310_58_81.png,6
kanazawa_266_310_161_42.png,6
kanazawa_266_310_100_66.png,6
kanazawa_266_310_54_235.png,6
kanazawa_266_310_108_146.png,3
kanazawa_266_310_129_104.png,5
kanazawa_266_310_117_196.png,5
kanazawa_266_310_99_133.png,3
kanazawa_266_310_132_281.png,5
kanazawa_266_310_116_67.png,6
kanazawa_266_310_41_226.png,6
kanazawa_266_310_216_74.png,3
kanazawa_266_310_114_185.png,5
kanazawa_266_310_40_70.png,6
kanazawa_266_310_12_96.png,6
kanazawa_266_310_214_244.png,3
kanazawa_266_310_115_122.png,5
kanazawa_266_310_173_21.png,6
kanazawa_266_310_56_87.png,6
kanazawa_266_310_110_189.png,5
kanazawa_266_310_121_83.png,3
kanazawa_266_310_64_269.png,6
kanazawa_266_310_169_215.png,3
kanazawa_266_310_52_54.png,6
kanazawa_266_310_81_235.png,1
kanazawa_266_310_32_104.png,6
kanazawa_266_310_57_217.png,6
kanazawa_266_310_134_144.png,3
kanazawa_266_310_219_223.png,3
kanazawa_266_310_102_62.png,6
kanazawa_266_310_74_254.png,6
kanazawa_266_310_243_183.png,3
kanazawa_266_310_141_95.png,1
kanazawa_266_310_214_208.png,3
kanazawa_266_310_216_17.png,5
kanazawa_266_310_123_170.png,5
kanazawa_266_310_212_214.png,6
kanazawa_266_310_180_31.png,6
kanazawa_266_310_188_154.png,3
kanazawa_266_310_226_245.png,3
kanazawa_266_310_148_211.png,3
kanazawa_266_310_46_125.png,6
kanazawa_266_310_133_112.png,3
kanazawa_266_310_145_132.png,3
kanazawa_266_310_146_86.png,1
kanazawa_266_310_92_283.png,1
kanazawa_266_310_97_66.png,6
kanazawa_266_310_166_151.png,3
kanazawa_266_310_65_238.png,6
kanazawa_266_310_129_275.png,5
kanazawa_266_310_37_149.png,5
kanazawa_266_310_150_103.png,1
kanazawa_266_310_241_143.png,3
kanazawa_266_310_124_223.png,3
kanazawa_266_310_31_76.png,6
kanazawa_266_310_52_217.png,6
kanazawa_266_310_25_104.png,6
kanazawa_266_310_169_243.png,3
kanazawa_266_310_189_104.png,3
kanazawa_266_310_129_194.png,5
kanazawa_266_310_59_176.png,3
kanazawa_266_310_238_152.png,3
kanazawa_266_310_188_178.png,3
kanazawa_266_310_91_87.png,6
kanazawa_266_310_146_74.png,5
kanazawa_266_310_22_69.png,6
kanazawa_266_310_84_43.png,6
kanazawa_266_310_151_64.png,3
kanazawa_266_310_28_124.png,6
kanazawa_266_310_132_191.png,5
kanazawa_266_310_159_68.png,5
kanazawa_266_310_196_203.png,3
kanazawa_266_310_25_98.png,6
kanazawa_266_310_143_104.png,1
kanazawa_266_310_108_40.png,6
kanazawa_266_310_209_77.png,3
kanazawa_266_310_223_116.png,3
kanazawa_266_310_78_90.png,6
kanazawa_266_310_148_75.png,5
kanazawa_266_310_105_51.png,6
kanazawa_266_310_49_209.png,6
kanazawa_266_310_129_210.png,5
kanazawa_266_310_30_93.png,6
kanazawa_266_310_56_55.png,6
kanazawa_266_310_70_243.png,6
kanazawa_266_310_216_235.png,3
kanazawa_266_310_170_22.png,6
kanazawa_266_310_143_183.png,5
kanazawa_266_310_225_93.png,3
kanazawa_266_310_169_180.png,3
kanazawa_266_310_77_253.png,6
kanazawa_266_310_229_137.png,3
kanazawa_266_310_205_174.png,3
kanazawa_266_310_51_272.png,6
kanazawa_266_310_241_137.png,3
kanazawa_266_310_212_45.png,3
kanazawa_266_310_113_190.png,5
kanazawa_266_310_200_249.png,3
kanazawa_266_310_52_175.png,3
kanazawa_266_310_100_80.png,6
kanazawa_266_310_177_18.png,6
kanazawa_266_310_235_201.png,3
kanazawa_266_310_244_221.png,3
kanazawa_266_310_81_129.png,3
kanazawa_266_310_223_122.png,3
kanazawa_266_310_222_195.png,3
kanazawa_266_310_116_61.png,6
kanazawa_266_310_113_152.png,3
kanazawa_266_310_210_26.png,1
kanazawa_266_310_66_283.png,6
kanazawa_266_310_85_163.png,3
kanazawa_266_310_244_152.png,3
kanazawa_266_310_135_274.png,5
kanazawa_266_310_18_67.png,6
kanazawa_266_310_96_41.png,6
kanazawa_266_310_115_113.png,5
kanazawa_266_310_149_187.png,5
kanazawa_266_310_230_83.png,6
kanazawa_266_310_101_225.png,5
kanazawa_266_310_195_217.png,3
kanazawa_266_310_43_147.png,5
kanazawa_266_310_170_28.png,6
kanazawa_266_310_31_135.png,3
kanazawa_266_310_38_216.png,6
kanazawa_266_310_192_232.png,3
kanazawa_266_310_64_245.png,6
kanazawa_266_310_225_246.png,3
kanazawa_266_310_90_62.png,6
kanazawa_266_310_59_185.png,3
kanazawa_266_310_92_143.png,3
kanazawa_266_310_105_101.png,3
kanazawa_266_310_194_255.png,3
kanazawa_266_310_53_256.png,6
kanazawa_266_310_68_240.png,6
kanazawa_266_310_228_173.png,3
kanazawa_266_310_60_101.png,6
kanazawa_266_310_46_179.png,3
kanazawa_266_310_259_232.png,3
kanazawa_266_310_242_224.png,3
kanazawa_266_310_197_197.png,3
kanazawa_266_310_79_221.png,1
kanazawa_266_310_203_48.png,3
kanazawa_266_310_84_280.png,1
kanazawa_266_310_50_288.png,6
kanazawa_266_310_102_61.png,6
kanazawa_266_310_139_50.png,6
kanazawa_266_310_166_223.png,3
kanazawa_266_310_11_69.png,6
kanazawa_266_310_143_196.png,5
kanazawa_266_310_43_104.png,6
kanazawa_266_310_201_146.png,3
kanazawa_266_310_175_193.png,3
kanazawa_266_310_171_92.png,3
kanazawa_266_310_48_196.png,3
kanazawa_266_310_142_111.png,3
kanazawa_266_310_203_82.png,3
kanazawa_266_310_143_89.png,1
kanazawa_266_310_125_48.png,6
kanazawa_266_310_202_230.png,3
kanazawa_266_310_70_110.png,6
kanazawa_266_310_62_72.png,6
kanazawa_266_310_161_76.png,5
kanazawa_266_310_76_44.png,6
kanazawa_266_310_46_113.png,6
kanazawa_266_310_165_70.png,5
kanazawa_266_310_56_194.png,5
kanazawa_266_310_189_229.png,3
kanazawa_266_310_59_108.png,6
kanazawa_266_310_151_91.png,1
kanazawa_266_310_179_160.png,3
kanazawa_266_310_117_112.png,3
kanazawa_266_310_88_253.png,5
kanazawa_266_310_154_140.png,3
kanazawa_266_310_132_107.png,1
kanazawa_266_310_239_184.png,3
kanazawa_266_310_126_280.png,5
kanazawa_266_310_213_102.png,3
kanazawa_266_310_153_76.png,1
kanazawa_266_310_109_187.png,5
kanazawa_266_310_106_38.png,6
kanazawa_266_310_53_77.png,6
kanazawa_266_310_184_144.png,3
kanazawa_266_310_133_183.png,5
kanazawa_266_310_37_168.png,3
kanazawa_266_310_198_261.png,3
kanazawa_266_310_87_266.png,5
kanazawa_266_310_76_282.png,1
kanazawa_266_310_130_194.png,5
kanazawa_266_310_218_201.png,3
kanazawa_266_310_133_172.png,3
kanazawa_266_310_187_28.png,6
kanazawa_266_310_115_39.png,6
kanazawa_266_310_92_95.png,6
kanazawa_266_310_249_216.png,3
kanazawa_266_310_250_244.png,3
kanazawa_266_310_213_131.png,3
kanazawa_266_310_40_124.png,6
kanazawa_266_310_86_126.png,3
kanazawa_266_310_224_211.png,3
kanazawa_266_310_235_211.png,3
kanazawa_266_310_123_30.png,6
kanazawa_266_310_184_13.png,6
kanazawa_266_310_180_18.png,6
kanazawa_266_310_201_82.png,3
kanazawa_266_310_88_57.png,6
kanazawa_266_310_99_192.png,5
kanazawa_266_310_67_286.png,6
kanazawa_266_310_97_88.png,6
kanazawa_266_310_139_194.png,5
kanazawa_266_310_94_157.png,3
kanazawa_266_310_174_155.png,3
kanazawa_266_310_180_191.png,3
kanazawa_266_310_66_98.png,6
kanazawa_266_310_123_33.png,6
kanazawa_266_310_26_60.png,6
kanazawa_266_310_164_261.png,3
kanazawa_266_310_164_50.png,3
kanazawa_266_310_137_33.png,6
kanazawa_266_310_32_183.png,3
kanazawa_266_310_198_117.png,3
kanazawa_266_310_118_41.png,6
kanazawa_266_310_189_120.png,3
kanazawa_266_310_29_80.png,6
kanazawa_266_310_96_67.png,6
kanazawa_266_310_162_19.png,6
kanazawa_266_310_162_143.png,3
kanazawa_266_310_45_193.png,5
kanazawa_266_310_226_73.png,3
kanazawa_266_310_167_35.png,6
kanazawa_266_310_208_242.png,3
kanazawa_266_310_217_160.png,3
kanazawa_266_310_42_173.png,3
kanazawa_266_310_107_281.png,1
kanazawa_266_310_72_104.png,6
kanazawa_266_310_109_63.png,6
kanazawa_266_310_193_115.png,3
kanazawa_266_310_220_237.png,3
kanazawa_266_310_121_230.png,3
kanazawa_266_310_168_175.png,5
kanazawa_266_310_105_276.png,1
kanazawa_266_310_41_262.png,6
kanazawa_266_310_116_191.png,5
kanazawa_266_310_69_133.png,5
kanazawa_266_310_76_105.png,6
kanazawa_266_310_42_57.png,6
kanazawa_266_310_167_164.png,3
kanazawa_266_310_83_157.png,3
kanazawa_266_310_173_88.png,5
kanazawa_266_310_248_246.png,3
kanazawa_266_310_87_252.png,5
kanazawa_266_310_134_91.png,1
kanazawa_266_310_101_193.png,5
kanazawa_266_310_16_117.png,6
kanazawa_266_310_88_218.png,1
kanazawa_266_310_213_101.png,3
kanazawa_266_310_174_215.png,3
kanazawa_266_310_63_236.png,6
kanazawa_266_310_195_86.png,3
kanazawa_266_310_139_185.png,5
kanazawa_266_310_35_154.png,5
kanazawa_266_310_186_49.png,5
kanazawa_266_310_196_145.png,3
kanazawa_266_310_201_208.png,3
kanazawa_266_310_223_105.png,3
kanazawa_266_310_199_240.png,3
kanazawa_266_310_166_34.png,6
kanazawa_266_310_117_139.png,3
kanazawa_266_310_143_121.png,3
kanazawa_266_310_216_137.png,3
kanazawa_266_310_69_268.png,6
kanazawa_266_310_198_185.png,3
kanazawa_266_310_228_185.png,3
kanazawa_266_310_224_150.png,3
kanazawa_266_310_48_186.png,3
kanazawa_266_310_113_174.png,5
kanazawa_266_310_215_161.png,3
kanazawa_266_310_59_233.png,6
kanazawa_266_310_69_169.png,3
kanazawa_266_310_136_193.png,5
kanazawa_266_310_73_73.png,6
kanazawa_266_310_193_84.png,3
kanazawa_266_310_24_61.png,6
kanazawa_266_310_232_153.png,3
kanazawa_266_310_199_121.png,3
kanazawa_266_310_239_116.png,3
kanazawa_266_310_119_52.png,6
kanazawa_266_310_51_303.png,6
kanazawa_266_310_217_20.png,5
kanazawa_266_310_218_185.png,3
kanazawa_266_310_53_120.png,6
kanazawa_266_310_60_241.png,6
kanazawa_266_310_78_276.png,6
kanazawa_266_310_51_91.png,6
kanazawa_266_310_126_153.png,2
kanazawa_266_310_196_255.png,3
kanazawa_266_310_82_118.png,3
kanazawa_266_310_164_243.png,3
kanazawa_266_310_102_170.png,3
kanazawa_266_310_189_233.png,3
kanazawa_266_310_183_17.png,6
kanazawa_266_310_182_77.png,3
kanazawa_266_310_67_143.png,3
kanazawa_266_310_128_281.png,5
kanazawa_266_310_138_146.png,3
kanazawa_266_310_75_112.png,6
kanazawa_266_310_72_149.png,3
kanazawa_266_310_138_277.png,5
kanazawa_266_310_237_151.png,3
kanazawa_266_310_193_183.png,3
kanazawa_266_310_10_66.png,6
kanazawa_266_310_125_62.png,6
kanazawa_266_310_222_57.png,3
kanazawa_266_310_188_142.png,3
kanazawa_266_310_68_260.png,6
kanazawa_266_310_126_78.png,3
kanazawa_266_310_38_146.png,5
kanazawa_266_310_200_258.png,6
kanazawa_266_310_222_95.png,3
kanazawa_266_310_141_129.png,3
kanazawa_266_310_194_156.png,3
kanazawa_266_310_89_157.png,3
kanazawa_266_310_149_102.png,1
kanazawa_266_310_90_233.png,5
kanazawa_266_310_185_238.png,3
kanazawa_266_310_128_192.png,5
kanazawa_266_310_83_221.png,1
kanazawa_266_310_46_70.png,6
kanazawa_266_310_74_240.png,6
kanazawa_266_310_99_275.png,1
kanazawa_266_310_189_139.png,3
kanazawa_266_310_103_203.png,5
kanazawa_266_310_77_80.png,6
kanazawa_266_310_214_238.png,3
kanazawa_266_310_63_294.png,6
kanazawa_266_310_116_86.png,1
kanazawa_266_310_59_55.png,6
kanazawa_266_310_209_181.png,3
kanazawa_266_310_197_140.png,3
kanazawa_266_310_231_221.png,3
kanazawa_266_310_28_157.png,5
kanazawa_266_310_97_108.png,3
kanazawa_266_310_249_198.png,3
kanazawa_266_310_197_111.png,3
kanazawa_266_310_151_48.png,6
kanazawa_266_310_193_258.png,3
kanazawa_266_310_179_154.png,3
kanazawa_266_310_99_101.png,6
kanazawa_266_310_200_17.png,1
kanazawa_266_310_103_275.png,1
kanazawa_266_310_190_255.png,3
kanazawa_266_310_98_60.png,6
kanazawa_266_310_133_76.png,3
kanazawa_266_310_29_75.png,6
kanazawa_266_310_97_104.png,6
kanazawa_266_310_156_77.png,1
kanazawa_266_310_13_71.png,6
kanazawa_266_310_205_39.png,5
kanazawa_266_310_207_19.png,5
kanazawa_266_310_180_244.png,3
kanazawa_266_310_162_142.png,3
kanazawa_266_310_216_123.png,3
kanazawa_266_310_204_59.png,3
kanazawa_266_310_135_114.png,3
kanazawa_266_310_242_127.png,3
kanazawa_266_310_86_220.png,1
kanazawa_266_310_58_219.png,6
kanazawa_266_310_150_89.png,1
kanazawa_266_310_113_35.png,6
kanazawa_266_310_122_62.png,6
kanazawa_266_310_86_49.png,6
kanazawa_266_310_144_31.png,6
kanazawa_266_310_95_57.png,6
kanazawa_266_310_194_192.png,3
kanazawa_266_310_113_55.png,6
kanazawa_266_310_202_227.png,6
kanazawa_266_310_72_96.png,6
kanazawa_266_310_163_240.png,3
kanazawa_266_310_153_212.png,3
kanazawa_266_310_225_105.png,3
kanazawa_266_310_231_199.png,3
kanazawa_266_310_226_252.png,3
kanazawa_266_310_94_54.png,6
kanazawa_266_310_65_100.png,6
kanazawa_266_310_157_94.png,1
kanazawa_266_310_151_141.png,3
kanazawa_266_310_180_248.png,3
kanazawa_266_310_64_247.png,6
kanazawa_266_310_182_229.png,3
kanazawa_266_310_75_186.png,3
kanazawa_266_310_226_118.png,3
kanazawa_266_310_28_98.png,6
kanazawa_266_310_185_63.png,5
kanazawa_266_310_109_175.png,5
kanazawa_266_310_46_292.png,6
kanazawa_266_310_81_289.png,3
kanazawa_266_310_194_148.png,3
kanazawa_266_310_179_111.png,3
kanazawa_266_310_130_37.png,6
kanazawa_266_310_173_30.png,6
kanazawa_266_310_21_88.png,6
kanazawa_266_310_26_81.png,6
kanazawa_266_310_181_115.png,3
kanazawa_266_310_155_236.png,3
kanazawa_266_310_41_234.png,6
kanazawa_266_310_134_59.png,6
kanazawa_266_310_51_54.png,6
kanazawa_266_310_203_224.png,6
kanazawa_266_310_43_118.png,6
kanazawa_266_310_208_94.png,3
kanazawa_266_310_102_84.png,6
kanazawa_266_310_231_204.png,3
kanazawa_266_310_32_66.png,6
kanazawa_266_310_240_128.png,3
kanazawa_266_310_67_223.png,3
kanazawa_266_310_153_27.png,6
kanazawa_266_310_11_101.png,6
kanazawa_266_310_174_218.png,3
kanazawa_266_310_181_190.png,3
kanazawa_266_310_58_234.png,6
kanazawa_266_310_198_228.png,3
kanazawa_266_310_79_56.png,6
kanazawa_266_310_22_126.png,6
kanazawa_266_310_215_153.png,3
kanazawa_266_310_178_76.png,5
kanazawa_266_310_206_235.png,3
kanazawa_266_310_186_136.png,3
kanazawa_266_310_91_263.png,5
kanazawa_266_310_53_50.png,6
kanazawa_266_310_41_168.png,3
kanazawa_266_310_176_79.png,5
kanazawa_266_310_215_239.png,3
kanazawa_266_310_175_247.png,3
kanazawa_266_310_28_129.png,6
kanazawa_266_310_114_93.png,3
kanazawa_266_310_140_200.png,5
kanazawa_266_310_117_275.png,1
kanazawa_266_310_36_153.png,5
kanazawa_266_310_37_233.png,6
kanazawa_266_310_126_189.png,5
kanazawa_266_310_232_185.png,3
kanazawa_266_310_176_32.png,6
kanazawa_266_310_32_168.png,3
kanazawa_266_310_130_225.png,6
kanazawa_266_310_67_267.png,6
kanazawa_266_310_99_118.png,5
kanazawa_266_310_122_169.png,5
kanazawa_266_310_194_57.png,5
kanazawa_266_310_22_117.png,6
kanazawa_266_310_21_63.png,6
kanazawa_266_310_148_234.png,3
kanazawa_266_310_253_186.png,3
kanazawa_266_310_144_112.png,5
kanazawa_266_310_223_179.png,3
kanazawa_266_310_152_268.png,3
kanazawa_266_310_195_59.png,5
kanazawa_266_310_233_157.png,3
kanazawa_266_310_184_136.png,3
kanazawa_266_310_189_262.png,3
kanazawa_266_310_11_98.png,6
kanazawa_266_310_93_148.png,3
kanazawa_266_310_77_55.png,6
kanazawa_266_310_36_243.png,6
kanazawa_266_310_44_169.png,3
kanazawa_266_310_97_101.png,6
kanazawa_266_310_149_181.png,5
kanazawa_266_310_209_100.png,3
kanazawa_266_310_117_252.png,5
kanazawa_266_310_71_113.png,6
kanazawa_266_310_41_86.png,6
kanazawa_266_310_174_16.png,6
kanazawa_266_310_43_285.png,6
kanazawa_266_310_48_145.png,5
kanazawa_266_310_161_211.png,3
kanazawa_266_310_98_52.png,6
kanazawa_266_310_178_34.png,6
kanazawa_266_310_194_208.png,3
kanazawa_266_310_13_118.png,6
kanazawa_266_310_65_301.png,6
kanazawa_266_310_33_151.png,6
kanazawa_266_310_230_243.png,3
kanazawa_266_310_129_120.png,3
kanazawa_266_310_140_182.png,5
kanazawa_266_310_64_136.png,5
kanazawa_266_310_169_244.png,3
kanazawa_266_310_169_23.png,6
kanazawa_266_310_79_185.png,3
kanazawa_266_310_101_206.png,5
kanazawa_266_310_45_286.png,6
kanazawa_266_310_243_177.png,3
kanazawa_266_310_29_74.png,6
kanazawa_266_310_26_76.png,6
kanazawa_266_310_83_275.png,3
kanazawa_266_310_234_94.png,3
kanazawa_266_310_245_221.png,3
kanazawa_266_310_35_239.png,6
kanazawa_266_310_246_168.png,3
kanazawa_266_310_132_146.png,3
kanazawa_266_310_91_107.png,6
kanazawa_266_310_163_51.png,3
kanazawa_266_310_185_113.png,3
kanazawa_266_310_123_142.png,3
kanazawa_266_310_16_77.png,6
kanazawa_266_310_240_153.png,3
kanazawa_266_310_53_114.png,6
kanazawa_266_310_78_296.png,6
kanazawa_266_310_194_261.png,3
kanazawa_266_310_103_222.png,5
kanazawa_266_310_181_126.png,3
kanazawa_266_310_73_255.png,6
kanazawa_266_310_49_52.png,6
kanazawa_266_310_60_132.png,1
kanazawa_266_310_177_213.png,3
kanazawa_266_310_222_224.png,3
kanazawa_266_310_142_129.png,3
kanazawa_266_310_208_132.png,3
kanazawa_266_310_168_148.png,3
kanazawa_266_310_112_78.png,6
kanazawa_266_310_199_219.png,3
kanazawa_266_310_203_26.png,5
kanazawa_266_310_193_182.png,3
kanazawa_266_310_143_35.png,6
kanazawa_266_310_202_149.png,3
kanazawa_266_310_234_155.png,3
kanazawa_266_310_227_213.png,3
kanazawa_266_310_110_94.png,6
kanazawa_266_310_47_241.png,6
kanazawa_266_310_207_118.png,3
kanazawa_266_310_206_21.png,5
kanazawa_266_310_73_131.png,5
kanazawa_266_310_39_216.png,6
kanazawa_266_310_175_160.png,3
kanazawa_266_310_128_282.png,5
kanazawa_266_310_145_155.png,3
kanazawa_266_310_221_208.png,3
kanazawa_266_310_162_30.png,6
kanazawa_266_310_166_161.png,3
kanazawa_266_310_11_89.png,6
kanazawa_266_310_58_254.png,6
kanazawa_266_310_77_71.png,6
kanazawa_266_310_189_260.png,3
kanazawa_266_310_70_190.png,3
kanazawa_266_310_120_156.png,3
kanazawa_266_310_156_223.png,3
kanazawa_266_310_126_42.png,6
kanazawa_266_310_90_51.png,6
kanazawa_266_310_171_187.png,3
kanazawa_266_310_168_69.png,5
kanazawa_266_310_155_25.png,6
kanazawa_266_310_173_238.png,3
kanazawa_266_310_64_263.png,6
kanazawa_266_310_136_109.png,1
kanazawa_266_310_146_246.png,3
kanazawa_266_310_202_203.png,3
kanazawa_266_310_166_231.png,3
kanazawa_266_310_222_175.png,3
kanazawa_266_310_121_141.png,3
kanazawa_266_310_130_89.png,6
kanazawa_266_310_162_66.png,5
kanazawa_266_310_104_113.png,5
kanazawa_266_310_58_107.png,6
kanazawa_266_310_36_93.png,6
kanazawa_266_310_106_62.png,6
kanazawa_266_310_157_88.png,1
kanazawa_266_310_31_151.png,5
kanazawa_266_310_73_92.png,6
kanazawa_266_310_235_131.png,3
kanazawa_266_310_165_22.png,6
kanazawa_266_310_246_214.png,3
kanazawa_266_310_47_285.png,6
kanazawa_266_310_244_236.png,3
kanazawa_266_310_223_236.png,3
kanazawa_266_310_225_216.png,3
kanazawa_266_310_221_113.png,3
kanazawa_266_310_37_65.png,6
kanazawa_266_310_169_28.png,6
kanazawa_266_310_92_274.png,5
kanazawa_266_310_160_259.png,3
kanazawa_266_310_233_229.png,3
kanazawa_266_310_197_169.png,3
kanazawa_266_310_139_39.png,6
kanazawa_266_310_172_230.png,3
kanazawa_266_310_177_66.png,2
kanazawa_266_310_214_148.png,3
kanazawa_266_310_69_246.png,6
kanazawa_266_310_37_109.png,6
kanazawa_266_310_127_124.png,3
kanazawa_266_310_83_236.png,1
kanazawa_266_310_181_103.png,3
kanazawa_266_310_136_71.png,3
kanazawa_266_310_53_281.png,6
kanazawa_266_310_209_13.png,2
kanazawa_266_310_185_177.png,3
kanazawa_266_310_65_253.png,6
kanazawa_266_310_208_257.png,3
kanazawa_266_310_73_205.png,4
kanazawa_266_310_163_261.png,3
kanazawa_266_310_194_152.png,3
kanazawa_266_310_59_53.png,6
kanazawa_266_310_156_96.png,1
kanazawa_266_310_181_156.png,3
kanazawa_266_310_180_226.png,3
kanazawa_266_310_141_78.png,1
kanazawa_266_310_144_73.png,1
kanazawa_266_310_241_122.png,3
kanazawa_266_310_56_297.png,6
kanazawa_266_310_54_267.png,6
kanazawa_266_310_177_210.png,3
kanazawa_266_310_82_226.png,3
kanazawa_266_310_124_85.png,6
kanazawa_266_310_10_103.png,6
kanazawa_266_310_119_206.png,5
kanazawa_266_310_125_107.png,5
kanazawa_266_310_200_139.png,3
kanazawa_266_310_107_201.png,1
kanazawa_266_310_143_197.png,5
kanazawa_266_310_83_192.png,3
kanazawa_266_310_49_77.png,6
kanazawa_266_310_176_127.png,3
kanazawa_266_310_207_20.png,5
kanazawa_266_310_245_244.png,3
kanazawa_266_310_174_247.png,3
kanazawa_266_310_214_118.png,3
kanazawa_266_310_151_26.png,6
kanazawa_266_310_100_228.png,5
kanazawa_266_310_156_88.png,1
kanazawa_266_310_15_132.png,6
kanazawa_266_310_238_130.png,3
kanazawa_266_310_151_218.png,3
kanazawa_266_310_174_127.png,3
kanazawa_266_310_249_220.png,3
kanazawa_266_310_123_97.png,1
kanazawa_266_310_216_159.png,3
kanazawa_266_310_230_160.png,3
kanazawa_266_310_133_180.png,5
kanazawa_266_310_43_211.png,6
kanazawa_266_310_112_79.png,6
kanazawa_266_310_205_16.png,5
kanazawa_266_310_192_24.png,3
kanazawa_266_310_124_96.png,1
kanazawa_266_310_216_122.png,3
kanazawa_266_310_163_26.png,6
kanazawa_266_310_255_212.png,3
kanazawa_266_310_60_169.png,3
kanazawa_266_310_202_140.png,3
kanazawa_266_310_207_199.png,3
kanazawa_266_310_99_212.png,5
kanazawa_266_310_124_77.png,3
kanazawa_266_310_63_296.png,6
kanazawa_266_310_226_227.png,3
kanazawa_266_310_124_129.png,3
kanazawa_266_310_74_94.png,6
kanazawa_266_310_108_264.png,5
kanazawa_266_310_181_104.png,3
kanazawa_266_310_26_92.png,6
kanazawa_266_310_162_31.png,6
kanazawa_266_310_36_106.png,6
kanazawa_266_310_107_39.png,6
kanazawa_266_310_232_74.png,3
kanazawa_266_310_106_67.png,6
kanazawa_266_310_192_255.png,3
kanazawa_266_310_80_91.png,6
kanazawa_266_310_200_33.png,5
kanazawa_266_310_65_280.png,6
kanazawa_266_310_41_132.png,6
kanazawa_266_310_103_181.png,5
kanazawa_266_310_220_253.png,3
kanazawa_266_310_253_188.png,3
kanazawa_266_310_54_107.png,6
kanazawa_266_310_166_35.png,6
kanazawa_266_310_179_240.png,3
kanazawa_266_310_251_220.png,3
kanazawa_266_310_160_176.png,5
kanazawa_266_310_54_271.png,6
kanazawa_266_310_137_71.png,3
kanazawa_266_310_216_128.png,3
kanazawa_266_310_220_114.png,3
kanazawa_266_310_99_244.png,5
kanazawa_266_310_31_158.png,5
kanazawa_266_310_39_263.png,6
kanazawa_266_310_13_96.png,6
kanazawa_266_310_148_174.png,5
kanazawa_266_310_29_70.png,6
kanazawa_266_310_50_61.png,6
kanazawa_266_310_124_101.png,5
kanazawa_266_310_183_22.png,6
kanazawa_266_310_49_155.png,5
kanazawa_266_310_231_106.png,3
kanazawa_266_310_51_223.png,6
kanazawa_266_310_149_257.png,3
kanazawa_266_310_41_76.png,6
kanazawa_266_310_229_196.png,3
kanazawa_266_310_105_155.png,3
kanazawa_266_310_237_235.png,3
kanazawa_266_310_169_20.png,6
kanazawa_266_310_121_71.png,6
kanazawa_266_310_166_18.png,6
kanazawa_266_310_184_258.png,3
kanazawa_266_310_203_77.png,3
kanazawa_266_310_211_235.png,3
kanazawa_266_310_96_116.png,1
kanazawa_266_310_84_73.png,6
kanazawa_266_310_221_158.png,3
kanazawa_266_310_138_27.png,6
kanazawa_266_310_187_113.png,3
kanazawa_266_310_99_76.png,6
kanazawa_266_310_133_152.png,3
kanazawa_266_310_157_92.png,1
kanazawa_266_310_17_98.png,6
kanazawa_266_310_10_113.png,6
kanazawa_266_310_31_90.png,6
kanazawa_266_310_100_249.png,5
kanazawa_266_310_147_159.png,3
kanazawa_266_310_36_182.png,3
kanazawa_266_310_80_273.png,1
kanazawa_266_310_142_163.png,3
kanazawa_266_310_50_177.png,3
kanazawa_266_310_201_180.png,3
kanazawa_266_310_44_289.png,6
kanazawa_266_310_241_208.png,3
kanazawa_266_310_196_151.png,3
kanazawa_266_310_227_156.png,3
kanazawa_266_310_77_88.png,6
kanazawa_266_310_170_184.png,3
kanazawa_266_310_99_252.png,5
kanazawa_266_310_80_259.png,6
kanazawa_266_310_208_120.png,3
kanazawa_266_310_125_53.png,6
kanazawa_266_310_120_235.png,3
kanazawa_266_310_203_152.png,3
kanazawa_266_310_67_279.png,6
kanazawa_266_310_100_118.png,5
kanazawa_266_310_79_106.png,6
kanazawa_266_310_98_290.png,1
kanazawa_266_310_57_293.png,6
kanazawa_266_310_180_148.png,3
kanazawa_266_310_86_113.png,3
kanazawa_266_310_128_78.png,3
kanazawa_266_310_141_277.png,5
kanazawa_266_310_46_130.png,3
kanazawa_266_310_212_248.png,3
kanazawa_266_310_12_76.png,6
kanazawa_266_310_160_183.png,5
kanazawa_266_310_220_112.png,3
kanazawa_266_310_67_281.png,6
kanazawa_266_310_100_177.png,3
kanazawa_266_310_51_66.png,6
kanazawa_266_310_63_187.png,3
kanazawa_266_310_255_210.png,3
kanazawa_266_310_79_94.png,6
kanazawa_266_310_34_92.png,6
kanazawa_266_310_228_136.png,3
kanazawa_266_310_60_278.png,6
kanazawa_266_310_25_123.png,6
kanazawa_266_310_112_114.png,5
kanazawa_266_310_119_58.png,6
kanazawa_266_310_8_72.png,6
kanazawa_266_310_86_214.png,1
kanazawa_266_310_50_213.png,6
kanazawa_266_310_163_140.png,3
kanazawa_266_310_36_228.png,6
kanazawa_266_310_46_85.png,6
kanazawa_266_310_184_256.png,3
kanazawa_266_310_59_78.png,6
kanazawa_266_310_191_212.png,3
kanazawa_266_310_142_59.png,6
kanazawa_266_310_107_52.png,6
kanazawa_266_310_73_52.png,6
kanazawa_266_310_21_96.png,6
kanazawa_266_310_85_188.png,3
kanazawa_266_310_63_285.png,6
kanazawa_266_310_193_20.png,6
kanazawa_266_310_175_35.png,6
kanazawa_266_310_164_213.png,3
kanazawa_266_310_86_152.png,3
kanazawa_266_310_216_135.png,3
kanazawa_266_310_48_295.png,6
kanazawa_266_310_61_95.png,6
kanazawa_266_310_144_100.png,1
kanazawa_266_310_33_96.png,6
kanazawa_266_310_259_227.png,3
kanazawa_266_310_147_189.png,5
kanazawa_266_310_75_68.png,6
kanazawa_266_310_36_123.png,6
kanazawa_266_310_149_70.png,1
kanazawa_266_310_97_105.png,3
kanazawa_266_310_181_185.png,3
kanazawa_266_310_31_93.png,6
kanazawa_266_310_39_133.png,3
kanazawa_266_310_237_214.png,3
kanazawa_266_310_231_145.png,3
kanazawa_266_310_135_275.png,5
kanazawa_266_310_227_231.png,3
kanazawa_266_310_215_68.png,3
kanazawa_266_310_118_186.png,5
kanazawa_266_310_259_230.png,3
kanazawa_266_310_80_285.png,6
kanazawa_266_310_131_268.png,5
kanazawa_266_310_190_172.png,3
kanazawa_266_310_114_153.png,3
kanazawa_266_310_89_95.png,6
kanazawa_266_310_108_134.png,3
kanazawa_266_310_51_218.png,6
kanazawa_266_310_220_56.png,3
kanazawa_266_310_75_164.png,3
kanazawa_266_310_153_94.png,1
kanazawa_266_310_39_56.png,6
kanazawa_266_310_223_200.png,3
kanazawa_266_310_61_257.png,6
kanazawa_266_310_111_218.png,5
kanazawa_266_310_38_131.png,6
kanazawa_266_310_205_24.png,5
kanazawa_266_310_181_32.png,6
kanazawa_266_310_137_196.png,5
kanazawa_266_310_100_57.png,6
kanazawa_266_310_142_87.png,1
kanazawa_266_310_189_180.png,3
kanazawa_266_310_201_252.png,3
kanazawa_266_310_232_213.png,3
kanazawa_266_310_124_257.png,5
kanazawa_266_310_106_134.png,3
kanazawa_266_310_154_177.png,5
kanazawa_266_310_199_75.png,3
kanazawa_266_310_211_204.png,3
kanazawa_266_310_34_105.png,6
kanazawa_266_310_86_290.png,5
kanazawa_266_310_76_74.png,6
kanazawa_266_310_80_60.png,6
kanazawa_266_310_131_81.png,2
kanazawa_266_310_74_142.png,3
kanazawa_266_310_123_46.png,6
kanazawa_266_310_153_271.png,3
kanazawa_266_310_186_209.png,3
kanazawa_266_310_125_251.png,5
kanazawa_266_310_126_96.png,1
kanazawa_266_310_21_71.png,6
kanazawa_266_310_119_46.png,6
kanazawa_266_310_151_196.png,3
kanazawa_266_310_119_53.png,6
kanazawa_266_310_249_177.png,3
kanazawa_266_310_203_56.png,3
kanazawa_266_310_59_100.png,6
kanazawa_266_310_215_237.png,3
kanazawa_266_310_76_101.png,6
kanazawa_266_310_195_80.png,3
kanazawa_266_310_193_221.png,3
kanazawa_266_310_81_128.png,3
kanazawa_266_310_44_212.png,6
kanazawa_266_310_134_193.png,5
kanazawa_266_310_193_118.png,3
kanazawa_266_310_90_226.png,1
kanazawa_266_310_170_144.png,3
kanazawa_266_310_122_189.png,5
kanazawa_266_310_232_198.png,3
kanazawa_266_310_49_98.png,6
kanazawa_266_310_228_212.png,3
kanazawa_266_310_40_253.png,6
kanazawa_266_310_46_135.png,5
kanazawa_266_310_99_124.png,3
kanazawa_266_310_244_195.png,3
kanazawa_266_310_43_93.png,6
kanazawa_266_310_199_243.png,3
kanazawa_266_310_120_205.png,5
kanazawa_266_310_229_143.png,3
kanazawa_266_310_159_54.png,4
kanazawa_266_310_54_78.png,6
kanazawa_266_310_152_80.png,5
kanazawa_266_310_147_214.png,3
kanazawa_266_310_238_172.png,3
kanazawa_266_310_137_32.png,6
kanazawa_266_310_213_164.png,3
kanazawa_266_310_126_205.png,5
kanazawa_266_310_114_188.png,5
kanazawa_266_310_186_135.png,3
kanazawa_266_310_210_6.png,5
kanazawa_266_310_200_115.png,3
kanazawa_266_310_55_169.png,3
kanazawa_266_310_134_53.png,6
kanazawa_266_310_117_280.png,1
kanazawa_266_310_213_117.png,3
kanazawa_266_310_130_105.png,5
kanazawa_266_310_162_97.png,3
kanazawa_266_310_159_33.png,6
kanazawa_266_310_191_223.png,3
kanazawa_266_310_8_77.png,6
kanazawa_266_310_170_222.png,3
kanazawa_266_310_220_38.png,3
kanazawa_266_310_66_201.png,5
kanazawa_266_310_208_151.png,3
kanazawa_266_310_99_223.png,5
kanazawa_266_310_189_29.png,1
kanazawa_266_310_229_191.png,3
kanazawa_266_310_138_111.png,3
kanazawa_266_310_180_55.png,1
kanazawa_266_310_21_75.png,6
kanazawa_266_310_144_38.png,6
kanazawa_266_310_79_80.png,6
kanazawa_266_310_215_176.png,3
kanazawa_266_310_136_220.png,3
kanazawa_266_310_223_33.png,3
kanazawa_266_310_93_264.png,5
kanazawa_266_310_230_238.png,3
kanazawa_266_310_27_121.png,6
kanazawa_266_310_92_280.png,1
kanazawa_266_310_182_48.png,5
kanazawa_266_310_137_39.png,6
kanazawa_266_310_119_131.png,5
kanazawa_266_310_197_14.png,6
kanazawa_266_310_46_76.png,6
kanazawa_266_310_137_149.png,3
kanazawa_266_310_234_118.png,3
kanazawa_266_310_192_139.png,3
kanazawa_266_310_212_150.png,3
kanazawa_266_310_89_248.png,1
kanazawa_266_310_212_112.png,3
kanazawa_266_310_86_93.png,6
kanazawa_266_310_198_210.png,3
kanazawa_266_310_152_255.png,3
kanazawa_266_310_24_103.png,6
kanazawa_266_310_100_77.png,6
kanazawa_266_310_212_56.png,3
kanazawa_266_310_199_86.png,3
kanazawa_266_310_157_138.png,3
kanazawa_266_310_179_127.png,3
kanazawa_266_310_97_268.png,1
kanazawa_266_310_132_104.png,5
kanazawa_266_310_41_252.png,6
kanazawa_266_310_123_175.png,5
kanazawa_266_310_99_56.png,6
kanazawa_266_310_192_125.png,3
kanazawa_266_310_173_254.png,3
kanazawa_266_310_46_110.png,6
kanazawa_266_310_164_271.png,3
kanazawa_266_310_44_260.png,6
kanazawa_266_310_141_56.png,6
kanazawa_266_310_244_188.png,3
kanazawa_266_310_133_44.png,6
kanazawa_266_310_152_47.png,6
kanazawa_266_310_128_34.png,6
kanazawa_266_310_92_109.png,3
kanazawa_266_310_205_26.png,5
kanazawa_266_310_61_262.png,6
kanazawa_266_310_149_64.png,3
kanazawa_266_310_67_46.png,6
kanazawa_266_310_138_31.png,6
kanazawa_266_310_167_19.png,6
kanazawa_266_310_128_55.png,6
kanazawa_266_310_144_64.png,6
kanazawa_266_310_168_192.png,3
kanazawa_266_310_224_196.png,3
kanazawa_266_310_123_76.png,6
kanazawa_266_310_58_73.png,6
kanazawa_266_310_141_181.png,5
kanazawa_266_310_65_254.png,6
kanazawa_266_310_104_207.png,1
kanazawa_266_310_192_254.png,3
kanazawa_266_310_17_80.png,6
kanazawa_266_310_33_71.png,6
kanazawa_266_310_200_235.png,3
kanazawa_266_310_92_128.png,3
kanazawa_266_310_239_157.png,3
kanazawa_266_310_147_52.png,6
kanazawa_266_310_155_263.png,3
kanazawa_266_310_234_194.png,6
kanazawa_266_310_242_205.png,3
kanazawa_266_310_157_140.png,3
kanazawa_266_310_89_277.png,3
kanazawa_266_310_28_115.png,6
kanazawa_266_310_128_150.png,3
kanazawa_266_310_198_76.png,3
kanazawa_266_310_113_76.png,6
kanazawa_266_310_58_245.png,6
kanazawa_266_310_146_77.png,5
kanazawa_266_310_52_75.png,6
kanazawa_266_310_216_176.png,3
kanazawa_266_310_162_154.png,3
kanazawa_266_310_31_219.png,6
kanazawa_266_310_97_78.png,6
kanazawa_266_310_146_95.png,1
kanazawa_266_310_202_31.png,5
kanazawa_266_310_121_160.png,5
kanazawa_266_310_205_231.png,3
kanazawa_266_310_204_127.png,3
kanazawa_266_310_63_74.png,6
kanazawa_266_310_65_185.png,3
kanazawa_266_310_78_223.png,5
kanazawa_266_310_169_68.png,5
kanazawa_266_310_73_240.png,6
kanazawa_266_310_92_173.png,3
kanazawa_266_310_79_158.png,3
kanazawa_266_310_83_293.png,3
kanazawa_266_310_75_275.png,6
kanazawa_266_310_38_153.png,5
kanazawa_266_310_110_201.png,5
kanazawa_266_310_145_190.png,5
kanazawa_266_310_224_169.png,3
kanazawa_266_310_71_141.png,3
kanazawa_266_310_140_238.png,3
kanazawa_266_310_237_165.png,3
kanazawa_266_310_123_55.png,6
kanazawa_266_310_114_181.png,5
kanazawa_266_310_153_234.png,3
kanazawa_266_310_156_246.png,3
kanazawa_266_310_123_56.png,6
kanazawa_266_310_90_150.png,3
kanazawa_266_310_191_154.png,3
kanazawa_266_310_26_83.png,6
kanazawa_266_310_102_66.png,6
kanazawa_266_310_226_156.png,3
kanazawa_266_310_30_119.png,6
kanazawa_266_310_111_88.png,6
kanazawa_266_310_37_86.png,6
kanazawa_266_310_32_97.png,6
kanazawa_266_310_121_269.png,5
kanazawa_266_310_144_132.png,3
kanazawa_266_310_83_267.png,3
kanazawa_266_310_155_120.png,3
kanazawa_266_310_152_42.png,6
kanazawa_266_310_108_201.png,1
kanazawa_266_310_27_179.png,3
kanazawa_266_310_259_218.png,3
kanazawa_266_310_193_237.png,3
kanazawa_266_310_246_155.png,3
kanazawa_266_310_132_64.png,6
kanazawa_266_310_63_298.png,6
kanazawa_266_310_87_291.png,5
kanazawa_266_310_44_255.png,6
kanazawa_266_310_142_174.png,5
kanazawa_266_310_24_90.png,6
kanazawa_266_310_113_74.png,6
kanazawa_266_310_92_167.png,3
kanazawa_266_310_212_238.png,3
kanazawa_266_310_83_146.png,3
kanazawa_266_310_214_144.png,3
kanazawa_266_310_15_118.png,6
kanazawa_266_310_129_146.png,3
kanazawa_266_310_39_101.png,6
kanazawa_266_310_225_218.png,3
kanazawa_266_310_177_190.png,3
kanazawa_266_310_154_174.png,5
kanazawa_266_310_140_155.png,3
kanazawa_266_310_58_278.png,6
kanazawa_266_310_53_98.png,6
kanazawa_266_310_162_255.png,3
kanazawa_266_310_52_292.png,6
kanazawa_266_310_77_213.png,3
kanazawa_266_310_225_126.png,3
kanazawa_266_310_174_30.png,6
kanazawa_266_310_100_230.png,5
kanazawa_266_310_228_127.png,3
kanazawa_266_310_245_174.png,3
kanazawa_266_310_110_35.png,6
kanazawa_266_310_61_84.png,6
kanazawa_266_310_11_64.png,6
kanazawa_266_310_232_155.png,3
kanazawa_266_310_8_85.png,6
kanazawa_266_310_175_129.png,3
kanazawa_266_310_207_230.png,3
kanazawa_266_310_136_274.png,1
kanazawa_266_310_112_71.png,6
kanazawa_266_310_161_22.png,6
kanazawa_266_310_234_172.png,3
kanazawa_266_310_93_246.png,5
kanazawa_266_310_224_179.png,3
kanazawa_266_310_74_219.png,3
kanazawa_266_310_108_66.png,6
kanazawa_266_310_220_171.png,3
kanazawa_266_310_237_139.png,3
kanazawa_266_310_242_240.png,3
kanazawa_266_310_40_96.png,6
kanazawa_266_310_249_207.png,3
kanazawa_266_310_43_274.png,6
kanazawa_266_310_93_72.png,6
kanazawa_266_310_172_168.png,3
kanazawa_266_310_82_89.png,6
kanazawa_266_310_193_163.png,3
kanazawa_266_310_21_118.png,6
kanazawa_266_310_135_78.png,3
kanazawa_266_310_216_205.png,3
kanazawa_266_310_184_49.png,5
kanazawa_266_310_77_106.png,6
kanazawa_266_310_40_72.png,6
kanazawa_266_310_174_212.png,3
kanazawa_266_310_67_285.png,6
kanazawa_266_310_66_277.png,6
kanazawa_266_310_36_176.png,3
kanazawa_266_310_37_103.png,6
kanazawa_266_310_103_113.png,5
kanazawa_266_310_50_232.png,6
kanazawa_266_310_184_260.png,3
kanazawa_266_310_59_246.png,6
kanazawa_266_310_29_82.png,6
kanazawa_266_310_45_87.png,6
kanazawa_266_310_13_107.png,6
kanazawa_266_310_140_195.png,5
kanazawa_266_310_149_113.png,1
kanazawa_266_310_60_65.png,6
kanazawa_266_310_129_74.png,3
kanazawa_266_310_158_217.png,3
kanazawa_266_310_148_56.png,6
kanazawa_266_310_29_204.png,3
kanazawa_266_310_208_210.png,3
kanazawa_266_310_68_294.png,6
kanazawa_266_310_204_185.png,3
kanazawa_266_310_183_140.png,3
kanazawa_266_310_45_96.png,6
kanazawa_266_310_9_105.png,6
kanazawa_266_310_91_233.png,5
kanazawa_266_310_112_43.png,6
kanazawa_266_310_202_117.png,3
kanazawa_266_310_24_59.png,6
kanazawa_266_310_192_183.png,3
kanazawa_266_310_30_184.png,3
kanazawa_266_310_206_157.png,3
kanazawa_266_310_73_267.png,6
kanazawa_266_310_182_24.png,6
kanazawa_266_310_213_166.png,3
kanazawa_266_310_19_90.png,6
kanazawa_266_310_147_57.png,6
kanazawa_266_310_124_93.png,1
kanazawa_266_310_231_162.png,3
kanazawa_266_310_37_101.png,6
kanazawa_266_310_214_26.png,5
kanazawa_266_310_189_127.png,3
kanazawa_266_310_41_225.png,6
kanazawa_266_310_60_207.png,1
kanazawa_266_310_210_212.png,3
kanazawa_266_310_113_77.png,6
kanazawa_266_310_198_45.png,5
kanazawa_266_310_50_101.png,6
kanazawa_266_310_206_121.png,3
kanazawa_266_310_175_200.png,3
kanazawa_266_310_151_199.png,3
kanazawa_266_310_123_156.png,5
kanazawa_266_310_102_100.png,6
kanazawa_266_310_250_212.png,3
kanazawa_266_310_230_136.png,3
kanazawa_266_310_134_194.png,5
kanazawa_266_310_216_84.png,3
kanazawa_266_310_34_224.png,6
kanazawa_266_310_260_240.png,3
kanazawa_266_310_96_157.png,3
kanazawa_266_310_81_130.png,3
kanazawa_266_310_216_121.png,3
kanazawa_266_310_156_99.png,1
kanazawa_266_310_92_92.png,6
kanazawa_266_310_187_107.png,3
kanazawa_266_310_219_211.png,3
kanazawa_266_310_65_63.png,6
kanazawa_266_310_230_156.png,3
kanazawa_266_310_72_238.png,1
kanazawa_266_310_176_99.png,3
kanazawa_266_310_91_129.png,3
kanazawa_266_310_42_246.png,6
kanazawa_266_310_96_86.png,6
kanazawa_266_310_122_82.png,3
kanazawa_266_310_69_97.png,6
kanazawa_266_310_102_94.png,6
kanazawa_266_310_217_109.png,3
kanazawa_266_310_214_255.png,3
kanazawa_266_310_247_168.png,3
kanazawa_266_310_135_64.png,6
kanazawa_266_310_47_137.png,5
kanazawa_266_310_103_154.png,5
kanazawa_266_310_217_186.png,3
kanazawa_266_310_29_124.png,6
kanazawa_266_310_217_183.png,3
kanazawa_266_310_118_52.png,6
kanazawa_266_310_196_157.png,3
kanazawa_266_310_188_124.png,3
kanazawa_266_310_121_196.png,1
kanazawa_266_310_221_118.png,3
kanazawa_266_310_37_241.png,6
kanazawa_266_310_95_109.png,3
kanazawa_266_310_137_51.png,6
kanazawa_266_310_263_238.png,3
kanazawa_266_310_171_129.png,3
kanazawa_266_310_127_31.png,6
kanazawa_266_310_38_112.png,6
kanazawa_266_310_128_115.png,1
kanazawa_266_310_186_168.png,3
kanazawa_266_310_201_235.png,6
kanazawa_266_310_66_297.png,6
kanazawa_266_310_73_157.png,3
kanazawa_266_310_89_96.png,6
kanazawa_266_310_111_51.png,6
kanazawa_266_310_4_80.png,6
kanazawa_266_310_111_204.png,5
kanazawa_266_310_124_56.png,6
kanazawa_266_310_55_272.png,6
kanazawa_266_310_182_244.png,3
kanazawa_266_310_131_66.png,6
kanazawa_266_310_32_160.png,5
kanazawa_266_310_190_133.png,3
kanazawa_266_310_186_177.png,3
kanazawa_266_310_41_241.png,6
kanazawa_266_310_39_168.png,3
kanazawa_266_310_44_99.png,6
kanazawa_266_310_75_153.png,3
kanazawa_266_310_170_149.png,3
kanazawa_266_310_56_273.png,6
kanazawa_266_310_56_86.png,6
kanazawa_266_310_225_195.png,3
kanazawa_266_310_197_186.png,3
kanazawa_266_310_244_206.png,3
kanazawa_266_310_228_239.png,3
kanazawa_266_310_217_33.png,3
kanazawa_266_310_53_210.png,6
kanazawa_266_310_79_159.png,3
kanazawa_266_310_76_288.png,6
kanazawa_266_310_228_205.png,3
kanazawa_266_310_37_178.png,3
kanazawa_266_310_191_181.png,3
kanazawa_266_310_184_16.png,6
kanazawa_266_310_148_166.png,5
kanazawa_266_310_82_269.png,6
kanazawa_266_310_131_145.png,3
kanazawa_266_310_237_159.png,3
kanazawa_266_310_220_127.png,3
kanazawa_266_310_144_215.png,3
kanazawa_266_310_177_234.png,3
kanazawa_266_310_53_224.png,6
kanazawa_266_310_196_259.png,3
kanazawa_266_310_59_299.png,6
kanazawa_266_310_188_263.png,3
kanazawa_266_310_130_230.png,3
kanazawa_266_310_220_240.png,3
kanazawa_266_310_58_239.png,6
kanazawa_266_310_73_118.png,6
kanazawa_266_310_202_77.png,3
kanazawa_266_310_126_251.png,5
kanazawa_266_310_239_147.png,3
kanazawa_266_310_31_126.png,6
kanazawa_266_310_122_182.png,5
kanazawa_266_310_116_37.png,6
kanazawa_266_310_225_226.png,3
kanazawa_266_310_76_109.png,6
kanazawa_266_310_39_72.png,6
kanazawa_266_310_57_92.png,6
kanazawa_266_310_134_275.png,5
kanazawa_266_310_232_172.png,3
kanazawa_266_310_131_28.png,6
kanazawa_266_310_194_134.png,3
kanazawa_266_310_46_55.png,6
kanazawa_266_310_38_94.png,6
kanazawa_266_310_122_209.png,5
kanazawa_266_310_8_83.png,6
kanazawa_266_310_151_57.png,6
kanazawa_266_310_83_130.png,3
kanazawa_266_310_232_221.png,3
kanazawa_266_310_120_45.png,6
kanazawa_266_310_225_220.png,3
kanazawa_266_310_210_225.png,3
kanazawa_266_310_146_40.png,6
kanazawa_266_310_120_184.png,5
kanazawa_266_310_8_79.png,6
kanazawa_266_310_199_133.png,3
kanazawa_266_310_39_183.png,3
kanazawa_266_310_205_210.png,3
kanazawa_266_310_116_281.png,1
kanazawa_266_310_159_181.png,5
kanazawa_266_310_65_288.png,6
kanazawa_266_310_176_192.png,3
kanazawa_266_310_106_51.png,6
kanazawa_266_310_234_96.png,3
kanazawa_266_310_51_84.png,6
kanazawa_266_310_14_103.png,6
kanazawa_266_310_23_162.png,3
kanazawa_266_310_37_114.png,6
kanazawa_266_310_169_222.png,3
kanazawa_266_310_168_259.png,3
kanazawa_266_310_72_105.png,6
kanazawa_266_310_201_153.png,3
kanazawa_266_310_133_85.png,1
kanazawa_266_310_224_152.png,3
kanazawa_266_310_124_65.png,6
kanazawa_266_310_177_180.png,3
kanazawa_266_310_156_226.png,3
kanazawa_266_310_128_48.png,6
kanazawa_266_310_68_74.png,6
kanazawa_266_310_239_160.png,3
kanazawa_266_310_250_219.png,3
kanazawa_266_310_149_36.png,6
kanazawa_266_310_152_66.png,5
kanazawa_266_310_151_28.png,6
kanazawa_266_310_222_199.png,3
kanazawa_266_310_202_243.png,3
kanazawa_266_310_15_121.png,6
kanazawa_266_310_188_259.png,3
kanazawa_266_310_160_271.png,3
kanazawa_266_310_217_136.png,3
kanazawa_266_310_214_253.png,3
kanazawa_266_310_119_196.png,1
kanazawa_266_310_212_57.png,3
kanazawa_266_310_200_15.png,3
kanazawa_266_310_105_62.png,6
kanazawa_266_310_227_190.png,3
kanazawa_266_310_164_33.png,6
kanazawa_266_310_119_112.png,5
kanazawa_266_310_113_83.png,6
kanazawa_266_310_79_105.png,6
kanazawa_266_310_60_298.png,6
kanazawa_266_310_115_279.png,1
kanazawa_266_310_44_131.png,6
kanazawa_266_310_31_72.png,6
kanazawa_266_310_67_72.png,6
kanazawa_266_310_157_220.png,3
kanazawa_266_310_52_224.png,6
kanazawa_266_310_225_172.png,3
kanazawa_266_310_233_169.png,3
kanazawa_266_310_44_157.png,5
kanazawa_266_310_71_45.png,6
kanazawa_266_310_223_65.png,3
kanazawa_266_310_57_284.png,6
kanazawa_266_310_241_167.png,3
kanazawa_266_310_55_293.png,6
kanazawa_266_310_165_27.png,6
kanazawa_266_310_18_155.png,3
kanazawa_266_310_155_177.png,5
kanazawa_266_310_14_127.png,6
kanazawa_266_310_204_234.png,3
kanazawa_266_310_238_224.png,3
kanazawa_266_310_248_242.png,3
kanazawa_266_310_103_224.png,5
kanazawa_266_310_153_204.png,3
kanazawa_266_310_35_82.png,6
kanazawa_266_310_57_81.png,6
kanazawa_266_310_61_83.png,6
kanazawa_266_310_47_293.png,6
kanazawa_266_310_204_217.png,3
kanazawa_266_310_204_111.png,3
kanazawa_266_310_28_127.png,6
kanazawa_266_310_205_241.png,3
kanazawa_266_310_186_184.png,3
kanazawa_266_310_107_199.png,1
kanazawa_266_310_241_200.png,3
kanazawa_266_310_165_64.png,5
kanazawa_266_310_111_205.png,5
kanazawa_266_310_210_118.png,3
kanazawa_266_310_179_61.png,5
kanazawa_266_310_186_25.png,6
kanazawa_266_310_141_63.png,6
kanazawa_266_310_63_110.png,6
kanazawa_266_310_251_183.png,3
kanazawa_266_310_178_231.png,3
kanazawa_266_310_148_222.png,3
kanazawa_266_310_238_216.png,3
kanazawa_266_310_17_150.png,3
kanazawa_266_310_251_203.png,3
kanazawa_266_310_108_50.png,6
kanazawa_266_310_63_81.png,6
kanazawa_266_310_188_261.png,3
kanazawa_266_310_111_184.png,5
kanazawa_266_310_18_86.png,6
kanazawa_266_310_171_111.png,3
kanazawa_266_310_110_271.png,1
kanazawa_266_310_193_11.png,6
kanazawa_266_310_225_44.png,3
kanazawa_266_310_215_235.png,3
kanazawa_266_310_209_237.png,3
kanazawa_266_310_241_227.png,3
kanazawa_266_310_162_47.png,3
kanazawa_266_310_143_61.png,6
kanazawa_266_310_164_131.png,3
kanazawa_266_310_163_68.png,5
kanazawa_266_310_57_122.png,6
kanazawa_266_310_215_229.png,3
kanazawa_266_310_95_79.png,6
kanazawa_266_310_129_59.png,6
kanazawa_266_310_188_117.png,3
kanazawa_266_310_66_284.png,6
kanazawa_266_310_146_217.png,3
kanazawa_266_310_110_199.png,2
kanazawa_266_310_110_216.png,5
kanazawa_266_310_215_213.png,3
kanazawa_266_310_158_60.png,5
kanazawa_266_310_129_229.png,3
kanazawa_266_310_175_246.png,3
kanazawa_266_310_97_73.png,6
kanazawa_266_310_81_97.png,6
kanazawa_266_310_133_189.png,5
kanazawa_266_310_147_47.png,6
kanazawa_266_310_243_138.png,3
kanazawa_266_310_235_205.png,3
kanazawa_266_310_185_180.png,3
kanazawa_266_310_37_85.png,6
kanazawa_266_310_79_235.png,1
kanazawa_266_310_112_138.png,3
kanazawa_266_310_112_53.png,6
kanazawa_266_310_235_212.png,3
kanazawa_266_310_84_115.png,3
kanazawa_266_310_236_135.png,3
kanazawa_266_310_114_119.png,5
kanazawa_266_310_206_188.png,3
kanazawa_266_310_79_283.png,6
kanazawa_266_310_171_152.png,3
kanazawa_266_310_50_112.png,6
kanazawa_266_310_45_227.png,6
kanazawa_266_310_100_60.png,6
kanazawa_266_310_76_284.png,6
kanazawa_266_310_49_292.png,6
kanazawa_266_310_185_104.png,3
kanazawa_266_310_85_42.png,6
kanazawa_266_310_212_101.png,3
kanazawa_266_310_147_155.png,3
kanazawa_266_310_182_252.png,3
kanazawa_266_310_231_205.png,3
kanazawa_266_310_162_25.png,6
kanazawa_266_310_188_46.png,5
kanazawa_266_310_142_181.png,5
kanazawa_266_310_65_215.png,5
kanazawa_266_310_92_187.png,5
kanazawa_266_310_175_162.png,3
kanazawa_266_310_169_147.png,3
kanazawa_266_310_98_150.png,3
kanazawa_266_310_105_120.png,5
kanazawa_266_310_184_208.png,3
kanazawa_266_310_229_160.png,3
kanazawa_266_310_236_219.png,3
kanazawa_266_310_137_89.png,1
kanazawa_266_310_81_266.png,6
kanazawa_266_310_170_246.png,3
kanazawa_266_310_52_87.png,6
kanazawa_266_310_87_90.png,6
kanazawa_266_310_230_208.png,3
kanazawa_266_310_27_91.png,6
kanazawa_266_310_81_273.png,3
kanazawa_266_310_199_212.png,3
kanazawa_266_310_8_70.png,6
kanazawa_266_310_92_74.png,6
kanazawa_266_310_156_227.png,3
kanazawa_266_310_85_101.png,6
kanazawa_266_310_160_90.png,1
kanazawa_266_310_132_72.png,3
kanazawa_266_310_213_110.png,3
kanazawa_266_310_80_79.png,6
kanazawa_266_310_89_259.png,5
kanazawa_266_310_6_64.png,6
kanazawa_266_310_183_115.png,3
kanazawa_266_310_152_176.png,5
kanazawa_266_310_185_221.png,3
kanazawa_266_310_228_192.png,3
kanazawa_266_310_206_228.png,6
kanazawa_266_310_214_185.png,3
kanazawa_266_310_157_161.png,5
kanazawa_266_310_214_121.png,3
kanazawa_266_310_136_70.png,3
kanazawa_266_310_74_64.png,6
kanazawa_266_310_70_99.png,6
kanazawa_266_310_46_259.png,6
kanazawa_266_310_72_243.png,6
kanazawa_266_310_187_163.png,3
kanazawa_266_310_149_42.png,6
kanazawa_266_310_183_166.png,3
kanazawa_266_310_250_193.png,3
kanazawa_266_310_66_250.png,6
kanazawa_266_310_84_267.png,3
kanazawa_266_310_177_34.png,6
kanazawa_266_310_106_197.png,5
kanazawa_266_310_192_240.png,3
kanazawa_266_310_182_22.png,6
kanazawa_266_310_139_48.png,6
kanazawa_266_310_131_193.png,5
kanazawa_266_310_38_77.png,6
kanazawa_266_310_55_124.png,6
kanazawa_266_310_123_78.png,3
kanazawa_266_310_243_211.png,3
kanazawa_266_310_76_263.png,6
kanazawa_266_310_37_131.png,3
kanazawa_266_310_51_255.png,6
kanazawa_266_310_183_121.png,3
kanazawa_266_310_230_67.png,3
kanazawa_266_310_211_180.png,3
kanazawa_266_310_29_87.png,6
kanazawa_266_310_54_294.png,6
kanazawa_266_310_163_87.png,1
kanazawa_266_310_67_235.png,6
kanazawa_266_310_242_146.png,3
kanazawa_266_310_220_104.png,3
kanazawa_266_310_224_197.png,3
kanazawa_266_310_135_45.png,6
kanazawa_266_310_39_190.png,3
kanazawa_266_310_209_31.png,1
kanazawa_266_310_84_67.png,6
kanazawa_266_310_161_188.png,3
kanazawa_266_310_40_167.png,3
kanazawa_266_310_199_143.png,3
kanazawa_266_310_49_253.png,6
kanazawa_266_310_72_278.png,6
kanazawa_266_310_122_215.png,5
kanazawa_266_310_147_26.png,6
kanazawa_266_310_44_66.png,6
kanazawa_266_310_79_151.png,3
kanazawa_266_310_238_158.png,3
kanazawa_266_310_56_224.png,6
kanazawa_266_310_33_109.png,6
kanazawa_266_310_146_236.png,3
kanazawa_266_310_44_257.png,6
kanazawa_266_310_57_102.png,6
kanazawa_266_310_42_102.png,6
kanazawa_266_310_96_102.png,6
kanazawa_266_310_66_58.png,6
kanazawa_266_310_146_159.png,3
kanazawa_266_310_171_89.png,5
kanazawa_266_310_77_118.png,3
kanazawa_266_310_116_204.png,5
kanazawa_266_310_87_46.png,6
kanazawa_266_310_90_94.png,6
kanazawa_266_310_200_26.png,5
kanazawa_266_310_227_122.png,3
kanazawa_266_310_25_107.png,6
kanazawa_266_310_123_214.png,5
kanazawa_266_310_157_259.png,3
kanazawa_266_310_88_60.png,6
kanazawa_266_310_26_93.png,6
kanazawa_266_310_105_112.png,5
kanazawa_266_310_229_186.png,3
kanazawa_266_310_242_174.png,3
kanazawa_266_310_159_73.png,1
kanazawa_266_310_196_41.png,1
kanazawa_266_310_5_64.png,6
kanazawa_266_310_55_277.png,6
kanazawa_266_310_139_165.png,3
kanazawa_266_310_254_210.png,3
kanazawa_266_310_246_156.png,3
kanazawa_266_310_86_96.png,6
kanazawa_266_310_187_168.png,3
kanazawa_266_310_24_69.png,6
kanazawa_266_310_141_45.png,6
kanazawa_266_310_131_196.png,5
kanazawa_266_310_73_114.png,6
kanazawa_266_310_229_144.png,3
kanazawa_266_310_180_145.png,3
kanazawa_266_310_122_53.png,6
kanazawa_266_310_214_135.png,3
kanazawa_266_310_131_195.png,5
kanazawa_266_310_136_159.png,3
kanazawa_266_310_186_237.png,3
kanazawa_266_310_30_175.png,3
kanazawa_266_310_58_100.png,6
kanazawa_266_310_33_147.png,5
kanazawa_266_310_58_220.png,6
kanazawa_266_310_92_91.png,6
kanazawa_266_310_60_63.png,6
kanazawa_266_310_179_237.png,3
kanazawa_266_310_45_159.png,3
kanazawa_266_310_157_212.png,3
kanazawa_266_310_244_139.png,3
kanazawa_266_310_202_236.png,3
kanazawa_266_310_176_251.png,3
kanazawa_266_310_201_207.png,3
kanazawa_266_310_239_172.png,3
kanazawa_266_310_71_81.png,6
kanazawa_266_310_76_116.png,6
kanazawa_266_310_209_129.png,3
kanazawa_266_310_122_253.png,5
kanazawa_266_310_84_223.png,1
kanazawa_266_310_123_204.png,5
kanazawa_266_310_175_58.png,5
kanazawa_266_310_186_67.png,3
kanazawa_266_310_63_286.png,6
kanazawa_266_310_138_193.png,5
kanazawa_266_310_70_120.png,6
kanazawa_266_310_230_119.png,3
kanazawa_266_310_131_29.png,6
kanazawa_266_310_156_68.png,5
kanazawa_266_310_220_192.png,3
kanazawa_266_310_34_143.png,5
kanazawa_266_310_83_46.png,6
kanazawa_266_310_89_225.png,1
kanazawa_266_310_178_22.png,6
kanazawa_266_310_149_101.png,1
kanazawa_266_310_47_62.png,6
kanazawa_266_310_71_258.png,6
kanazawa_266_310_225_179.png,3
kanazawa_266_310_120_284.png,5
kanazawa_266_310_190_252.png,3
kanazawa_266_310_182_162.png,3
kanazawa_266_310_235_135.png,3
kanazawa_266_310_233_137.png,3
kanazawa_266_310_44_68.png,6
kanazawa_266_310_63_186.png,3
kanazawa_266_310_156_221.png,3
kanazawa_266_310_95_245.png,5
kanazawa_266_310_94_58.png,6
kanazawa_266_310_89_257.png,5
kanazawa_266_310_142_148.png,3
kanazawa_266_310_175_166.png,3
kanazawa_266_310_96_231.png,5
kanazawa_266_310_153_178.png,5
kanazawa_266_310_10_100.png,6
kanazawa_266_310_229_157.png,3
kanazawa_266_310_262_231.png,3
kanazawa_266_310_88_212.png,1
kanazawa_266_310_208_253.png,3
kanazawa_266_310_89_107.png,6
kanazawa_266_310_5_84.png,6
kanazawa_266_310_156_89.png,1
kanazawa_266_310_209_240.png,3
kanazawa_266_310_48_244.png,6
kanazawa_266_310_147_106.png,1
kanazawa_266_310_53_133.png,5
kanazawa_266_310_42_237.png,6
kanazawa_266_310_46_295.png,6
kanazawa_266_310_123_54.png,6
kanazawa_266_310_130_212.png,3
kanazawa_266_310_157_28.png,6
kanazawa_266_310_202_174.png,3
kanazawa_266_310_20_97.png,6
kanazawa_266_310_122_96.png,1
kanazawa_266_310_133_149.png,3
kanazawa_266_310_123_107.png,1
kanazawa_266_310_20_100.png,6
kanazawa_266_310_180_84.png,3
kanazawa_266_310_213_126.png,3
kanazawa_266_310_215_166.png,3
kanazawa_266_310_119_174.png,5
kanazawa_266_310_222_96.png,3
kanazawa_266_310_104_264.png,5
kanazawa_266_310_244_194.png,3
kanazawa_266_310_116_274.png,1
kanazawa_266_310_72_235.png,6
kanazawa_266_310_234_187.png,3
kanazawa_266_310_122_131.png,3
kanazawa_266_310_189_35.png,5
kanazawa_266_310_141_224.png,3
kanazawa_266_310_33_111.png,6
kanazawa_266_310_208_221.png,3
kanazawa_266_310_63_90.png,6
kanazawa_266_310_144_262.png,3
kanazawa_266_310_183_264.png,3
kanazawa_266_310_108_137.png,3
kanazawa_266_310_207_214.png,3
kanazawa_266_310_113_43.png,6
kanazawa_266_310_53_112.png,6
kanazawa_266_310_41_55.png,6
kanazawa_266_310_117_54.png,6
kanazawa_266_310_185_156.png,3
kanazawa_266_310_27_108.png,6
kanazawa_266_310_216_178.png,3
kanazawa_266_310_146_222.png,3
kanazawa_266_310_112_55.png,6
kanazawa_266_310_196_105.png,3
kanazawa_266_310_131_270.png,5
kanazawa_266_310_119_166.png,5
kanazawa_266_310_217_46.png,3
kanazawa_266_310_132_156.png,3
kanazawa_266_310_214_245.png,3
kanazawa_266_310_50_234.png,6
kanazawa_266_310_228_172.png,3
kanazawa_266_310_48_70.png,6
kanazawa_266_310_86_90.png,6
kanazawa_266_310_184_155.png,3
kanazawa_266_310_218_56.png,3
kanazawa_266_310_108_192.png,5
kanazawa_266_310_226_172.png,3
kanazawa_266_310_156_32.png,6
kanazawa_266_310_79_47.png,6
kanazawa_266_310_147_85.png,1
kanazawa_266_310_212_203.png,3
kanazawa_266_310_54_275.png,6
kanazawa_266_310_127_247.png,5
kanazawa_266_310_193_158.png,3
kanazawa_266_310_133_37.png,6
kanazawa_266_310_129_75.png,3
kanazawa_266_310_205_183.png,3
kanazawa_266_310_71_94.png,6
kanazawa_266_310_187_247.png,3
kanazawa_266_310_52_268.png,6
kanazawa_266_310_192_217.png,3
kanazawa_266_310_69_256.png,6
kanazawa_266_310_82_273.png,3
kanazawa_266_310_92_44.png,6
kanazawa_266_310_50_211.png,6
kanazawa_266_310_212_124.png,3
kanazawa_266_310_70_242.png,6
kanazawa_266_310_229_213.png,3
kanazawa_266_310_13_125.png,6
kanazawa_266_310_182_170.png,3
kanazawa_266_310_55_145.png,3
kanazawa_266_310_50_84.png,6
kanazawa_266_310_98_244.png,5
kanazawa_266_310_121_48.png,6
kanazawa_266_310_44_128.png,6
kanazawa_266_310_187_256.png,3
kanazawa_266_310_120_257.png,5
kanazawa_266_310_223_72.png,3
kanazawa_266_310_28_83.png,6
kanazawa_266_310_41_95.png,6
kanazawa_266_310_191_21.png,6
kanazawa_266_310_186_33.png,1
kanazawa_266_310_230_179.png,3
kanazawa_266_310_62_242.png,6
kanazawa_266_310_133_43.png,6
kanazawa_266_310_33_149.png,5
kanazawa_266_310_190_243.png,3
kanazawa_266_310_154_153.png,3
kanazawa_266_310_114_44.png,6
kanazawa_266_310_12_115.png,6
kanazawa_266_310_74_218.png,3
kanazawa_266_310_108_99.png,3
kanazawa_266_310_83_147.png,3
kanazawa_266_310_206_24.png,5
kanazawa_266_310_45_114.png,6
kanazawa_266_310_239_159.png,3
kanazawa_266_310_161_141.png,3
kanazawa_266_310_175_152.png,3
kanazawa_266_310_40_118.png,6
kanazawa_266_310_143_80.png,1
kanazawa_266_310_190_247.png,6
kanazawa_266_310_219_76.png,3
kanazawa_266_310_167_95.png,3
kanazawa_266_310_153_145.png,3
kanazawa_266_310_115_94.png,3
kanazawa_266_310_158_51.png,6
kanazawa_266_310_153_268.png,3
kanazawa_266_310_97_261.png,1
kanazawa_266_310_212_23.png,5
kanazawa_266_310_164_155.png,3
kanazawa_266_310_131_80.png,3
kanazawa_266_310_93_269.png,5
kanazawa_266_310_176_187.png,3
kanazawa_266_310_106_180.png,5
kanazawa_266_310_147_35.png,6
kanazawa_266_310_230_229.png,3
kanazawa_266_310_129_61.png,6
kanazawa_266_310_67_79.png,6
kanazawa_266_310_115_250.png,5
kanazawa_266_310_127_244.png,3
kanazawa_266_310_133_127.png,3
kanazawa_266_310_192_181.png,3
kanazawa_266_310_134_198.png,5
kanazawa_266_310_93_265.png,5
kanazawa_266_310_68_253.png,6
kanazawa_266_310_176_231.png,3
kanazawa_266_310_21_93.png,6
kanazawa_266_310_184_20.png,6
kanazawa_266_310_131_202.png,5
kanazawa_266_310_123_126.png,3
kanazawa_266_310_45_138.png,5
kanazawa_266_310_49_298.png,6
kanazawa_266_310_181_198.png,3
kanazawa_266_310_243_214.png,3
kanazawa_266_310_156_63.png,5
kanazawa_266_310_141_37.png,6
kanazawa_266_310_53_122.png,6
kanazawa_266_310_142_29.png,6
kanazawa_266_310_174_229.png,3
kanazawa_266_310_41_268.png,6
kanazawa_266_310_149_46.png,6
kanazawa_266_310_114_89.png,6
kanazawa_266_310_149_203.png,3
kanazawa_266_310_49_276.png,6
kanazawa_266_310_142_54.png,6
kanazawa_266_310_91_270.png,5
kanazawa_266_310_50_89.png,6
kanazawa_266_310_188_52.png,5
kanazawa_266_310_70_217.png,3
kanazawa_266_310_189_39.png,5
kanazawa_266_310_205_212.png,3
kanazawa_266_310_91_54.png,6
kanazawa_266_310_243_239.png,3
kanazawa_266_310_69_102.png,6
kanazawa_266_310_148_152.png,3
kanazawa_266_310_193_161.png,3
kanazawa_266_310_44_191.png,3
kanazawa_266_310_240_136.png,3
kanazawa_266_310_203_119.png,3
kanazawa_266_310_186_156.png,3
kanazawa_266_310_242_229.png,3
kanazawa_266_310_233_189.png,3
kanazawa_266_310_197_83.png,3
kanazawa_266_310_115_166.png,5
kanazawa_266_310_45_232.png,6
kanazawa_266_310_161_201.png,3
kanazawa_266_310_34_102.png,6
kanazawa_266_310_156_263.png,3
kanazawa_266_310_88_175.png,3
kanazawa_266_310_250_186.png,3
kanazawa_266_310_63_111.png,6
kanazawa_266_310_145_205.png,3
kanazawa_266_310_92_241.png,5
kanazawa_266_310_46_220.png,6
kanazawa_266_310_123_195.png,1
kanazawa_266_310_210_252.png,3
kanazawa_266_310_124_176.png,5
kanazawa_266_310_109_147.png,3
kanazawa_266_310_116_79.png,6
kanazawa_266_310_112_279.png,1
kanazawa_266_310_235_235.png,3
kanazawa_266_310_172_216.png,3
kanazawa_266_310_180_112.png,3
kanazawa_266_310_36_120.png,6
kanazawa_266_310_191_184.png,3
kanazawa_266_310_216_149.png,3
kanazawa_266_310_244_156.png,3
kanazawa_266_310_177_49.png,5
kanazawa_266_310_189_259.png,3
kanazawa_266_310_91_217.png,1
kanazawa_266_310_189_21.png,6
kanazawa_266_310_53_87.png,6
kanazawa_266_310_98_37.png,6
kanazawa_266_310_60_172.png,3
kanazawa_266_310_147_175.png,5
kanazawa_266_310_35_60.png,6
kanazawa_266_310_75_122.png,3
kanazawa_266_310_180_14.png,6
kanazawa_266_310_75_237.png,6
kanazawa_266_310_149_176.png,5
kanazawa_266_310_99_222.png,5
kanazawa_266_310_153_84.png,1
kanazawa_266_310_234_160.png,3
kanazawa_266_310_43_126.png,6
kanazawa_266_310_21_65.png,6
kanazawa_266_310_199_194.png,3
kanazawa_266_310_230_114.png,3
kanazawa_266_310_37_88.png,6
kanazawa_266_310_151_69.png,5
kanazawa_266_310_88_254.png,5
kanazawa_266_310_246_241.png,3
kanazawa_266_310_37_77.png,6
kanazawa_266_310_48_124.png,6
kanazawa_266_310_194_36.png,1
kanazawa_266_310_197_254.png,3
kanazawa_266_310_46_223.png,6
kanazawa_266_310_101_282.png,1
kanazawa_266_310_95_169.png,3
kanazawa_266_310_231_210.png,3
kanazawa_266_310_66_53.png,6
kanazawa_266_310_231_136.png,3
kanazawa_266_310_135_196.png,5
kanazawa_266_310_49_250.png,6
kanazawa_266_310_222_70.png,3
kanazawa_266_310_19_86.png,6
kanazawa_266_310_40_268.png,6
kanazawa_266_310_205_113.png,3
kanazawa_266_310_116_41.png,6
kanazawa_266_310_124_38.png,6
kanazawa_266_310_169_156.png,3
kanazawa_266_310_72_89.png,6
kanazawa_266_310_29_86.png,6
kanazawa_266_310_142_53.png,6
kanazawa_266_310_115_276.png,1
kanazawa_266_310_225_155.png,3
kanazawa_266_310_124_83.png,3
kanazawa_266_310_247_187.png,3
kanazawa_266_310_146_31.png,6
kanazawa_266_310_8_78.png,6
kanazawa_266_310_15_65.png,6
kanazawa_266_310_48_85.png,6
kanazawa_266_310_30_91.png,6
kanazawa_266_310_93_217.png,1
kanazawa_266_310_63_258.png,6
kanazawa_266_310_45_105.png,6
kanazawa_266_310_106_43.png,6
kanazawa_266_310_82_90.png,6
kanazawa_266_310_227_171.png,3
kanazawa_266_310_96_74.png,6
kanazawa_266_310_179_32.png,6
kanazawa_266_310_197_9.png,6
kanazawa_266_310_252_245.png,3
kanazawa_266_310_181_30.png,6
kanazawa_266_310_242_147.png,3
kanazawa_266_310_224_223.png,3
kanazawa_266_310_239_230.png,3
kanazawa_266_310_189_200.png,3
kanazawa_266_310_92_188.png,5
kanazawa_266_310_155_35.png,6
kanazawa_266_310_120_66.png,6
kanazawa_266_310_59_116.png,6
kanazawa_266_310_116_151.png,3
kanazawa_266_310_80_80.png,6
kanazawa_266_310_105_265.png,5
kanazawa_266_310_85_273.png,1
kanazawa_266_310_180_135.png,3
kanazawa_266_310_60_59.png,6
kanazawa_266_310_13_116.png,6
kanazawa_266_310_22_95.png,6
kanazawa_266_310_128_251.png,5
kanazawa_266_310_101_79.png,6
kanazawa_266_310_189_232.png,3
kanazawa_266_310_60_285.png,6
kanazawa_266_310_109_214.png,5
kanazawa_266_310_211_167.png,3
kanazawa_266_310_214_204.png,3
kanazawa_266_310_52_63.png,6
kanazawa_266_310_41_118.png,6
kanazawa_266_310_126_258.png,5
kanazawa_266_310_137_66.png,6
kanazawa_266_310_42_202.png,3
kanazawa_266_310_149_73.png,1
kanazawa_266_310_200_226.png,3
kanazawa_266_310_204_258.png,3
kanazawa_266_310_229_172.png,3
kanazawa_266_310_147_196.png,5
kanazawa_266_310_163_63.png,1
kanazawa_266_310_91_158.png,3
kanazawa_266_310_183_137.png,3
kanazawa_266_310_43_56.png,6
kanazawa_266_310_192_12.png,6
kanazawa_266_310_36_58.png,6
kanazawa_266_310_65_199.png,5
kanazawa_266_310_247_193.png,3
kanazawa_266_310_242_182.png,3
kanazawa_266_310_208_155.png,3
kanazawa_266_310_199_196.png,3
kanazawa_266_310_199_192.png,3
kanazawa_266_310_188_53.png,5
kanazawa_266_310_143_125.png,3
kanazawa_266_310_199_168.png,3
kanazawa_266_310_73_67.png,6
kanazawa_266_310_206_145.png,3
kanazawa_266_310_199_53.png,3
kanazawa_266_310_253_214.png,3
kanazawa_266_310_247_200.png,3
kanazawa_266_310_204_198.png,3
kanazawa_266_310_115_196.png,5
kanazawa_266_310_101_290.png,1
kanazawa_266_310_94_223.png,1
kanazawa_266_310_246_170.png,3
kanazawa_266_310_82_167.png,3
kanazawa_266_310_111_135.png,3
kanazawa_266_310_162_96.png,3
kanazawa_266_310_49_131.png,3
kanazawa_266_310_60_108.png,6
kanazawa_266_310_112_97.png,3
kanazawa_266_310_215_94.png,5
kanazawa_266_310_79_286.png,6
kanazawa_266_310_81_67.png,6
kanazawa_266_310_108_77.png,6
kanazawa_266_310_21_60.png,6
kanazawa_266_310_26_89.png,6
kanazawa_266_310_30_211.png,3
kanazawa_266_310_105_73.png,6
kanazawa_266_310_69_298.png,6
kanazawa_266_310_86_176.png,6
kanazawa_266_310_197_189.png,3
kanazawa_266_310_17_130.png,6
kanazawa_266_310_174_88.png,5
kanazawa_266_310_48_306.png,6
kanazawa_266_310_172_201.png,3
kanazawa_266_310_53_68.png,6
kanazawa_266_310_142_137.png,3
kanazawa_266_310_90_72.png,6
kanazawa_266_310_198_242.png,3
kanazawa_266_310_164_217.png,3
kanazawa_266_310_105_70.png,6
kanazawa_266_310_150_72.png,1
kanazawa_266_310_47_299.png,6
kanazawa_266_310_124_49.png,6
kanazawa_266_310_99_263.png,1
kanazawa_266_310_13_91.png,6
kanazawa_266_310_88_275.png,1
kanazawa_266_310_88_274.png,1
kanazawa_266_310_143_117.png,4
kanazawa_266_310_151_41.png,6
kanazawa_266_310_72_58.png,6
kanazawa_266_310_245_192.png,3
kanazawa_266_310_65_105.png,6
kanazawa_266_310_126_115.png,5
kanazawa_266_310_133_57.png,6
kanazawa_266_310_57_129.png,3
kanazawa_266_310_123_184.png,5
kanazawa_266_310_180_249.png,3
kanazawa_266_310_153_52.png,6
kanazawa_266_310_47_122.png,6
kanazawa_266_310_45_82.png,6
kanazawa_266_310_190_24.png,3
kanazawa_266_310_88_280.png,1
kanazawa_266_310_234_235.png,3
kanazawa_266_310_222_189.png,3
kanazawa_266_310_105_98.png,6
kanazawa_266_310_89_65.png,6
kanazawa_266_310_121_176.png,5
kanazawa_266_310_130_58.png,6
kanazawa_266_310_238_223.png,3
kanazawa_266_310_251_188.png,3
kanazawa_266_310_203_29.png,5
kanazawa_266_310_131_163.png,3
kanazawa_266_310_246_210.png,3
kanazawa_266_310_60_228.png,6
kanazawa_266_310_174_206.png,3
kanazawa_266_310_168_200.png,3
kanazawa_266_310_90_101.png,6
kanazawa_266_310_130_86.png,1
kanazawa_266_310_224_203.png,3
kanazawa_266_310_22_105.png,6
kanazawa_266_310_119_63.png,6
kanazawa_266_310_182_18.png,6
kanazawa_266_310_102_106.png,3
kanazawa_266_310_152_241.png,3
kanazawa_266_310_173_151.png,3
kanazawa_266_310_65_55.png,6
kanazawa_266_310_242_216.png,3
kanazawa_266_310_78_50.png,6
kanazawa_266_310_156_265.png,3
kanazawa_266_310_208_87.png,3
kanazawa_266_310_75_79.png,6
kanazawa_266_310_20_132.png,3
kanazawa_266_310_146_101.png,1
kanazawa_266_310_148_94.png,1
kanazawa_266_310_236_198.png,3
kanazawa_266_310_229_218.png,3
kanazawa_266_310_226_56.png,3
kanazawa_266_310_117_168.png,2
kanazawa_266_310_222_228.png,3
kanazawa_266_310_106_138.png,3
kanazawa_266_310_116_80.png,6
kanazawa_266_310_190_22.png,6
kanazawa_266_310_182_236.png,3
kanazawa_266_310_191_90.png,3
kanazawa_266_310_131_224.png,3
kanazawa_266_310_148_199.png,5
kanazawa_266_310_51_198.png,5
kanazawa_266_310_254_214.png,3
kanazawa_266_310_204_119.png,3
kanazawa_266_310_113_283.png,1
kanazawa_266_310_83_98.png,6
kanazawa_266_310_129_183.png,5
kanazawa_266_310_77_252.png,3
kanazawa_266_310_53_283.png,6
kanazawa_266_310_196_229.png,3
kanazawa_266_310_151_151.png,3
kanazawa_266_310_140_57.png,6
kanazawa_266_310_114_76.png,6
kanazawa_266_310_248_237.png,3
kanazawa_266_310_61_275.png,6
kanazawa_266_310_96_109.png,3
kanazawa_266_310_156_24.png,6
kanazawa_266_310_75_289.png,6
kanazawa_266_310_82_106.png,6
kanazawa_266_310_8_96.png,6
kanazawa_266_310_64_132.png,5
kanazawa_266_310_131_86.png,1
kanazawa_266_310_15_125.png,6
kanazawa_266_310_196_31.png,5
kanazawa_266_310_149_51.png,6
kanazawa_266_310_34_88.png,6
kanazawa_266_310_241_157.png,3
kanazawa_266_310_197_168.png,3
kanazawa_266_310_132_204.png,5
kanazawa_266_310_141_34.png,6
kanazawa_266_310_89_254.png,5
kanazawa_266_310_220_123.png,3
kanazawa_266_310_211_39.png,3
kanazawa_266_310_30_86.png,6
kanazawa_266_310_184_19.png,6
kanazawa_266_310_88_97.png,6
kanazawa_266_310_130_257.png,5
kanazawa_266_310_235_123.png,3
kanazawa_266_310_188_234.png,3
kanazawa_266_310_173_52.png,5
kanazawa_266_310_114_274.png,1
kanazawa_266_310_39_136.png,4
kanazawa_266_310_81_76.png,6
kanazawa_266_310_159_56.png,3
kanazawa_266_310_76_66.png,6
kanazawa_266_310_32_103.png,6
kanazawa_266_310_24_86.png,6
kanazawa_266_310_202_238.png,3
kanazawa_266_310_218_55.png,3
kanazawa_266_310_84_222.png,1
kanazawa_266_310_79_99.png,6
kanazawa_266_310_151_50.png,6
kanazawa_266_310_24_83.png,6
kanazawa_266_310_190_27.png,3
kanazawa_266_310_187_140.png,3
kanazawa_266_310_215_219.png,3
kanazawa_266_310_159_31.png,6
kanazawa_266_310_200_129.png,3
kanazawa_266_310_167_196.png,3
kanazawa_266_310_109_51.png,6
kanazawa_266_310_142_96.png,1
kanazawa_266_310_130_213.png,3
kanazawa_266_310_161_44.png,6
kanazawa_266_310_217_185.png,3
kanazawa_266_310_118_102.png,3
kanazawa_266_310_19_150.png,3
kanazawa_266_310_120_236.png,3
kanazawa_266_310_137_108.png,1
kanazawa_266_310_152_124.png,3
kanazawa_266_310_180_219.png,3
kanazawa_266_310_235_158.png,3
kanazawa_266_310_191_125.png,3
kanazawa_266_310_225_88.png,3
kanazawa_266_310_246_167.png,3
kanazawa_266_310_66_252.png,6
kanazawa_266_310_187_233.png,3
kanazawa_266_310_226_211.png,3
kanazawa_266_310_166_20.png,6
kanazawa_266_310_87_100.png,6
kanazawa_266_310_179_105.png,3
kanazawa_266_310_198_189.png,3
kanazawa_266_310_53_100.png,6
kanazawa_266_310_108_79.png,6
kanazawa_266_310_193_230.png,3
kanazawa_266_310_35_88.png,6
kanazawa_266_310_76_285.png,6
kanazawa_266_310_228_170.png,3
kanazawa_266_310_32_93.png,6
kanazawa_266_310_132_53.png,6
kanazawa_266_310_207_23.png,5
kanazawa_266_310_57_259.png,6
kanazawa_266_310_198_178.png,3
kanazawa_266_310_166_154.png,3
kanazawa_266_310_134_77.png,3
kanazawa_266_310_29_73.png,6
kanazawa_266_310_27_116.png,6
kanazawa_266_310_58_60.png,6
kanazawa_266_310_103_214.png,5
kanazawa_266_310_218_227.png,3
kanazawa_266_310_102_285.png,1
kanazawa_266_310_231_79.png,3
kanazawa_266_310_43_72.png,6
kanazawa_266_310_185_237.png,3
kanazawa_266_310_112_63.png,6
kanazawa_266_310_217_210.png,3
kanazawa_266_310_195_73.png,3
kanazawa_266_310_220_152.png,3
kanazawa_266_310_73_265.png,6
kanazawa_266_310_57_219.png,6
kanazawa_266_310_47_141.png,5
kanazawa_266_310_103_123.png,5
kanazawa_266_310_103_76.png,6
kanazawa_266_310_137_62.png,6
kanazawa_266_310_210_127.png,3
kanazawa_266_310_135_279.png,5
kanazawa_266_310_101_170.png,3
kanazawa_266_310_19_91.png,6
kanazawa_266_310_107_101.png,3
kanazawa_266_310_166_271.png,3
kanazawa_266_310_106_278.png,1
kanazawa_266_310_40_100.png,6
kanazawa_266_310_38_190.png,3
kanazawa_266_310_27_119.png,6
kanazawa_266_310_57_300.png,6
kanazawa_266_310_81_274.png,3
kanazawa_266_310_69_258.png,6
kanazawa_266_310_26_82.png,6
kanazawa_266_310_182_184.png,3
kanazawa_266_310_220_202.png,3
kanazawa_266_310_182_196.png,3
kanazawa_266_310_145_187.png,5
kanazawa_266_310_27_190.png,3
kanazawa_266_310_158_250.png,3
kanazawa_266_310_213_82.png,3
kanazawa_266_310_68_118.png,6
kanazawa_266_310_82_210.png,5
kanazawa_266_310_65_179.png,3
kanazawa_266_310_40_265.png,6
kanazawa_266_310_57_60.png,6
kanazawa_266_310_147_93.png,1
kanazawa_266_310_143_199.png,1
kanazawa_266_310_32_95.png,6
kanazawa_266_310_211_48.png,5
kanazawa_266_310_9_101.png,6
kanazawa_266_310_141_276.png,5
kanazawa_266_310_234_105.png,3
kanazawa_266_310_175_128.png,3
kanazawa_266_310_181_136.png,3
kanazawa_266_310_235_145.png,3
kanazawa_266_310_163_28.png,6
kanazawa_266_310_111_246.png,5
kanazawa_266_310_242_173.png,3
kanazawa_266_310_44_135.png,3
kanazawa_266_310_66_293.png,6
kanazawa_266_310_78_55.png,6
kanazawa_266_310_144_165.png,5
kanazawa_266_310_100_85.png,6
kanazawa_266_310_152_52.png,6
kanazawa_266_310_218_186.png,3
kanazawa_266_310_219_132.png,3
kanazawa_266_310_80_280.png,6
kanazawa_266_310_64_167.png,3
kanazawa_266_310_201_106.png,3
kanazawa_266_310_177_30.png,6
kanazawa_266_310_200_123.png,3
kanazawa_266_310_68_81.png,6
kanazawa_266_310_208_31.png,1
kanazawa_266_310_187_255.png,3
kanazawa_266_310_85_91.png,6
kanazawa_266_310_229_61.png,3
kanazawa_266_310_54_52.png,6
kanazawa_266_310_236_194.png,3
kanazawa_266_310_190_51.png,5
kanazawa_266_310_178_128.png,3
kanazawa_266_310_185_210.png,3
kanazawa_266_310_172_251.png,3
kanazawa_266_310_224_78.png,3
kanazawa_266_310_209_153.png,3
kanazawa_266_310_157_85.png,1
kanazawa_266_310_105_209.png,5
kanazawa_266_310_114_152.png,3
kanazawa_266_310_64_94.png,6
kanazawa_266_310_95_58.png,6
kanazawa_266_310_18_135.png,3
kanazawa_266_310_32_159.png,5
kanazawa_266_310_224_143.png,3
kanazawa_266_310_33_130.png,3
kanazawa_266_310_63_47.png,6
kanazawa_266_310_207_160.png,3
kanazawa_266_310_110_194.png,5
kanazawa_266_310_38_250.png,6
kanazawa_266_310_261_227.png,3
kanazawa_266_310_187_130.png,3
kanazawa_266_310_233_129.png,3
kanazawa_266_310_18_134.png,3
kanazawa_266_310_175_185.png,3
kanazawa_266_310_108_46.png,6
kanazawa_266_310_45_100.png,6
kanazawa_266_310_199_255.png,3
kanazawa_266_310_45_248.png,6
kanazawa_266_310_109_36.png,6
kanazawa_266_310_145_30.png,6
kanazawa_266_310_170_231.png,3
kanazawa_266_310_101_101.png,6
kanazawa_266_310_173_89.png,5
kanazawa_266_310_28_109.png,6
kanazawa_266_310_84_78.png,6
kanazawa_266_310_223_217.png,3
kanazawa_266_310_111_46.png,6
kanazawa_266_310_154_196.png,3
kanazawa_266_310_194_35.png,1
kanazawa_266_310_174_185.png,3
kanazawa_266_310_123_59.png,6
kanazawa_266_310_187_141.png,3
kanazawa_266_310_4_71.png,6
kanazawa_266_310_81_247.png,1
kanazawa_266_310_219_166.png,3
kanazawa_266_310_167_171.png,3
kanazawa_266_310_141_71.png,3
kanazawa_266_310_194_40.png,1
kanazawa_266_310_180_163.png,3
kanazawa_266_310_108_279.png,1
kanazawa_266_310_30_129.png,3
kanazawa_266_310_174_251.png,3
kanazawa_266_310_37_205.png,3
kanazawa_266_310_207_182.png,3
kanazawa_266_310_126_46.png,6
kanazawa_266_310_250_172.png,3
kanazawa_266_310_118_185.png,5
kanazawa_266_310_47_181.png,3
kanazawa_266_310_127_64.png,6
kanazawa_266_310_213_201.png,3
kanazawa_266_310_194_166.png,3
kanazawa_266_310_144_47.png,6
kanazawa_266_310_204_148.png,3
kanazawa_266_310_56_212.png,6
kanazawa_266_310_66_88.png,6
kanazawa_266_310_127_29.png,6
kanazawa_266_310_133_39.png,6
kanazawa_266_310_142_69.png,3
kanazawa_266_310_58_184.png,3
kanazawa_266_310_50_260.png,6
kanazawa_266_310_190_229.png,3
kanazawa_266_310_55_163.png,3
kanazawa_266_310_239_158.png,3
kanazawa_266_310_197_196.png,3
kanazawa_266_310_70_134.png,5
kanazawa_266_310_187_219.png,3
kanazawa_266_310_87_106.png,6
kanazawa_266_310_124_79.png,3
kanazawa_266_310_80_52.png,6
kanazawa_266_310_122_205.png,5
kanazawa_266_310_48_257.png,6
kanazawa_266_310_126_62.png,6
kanazawa_266_310_164_219.png,3
kanazawa_266_310_144_96.png,1
kanazawa_266_310_207_246.png,3
kanazawa_266_310_69_165.png,3
kanazawa_266_310_168_262.png,3
kanazawa_266_310_75_48.png,6
kanazawa_266_310_215_180.png,3
kanazawa_266_310_135_195.png,5
kanazawa_266_310_196_142.png,3
kanazawa_266_310_243_137.png,3
kanazawa_266_310_116_207.png,5
kanazawa_266_310_80_160.png,5
kanazawa_266_310_26_180.png,3
kanazawa_266_310_62_90.png,6
kanazawa_266_310_148_187.png,5
kanazawa_266_310_166_203.png,3
kanazawa_266_310_204_150.png,3
kanazawa_266_310_48_90.png,6
kanazawa_266_310_221_39.png,3
kanazawa_266_310_120_123.png,3
kanazawa_266_310_253_224.png,3
kanazawa_266_310_163_220.png,3
kanazawa_266_310_120_212.png,5
kanazawa_266_310_130_63.png,6
kanazawa_266_310_207_234.png,3
kanazawa_266_310_204_207.png,3
kanazawa_266_310_98_219.png,5
kanazawa_266_310_231_134.png,3
kanazawa_266_310_100_99.png,6
kanazawa_266_310_44_163.png,3
kanazawa_266_310_97_207.png,1
kanazawa_266_310_226_121.png,3
kanazawa_266_310_134_39.png,6
kanazawa_266_310_25_65.png,6
kanazawa_266_310_187_254.png,3
kanazawa_266_310_101_191.png,5
kanazawa_266_310_88_153.png,3
kanazawa_266_310_136_146.png,3
kanazawa_266_310_92_263.png,5
kanazawa_266_310_158_226.png,3
kanazawa_266_310_134_96.png,1
kanazawa_266_310_32_80.png,6
kanazawa_266_310_184_132.png,3
kanazawa_266_310_38_239.png,6
kanazawa_266_310_46_263.png,6
kanazawa_266_310_235_243.png,3
kanazawa_266_310_188_207.png,3
kanazawa_266_310_42_213.png,6
kanazawa_266_310_46_120.png,6
kanazawa_266_310_60_158.png,3
kanazawa_266_310_114_214.png,5
kanazawa_266_310_80_61.png,6
kanazawa_266_310_232_208.png,3
kanazawa_266_310_184_206.png,3
kanazawa_266_310_111_197.png,5
kanazawa_266_310_120_207.png,5
kanazawa_266_310_81_272.png,6
kanazawa_266_310_130_250.png,5
kanazawa_266_310_125_203.png,5
kanazawa_266_310_44_234.png,6
kanazawa_266_310_36_62.png,6
kanazawa_266_310_132_199.png,5
kanazawa_266_310_203_156.png,3
kanazawa_266_310_101_40.png,6
kanazawa_266_310_200_80.png,3
kanazawa_266_310_93_39.png,6
kanazawa_266_310_108_84.png,6
kanazawa_266_310_108_278.png,1
kanazawa_266_310_241_196.png,3
kanazawa_266_310_156_102.png,3
kanazawa_266_310_205_154.png,3
kanazawa_266_310_129_82.png,3
kanazawa_266_310_44_210.png,6
kanazawa_266_310_166_188.png,3
kanazawa_266_310_138_150.png,3
kanazawa_266_310_32_115.png,6
kanazawa_266_310_191_96.png,3
kanazawa_266_310_173_53.png,5
kanazawa_266_310_153_240.png,3
kanazawa_266_310_107_81.png,6
kanazawa_266_310_156_86.png,1
kanazawa_266_310_132_125.png,3
kanazawa_266_310_166_96.png,3
kanazawa_266_310_128_37.png,6
kanazawa_266_310_90_75.png,6
kanazawa_266_310_157_74.png,1
kanazawa_266_310_21_116.png,6
kanazawa_266_310_39_57.png,6
kanazawa_266_310_132_70.png,6
kanazawa_266_310_25_170.png,5
kanazawa_266_310_58_286.png,6
kanazawa_266_310_142_81.png,5
kanazawa_266_310_220_132.png,3
kanazawa_266_310_47_264.png,6
kanazawa_266_310_201_161.png,3
kanazawa_266_310_163_265.png,3
kanazawa_266_310_126_120.png,3
kanazawa_266_310_48_71.png,6
kanazawa_266_310_247_158.png,3
kanazawa_266_310_110_34.png,6
kanazawa_266_310_57_164.png,3
kanazawa_266_310_60_129.png,6
kanazawa_266_310_185_23.png,6
kanazawa_266_310_223_159.png,3
kanazawa_266_310_92_154.png,3
kanazawa_266_310_42_187.png,3
kanazawa_266_310_118_149.png,3
kanazawa_266_310_203_139.png,3
kanazawa_266_310_58_211.png,6
kanazawa_266_310_117_74.png,6
kanazawa_266_310_71_287.png,6
kanazawa_266_310_37_227.png,6
kanazawa_266_310_78_282.png,6
kanazawa_266_310_202_100.png,3
kanazawa_266_310_174_260.png,3
kanazawa_266_310_124_71.png,6
kanazawa_266_310_46_92.png,6
kanazawa_266_310_47_209.png,6
kanazawa_266_310_186_64.png,3
kanazawa_266_310_20_92.png,6
kanazawa_266_310_8_75.png,6
kanazawa_266_310_198_124.png,3
kanazawa_266_310_93_144.png,3
kanazawa_266_310_12_98.png,6
kanazawa_266_310_67_231.png,6
kanazawa_266_310_107_181.png,5
kanazawa_266_310_148_66.png,3
kanazawa_266_310_147_109.png,1
kanazawa_266_310_70_114.png,6
kanazawa_266_310_232_177.png,3
kanazawa_266_310_43_59.png,6
kanazawa_266_310_102_123.png,3
kanazawa_266_310_102_226.png,5
kanazawa_266_310_57_255.png,6
kanazawa_266_310_97_98.png,6
kanazawa_266_310_252_189.png,3
kanazawa_266_310_253_222.png,3
kanazawa_266_310_156_193.png,3
kanazawa_266_310_195_256.png,3
kanazawa_266_310_112_90.png,6
kanazawa_266_310_191_185.png,3
kanazawa_266_310_170_18.png,6
kanazawa_266_310_92_230.png,1
kanazawa_266_310_240_219.png,3
kanazawa_266_310_199_39.png,1
kanazawa_266_310_176_252.png,3
kanazawa_266_310_50_160.png,3
kanazawa_266_310_215_49.png,3
kanazawa_266_310_61_135.png,5
kanazawa_266_310_170_251.png,3
kanazawa_266_310_128_76.png,3
kanazawa_266_310_89_287.png,1
kanazawa_266_310_231_245.png,3
kanazawa_266_310_227_110.png,3
kanazawa_266_310_245_226.png,3
kanazawa_266_310_236_99.png,3
kanazawa_266_310_128_203.png,5
kanazawa_266_310_56_269.png,6
kanazawa_266_310_79_109.png,6
kanazawa_266_310_176_155.png,3
kanazawa_266_310_65_247.png,6
kanazawa_266_310_58_150.png,3
kanazawa_266_310_241_198.png,3
kanazawa_266_310_138_68.png,6
kanazawa_266_310_180_118.png,3
kanazawa_266_310_70_286.png,6
kanazawa_266_310_59_135.png,3
kanazawa_266_310_73_112.png,6
kanazawa_266_310_154_236.png,3
kanazawa_266_310_92_285.png,5
kanazawa_266_310_60_79.png,6
kanazawa_266_310_119_109.png,3
kanazawa_266_310_145_50.png,6
kanazawa_266_310_74_92.png,6
kanazawa_266_310_244_184.png,3
kanazawa_266_310_90_265.png,5
kanazawa_266_310_64_238.png,6
kanazawa_266_310_157_268.png,3
kanazawa_266_310_202_123.png,3
kanazawa_266_310_144_75.png,1
kanazawa_266_310_103_55.png,6
kanazawa_266_310_48_193.png,3
kanazawa_266_310_195_212.png,3
kanazawa_266_310_39_165.png,3
kanazawa_266_310_78_62.png,6
kanazawa_266_310_89_179.png,3
kanazawa_266_310_176_208.png,3
kanazawa_266_310_206_130.png,3
kanazawa_266_310_180_93.png,1
kanazawa_266_310_116_152.png,3
kanazawa_266_310_203_140.png,3
kanazawa_266_310_170_42.png,6
kanazawa_266_310_237_132.png,3
kanazawa_266_310_200_174.png,3
kanazawa_266_310_155_90.png,1
kanazawa_266_310_153_68.png,5
kanazawa_266_310_143_110.png,3
kanazawa_266_310_219_43.png,3
kanazawa_266_310_199_25.png,2
kanazawa_266_310_191_81.png,3
kanazawa_266_310_235_149.png,3
kanazawa_266_310_138_53.png,6
kanazawa_266_310_89_159.png,3
kanazawa_266_310_161_237.png,3
kanazawa_266_310_193_213.png,3
kanazawa_266_310_213_125.png,3
kanazawa_266_310_80_45.png,6
kanazawa_266_310_215_55.png,3
kanazawa_266_310_145_117.png,3
kanazawa_266_310_245_217.png,3
kanazawa_266_310_78_191.png,3
kanazawa_266_310_208_123.png,3
kanazawa_266_310_60_77.png,6
kanazawa_266_310_125_190.png,5
kanazawa_266_310_153_103.png,1
kanazawa_266_310_155_86.png,1
kanazawa_266_310_85_281.png,1
kanazawa_266_310_15_74.png,6
kanazawa_266_310_155_222.png,3
kanazawa_266_310_226_79.png,3
kanazawa_266_310_110_66.png,6
kanazawa_266_310_204_108.png,3
kanazawa_266_310_37_239.png,6
kanazawa_266_310_212_54.png,3
kanazawa_266_310_169_101.png,3
kanazawa_266_310_188_242.png,3
kanazawa_266_310_226_72.png,3
kanazawa_266_310_60_215.png,6
kanazawa_266_310_41_147.png,5
kanazawa_266_310_203_207.png,3
kanazawa_266_310_42_274.png,6
kanazawa_266_310_96_114.png,1
kanazawa_266_310_58_90.png,6
kanazawa_266_310_156_129.png,3
kanazawa_266_310_176_142.png,3
kanazawa_266_310_180_161.png,3
kanazawa_266_310_178_133.png,3
kanazawa_266_310_13_115.png,6
kanazawa_266_310_73_297.png,6
kanazawa_266_310_160_78.png,1
kanazawa_266_310_216_185.png,3
kanazawa_266_310_107_148.png,3
kanazawa_266_310_174_69.png,5
kanazawa_266_310_183_260.png,3
kanazawa_266_310_175_191.png,3
kanazawa_266_310_166_117.png,3
kanazawa_266_310_116_262.png,1
kanazawa_266_310_19_66.png,6
kanazawa_266_310_136_52.png,6
kanazawa_266_310_85_166.png,3
kanazawa_266_310_126_76.png,3
kanazawa_266_310_25_129.png,6
kanazawa_266_310_236_214.png,3
kanazawa_266_310_72_152.png,3
kanazawa_266_310_188_113.png,3
kanazawa_266_310_97_247.png,1
kanazawa_266_310_108_229.png,3
kanazawa_266_310_224_34.png,3
kanazawa_266_310_174_77.png,1
kanazawa_266_310_197_220.png,3
kanazawa_266_310_231_203.png,3
kanazawa_266_310_148_113.png,1
kanazawa_266_310_234_114.png,3
kanazawa_266_310_104_217.png,5
kanazawa_266_310_174_42.png,3
kanazawa_266_310_54_245.png,6
kanazawa_266_310_101_55.png,6
kanazawa_266_310_235_214.png,3
kanazawa_266_310_232_197.png,3
kanazawa_266_310_85_95.png,6
kanazawa_266_310_82_70.png,6
kanazawa_266_310_38_138.png,3
kanazawa_266_310_59_285.png,6
kanazawa_266_310_55_304.png,6
kanazawa_266_310_172_207.png,3
kanazawa_266_310_115_149.png,3
kanazawa_266_310_83_112.png,6
kanazawa_266_310_22_100.png,6
kanazawa_266_310_136_110.png,3
kanazawa_266_310_160_136.png,3
kanazawa_266_310_195_148.png,3
kanazawa_266_310_164_195.png,3
kanazawa_266_310_180_235.png,3
kanazawa_266_310_200_159.png,3
kanazawa_266_310_82_130.png,3
kanazawa_266_310_148_45.png,6
kanazawa_266_310_83_69.png,6
kanazawa_266_310_106_102.png,3
kanazawa_266_310_167_243.png,3
kanazawa_266_310_225_228.png,3
kanazawa_266_310_159_105.png,3
kanazawa_266_310_239_145.png,3
kanazawa_266_310_47_190.png,3
kanazawa_266_310_12_71.png,6
kanazawa_266_310_219_93.png,3
kanazawa_266_310_215_252.png,3
kanazawa_266_310_96_184.png,5
kanazawa_266_310_53_86.png,6
kanazawa_266_310_52_74.png,6
kanazawa_266_310_61_98.png,6
kanazawa_266_310_176_37.png,6
kanazawa_266_310_53_254.png,6
kanazawa_266_310_166_55.png,5
kanazawa_266_310_38_147.png,5
kanazawa_266_310_209_225.png,3
kanazawa_266_310_215_225.png,3
kanazawa_266_310_93_157.png,3
kanazawa_266_310_17_127.png,6
kanazawa_266_310_179_211.png,3
kanazawa_266_310_143_99.png,1
kanazawa_266_310_31_106.png,6
kanazawa_266_310_234_138.png,3
kanazawa_266_310_221_96.png,3
kanazawa_266_310_165_223.png,3
kanazawa_266_310_211_15.png,6
kanazawa_266_310_146_38.png,6
kanazawa_266_310_53_191.png,3
kanazawa_266_310_65_210.png,5
kanazawa_266_310_11_77.png,6
kanazawa_266_310_124_202.png,5
kanazawa_266_310_44_63.png,6
kanazawa_266_310_226_103.png,3
kanazawa_266_310_208_109.png,3
kanazawa_266_310_194_119.png,3
kanazawa_266_310_102_46.png,6
kanazawa_266_310_175_203.png,3
kanazawa_266_310_43_174.png,3
kanazawa_266_310_158_244.png,3
kanazawa_266_310_71_67.png,6
kanazawa_266_310_146_123.png,3
kanazawa_266_310_32_130.png,3
kanazawa_266_310_89_182.png,3
kanazawa_266_310_217_209.png,3
kanazawa_266_310_54_240.png,6
kanazawa_266_310_183_219.png,3
kanazawa_266_310_197_130.png,3
kanazawa_266_310_43_119.png,6
kanazawa_266_310_196_180.png,3
kanazawa_266_310_7_92.png,6
kanazawa_266_310_116_72.png,6
kanazawa_266_310_47_117.png,6
kanazawa_266_310_97_90.png,6
kanazawa_266_310_81_121.png,1
kanazawa_266_310_213_203.png,3
kanazawa_266_310_46_277.png,6
kanazawa_266_310_18_65.png,6
kanazawa_266_310_214_51.png,3
kanazawa_266_310_192_133.png,3
kanazawa_266_310_127_250.png,5
kanazawa_266_310_78_286.png,6
kanazawa_266_310_95_187.png,5
kanazawa_266_310_113_280.png,1
kanazawa_266_310_212_19.png,5
kanazawa_266_310_53_127.png,6
kanazawa_266_310_49_211.png,6
kanazawa_266_310_204_199.png,3
kanazawa_266_310_219_173.png,3
kanazawa_266_310_69_257.png,6
kanazawa_266_310_241_138.png,3
kanazawa_266_310_51_236.png,6
kanazawa_266_310_223_198.png,3
kanazawa_266_310_15_137.png,4
kanazawa_266_310_62_100.png,6
kanazawa_266_310_164_134.png,3
kanazawa_266_310_77_274.png,6
kanazawa_266_310_43_87.png,6
kanazawa_266_310_176_207.png,3
kanazawa_266_310_239_205.png,3
kanazawa_266_310_162_99.png,3
kanazawa_266_310_48_248.png,6
kanazawa_266_310_217_108.png,3
kanazawa_266_310_246_245.png,3
kanazawa_266_310_229_192.png,3
kanazawa_266_310_132_253.png,5
kanazawa_266_310_76_297.png,6
kanazawa_266_310_216_43.png,3
kanazawa_266_310_187_26.png,3
kanazawa_266_310_83_51.png,6
kanazawa_266_310_132_92.png,1
kanazawa_266_310_66_271.png,6
kanazawa_266_310_159_242.png,3
kanazawa_266_310_91_252.png,5
kanazawa_266_310_184_154.png,3
kanazawa_266_310_68_108.png,6
kanazawa_266_310_195_201.png,3
kanazawa_266_310_55_248.png,6
kanazawa_266_310_61_79.png,6
kanazawa_266_310_48_228.png,6
kanazawa_266_310_212_70.png,3
kanazawa_266_310_154_219.png,3
kanazawa_266_310_110_174.png,5
kanazawa_266_310_148_197.png,5
kanazawa_266_310_240_125.png,3
kanazawa_266_310_74_74.png,6
kanazawa_266_310_175_268.png,3
kanazawa_266_310_242_172.png,3
kanazawa_266_310_76_253.png,6
kanazawa_266_310_50_224.png,6
kanazawa_266_310_36_207.png,3
kanazawa_266_310_67_284.png,6
kanazawa_266_310_182_266.png,3
kanazawa_266_310_179_200.png,3
kanazawa_266_310_160_41.png,6
kanazawa_266_310_86_79.png,6
kanazawa_266_310_57_99.png,6
kanazawa_266_310_213_168.png,3
kanazawa_266_310_40_226.png,6
kanazawa_266_310_214_91.png,3
kanazawa_266_310_87_220.png,1
kanazawa_266_310_38_91.png,6
kanazawa_266_310_91_245.png,1
kanazawa_266_310_45_288.png,6
kanazawa_266_310_38_201.png,3
kanazawa_266_310_185_209.png,3
kanazawa_266_310_155_142.png,3
kanazawa_266_310_195_124.png,3
kanazawa_266_310_221_29.png,3
kanazawa_266_310_124_37.png,6
kanazawa_266_310_219_241.png,3
kanazawa_266_310_81_227.png,5
kanazawa_266_310_72_287.png,6
kanazawa_266_310_195_19.png,3
kanazawa_266_310_78_123.png,2
kanazawa_266_310_91_141.png,3
kanazawa_266_310_33_60.png,6
kanazawa_266_310_93_100.png,6
kanazawa_266_310_230_86.png,3
kanazawa_266_310_242_204.png,3
kanazawa_266_310_160_58.png,1
kanazawa_266_310_125_47.png,6
kanazawa_266_310_249_195.png,3
kanazawa_266_310_147_240.png,3
kanazawa_266_310_71_244.png,6
kanazawa_266_310_73_236.png,6
kanazawa_266_310_177_111.png,3
kanazawa_266_310_249_165.png,3
kanazawa_266_310_142_49.png,6
kanazawa_266_310_14_74.png,6
kanazawa_266_310_142_94.png,1
kanazawa_266_310_218_136.png,3
kanazawa_266_310_207_251.png,3
kanazawa_266_310_59_274.png,6
kanazawa_266_310_98_89.png,6
kanazawa_266_310_42_160.png,3
kanazawa_266_310_209_197.png,3
kanazawa_266_310_147_170.png,1
kanazawa_266_310_64_230.png,6
kanazawa_266_310_81_236.png,1
kanazawa_266_310_56_288.png,6
kanazawa_266_310_86_73.png,6
kanazawa_266_310_186_157.png,3
kanazawa_266_310_214_219.png,3
kanazawa_266_310_112_171.png,5
kanazawa_266_310_142_223.png,3
kanazawa_266_310_61_247.png,6
kanazawa_266_310_79_125.png,1
kanazawa_266_310_145_37.png,6
kanazawa_266_310_207_79.png,3
kanazawa_266_310_132_62.png,6
kanazawa_266_310_107_84.png,6
kanazawa_266_310_244_179.png,3
kanazawa_266_310_194_258.png,3
kanazawa_266_310_178_38.png,3
kanazawa_266_310_202_194.png,3
kanazawa_266_310_187_85.png,3
kanazawa_266_310_78_126.png,1
kanazawa_266_310_32_122.png,6
kanazawa_266_310_154_213.png,3
kanazawa_266_310_163_196.png,3
kanazawa_266_310_164_37.png,6
kanazawa_266_310_27_86.png,6
kanazawa_266_310_75_205.png,3
kanazawa_266_310_178_232.png,3
kanazawa_266_310_132_54.png,6
kanazawa_266_310_201_248.png,3
kanazawa_266_310_54_159.png,3
kanazawa_266_310_117_51.png,6
kanazawa_266_310_150_32.png,6
kanazawa_266_310_252_242.png,3
kanazawa_266_310_21_64.png,6
kanazawa_266_310_222_130.png,3
kanazawa_266_310_116_206.png,5
kanazawa_266_310_221_17.png,5
kanazawa_266_310_33_179.png,3
kanazawa_266_310_156_154.png,3
kanazawa_266_310_140_127.png,3
kanazawa_266_310_120_83.png,3
kanazawa_266_310_67_289.png,6
kanazawa_266_310_71_77.png,6
kanazawa_266_310_72_82.png,6
kanazawa_266_310_195_123.png,3
kanazawa_266_310_213_226.png,3
kanazawa_266_310_20_164.png,3
kanazawa_266_310_155_264.png,3
kanazawa_266_310_149_161.png,5
kanazawa_266_310_62_55.png,6
kanazawa_266_310_110_136.png,3
kanazawa_266_310_86_112.png,3
kanazawa_266_310_54_286.png,6
kanazawa_266_310_206_205.png,3
kanazawa_266_310_123_103.png,5
kanazawa_266_310_233_128.png,3
kanazawa_266_310_134_160.png,4
kanazawa_266_310_8_91.png,6
kanazawa_266_310_195_117.png,3
kanazawa_266_310_55_263.png,6
kanazawa_266_310_180_36.png,3
kanazawa_266_310_228_159.png,3
kanazawa_266_310_189_16.png,6
kanazawa_266_310_71_269.png,6
kanazawa_266_310_93_282.png,1
kanazawa_266_310_41_107.png,6
kanazawa_266_310_63_88.png,6
kanazawa_266_310_170_250.png,3
kanazawa_266_310_205_160.png,3
kanazawa_266_310_207_130.png,3
kanazawa_266_310_93_110.png,3
kanazawa_266_310_221_179.png,3
kanazawa_266_310_33_87.png,6
kanazawa_266_310_232_114.png,3
kanazawa_266_310_62_142.png,3
kanazawa_266_310_194_179.png,3
kanazawa_266_310_205_60.png,3
kanazawa_266_310_111_276.png,1
kanazawa_266_310_215_204.png,3
kanazawa_266_310_80_216.png,1
kanazawa_266_310_37_98.png,6
kanazawa_266_310_228_117.png,3
kanazawa_266_310_216_24.png,1
kanazawa_266_310_202_216.png,3
kanazawa_266_310_140_53.png,6
kanazawa_266_310_137_49.png,6
kanazawa_266_310_38_113.png,6
kanazawa_266_310_112_98.png,3
kanazawa_266_310_223_168.png,3
kanazawa_266_310_99_282.png,1
kanazawa_266_310_45_123.png,6
kanazawa_266_310_191_238.png,3
kanazawa_266_310_233_112.png,3
kanazawa_266_310_215_196.png,3
kanazawa_266_310_175_136.png,3
kanazawa_266_310_159_53.png,3
kanazawa_266_310_94_89.png,6
kanazawa_266_310_100_117.png,5
kanazawa_266_310_188_112.png,3
kanazawa_266_310_187_89.png,3
kanazawa_266_310_206_202.png,3
kanazawa_266_310_247_228.png,3
kanazawa_266_310_252_180.png,3
kanazawa_266_310_141_98.png,1
kanazawa_266_310_185_151.png,3
kanazawa_266_310_178_248.png,3
kanazawa_266_310_64_290.png,6
kanazawa_266_310_19_106.png,6
kanazawa_266_310_63_278.png,6
kanazawa_266_310_54_210.png,6
kanazawa_266_310_119_179.png,5
kanazawa_266_310_130_248.png,5
kanazawa_266_310_148_158.png,3
kanazawa_266_310_80_90.png,6
kanazawa_266_310_166_200.png,3
kanazawa_266_310_90_122.png,3
kanazawa_266_310_106_127.png,3
kanazawa_266_310_70_200.png,3
kanazawa_266_310_53_82.png,6
kanazawa_266_310_153_70.png,5
kanazawa_266_310_220_220.png,3
kanazawa_266_310_204_134.png,3
kanazawa_266_310_95_153.png,3
kanazawa_266_310_211_90.png,3
kanazawa_266_310_226_48.png,3
kanazawa_266_310_62_277.png,6
kanazawa_266_310_236_134.png,3
kanazawa_266_310_9_84.png,6
kanazawa_266_310_63_116.png,6
kanazawa_266_310_59_179.png,5
kanazawa_266_310_224_46.png,3
kanazawa_266_310_77_285.png,6
kanazawa_266_310_129_253.png,5
kanazawa_266_310_111_74.png,6
kanazawa_266_310_81_111.png,6
kanazawa_266_310_224_249.png,3
kanazawa_266_310_96_51.png,6
kanazawa_266_310_180_211.png,3
kanazawa_266_310_221_163.png,3
kanazawa_266_310_191_258.png,3
kanazawa_266_310_48_99.png,6
kanazawa_266_310_28_81.png,6
kanazawa_266_310_189_225.png,3
kanazawa_266_310_165_188.png,3
kanazawa_266_310_204_50.png,3
kanazawa_266_310_219_125.png,3
kanazawa_266_310_71_260.png,6
kanazawa_266_310_79_229.png,5
kanazawa_266_310_101_204.png,5
kanazawa_266_310_72_267.png,6
kanazawa_266_310_92_122.png,3
kanazawa_266_310_153_42.png,6
kanazawa_266_310_210_251.png,3
kanazawa_266_310_201_108.png,3
kanazawa_266_310_77_195.png,3
kanazawa_266_310_181_206.png,3
kanazawa_266_310_23_129.png,6
kanazawa_266_310_139_63.png,6
kanazawa_266_310_44_58.png,6
kanazawa_266_310_96_106.png,3
kanazawa_266_310_151_201.png,3
kanazawa_266_310_129_280.png,5
kanazawa_266_310_116_251.png,5
kanazawa_266_310_225_103.png,3
kanazawa_266_310_118_182.png,5
kanazawa_266_310_84_77.png,6
kanazawa_266_310_149_39.png,6
kanazawa_266_310_190_197.png,3
kanazawa_266_310_14_121.png,6
kanazawa_266_310_79_183.png,3
kanazawa_266_310_236_203.png,3
kanazawa_266_310_191_13.png,6
kanazawa_266_310_74_250.png,1
kanazawa_266_310_64_142.png,3
kanazawa_266_310_159_184.png,5
kanazawa_266_310_261_239.png,3
kanazawa_266_310_191_102.png,3
kanazawa_266_310_157_249.png,3
kanazawa_266_310_246_199.png,3
kanazawa_266_310_209_44.png,3
kanazawa_266_310_66_298.png,6
kanazawa_266_310_222_132.png,3
kanazawa_266_310_76_184.png,3
kanazawa_266_310_52_279.png,6
kanazawa_266_310_102_73.png,6
kanazawa_266_310_247_197.png,3
kanazawa_266_310_173_40.png,3
kanazawa_266_310_129_166.png,3
kanazawa_266_310_171_119.png,3
kanazawa_266_310_108_163.png,3
kanazawa_266_310_107_65.png,6
kanazawa_266_310_218_102.png,3
kanazawa_266_310_194_59.png,5
kanazawa_266_310_205_257.png,3
kanazawa_266_310_50_97.png,6
kanazawa_266_310_33_161.png,5
kanazawa_266_310_33_187.png,3
kanazawa_266_310_103_100.png,6
kanazawa_266_310_225_64.png,3
kanazawa_266_310_178_134.png,3
kanazawa_266_310_46_280.png,6
kanazawa_266_310_108_222.png,5
kanazawa_266_310_68_229.png,6
kanazawa_266_310_115_225.png,3
kanazawa_266_310_36_115.png,6
kanazawa_266_310_76_287.png,6
kanazawa_266_310_93_200.png,5
kanazawa_266_310_236_238.png,3
kanazawa_266_310_66_299.png,6
kanazawa_266_310_57_209.png,3
kanazawa_266_310_246_221.png,3
kanazawa_266_310_164_111.png,3
kanazawa_266_310_156_274.png,3
kanazawa_266_310_178_157.png,3
kanazawa_266_310_205_171.png,3
kanazawa_266_310_153_149.png,3
kanazawa_266_310_228_138.png,3
kanazawa_266_310_116_209.png,5
kanazawa_266_310_219_178.png,3
kanazawa_266_310_136_168.png,3
kanazawa_266_310_226_116.png,3
kanazawa_266_310_55_252.png,6
kanazawa_266_310_175_81.png,5
kanazawa_266_310_208_29.png,1
kanazawa_266_310_229_111.png,3
kanazawa_266_310_138_47.png,6
kanazawa_266_310_97_79.png,6
kanazawa_266_310_80_158.png,3
kanazawa_266_310_178_168.png,3
kanazawa_266_310_140_126.png,3
kanazawa_266_310_67_253.png,6
kanazawa_266_310_155_185.png,5
kanazawa_266_310_224_40.png,3
kanazawa_266_310_220_176.png,3
kanazawa_266_310_79_152.png,3
kanazawa_266_310_216_38.png,3
kanazawa_266_310_242_227.png,3
kanazawa_266_310_177_184.png,3
kanazawa_266_310_211_137.png,3
kanazawa_266_310_196_168.png,3
kanazawa_266_310_150_228.png,3
kanazawa_266_310_184_119.png,3
kanazawa_266_310_201_29.png,5
kanazawa_266_310_161_98.png,3
kanazawa_266_310_102_184.png,5
kanazawa_266_310_176_47.png,5
kanazawa_266_310_118_191.png,5
kanazawa_266_310_238_219.png,3
kanazawa_266_310_153_197.png,3
kanazawa_266_310_215_234.png,3
kanazawa_266_310_187_178.png,3
kanazawa_266_310_105_180.png,5
kanazawa_266_310_131_248.png,5
kanazawa_266_310_175_47.png,5
kanazawa_266_310_176_134.png,3
kanazawa_266_310_195_34.png,5
kanazawa_266_310_40_135.png,3
kanazawa_266_310_80_137.png,3
kanazawa_266_310_140_148.png,3
kanazawa_266_310_165_99.png,3
kanazawa_266_310_80_70.png,6
kanazawa_266_310_144_50.png,6
kanazawa_266_310_104_132.png,3
kanazawa_266_310_224_163.png,3
kanazawa_266_310_61_273.png,6
kanazawa_266_310_109_280.png,1
kanazawa_266_310_201_103.png,3
kanazawa_266_310_94_77.png,6
kanazawa_266_310_171_244.png,3
kanazawa_266_310_122_160.png,5
kanazawa_266_310_127_199.png,5
kanazawa_266_310_228_168.png,3
kanazawa_266_310_159_82.png,5
kanazawa_266_310_178_251.png,3
kanazawa_266_310_136_202.png,5
kanazawa_266_310_57_155.png,3
kanazawa_266_310_42_82.png,6
kanazawa_266_310_164_122.png,3
kanazawa_266_310_133_108.png,1
kanazawa_266_310_137_65.png,6
kanazawa_266_310_60_84.png,6
kanazawa_266_310_207_212.png,3
kanazawa_266_310_74_259.png,6
kanazawa_266_310_14_96.png,6
kanazawa_266_310_236_184.png,3
kanazawa_266_310_195_213.png,3
kanazawa_266_310_238_119.png,3
kanazawa_266_310_160_219.png,3
kanazawa_266_310_104_63.png,6
kanazawa_266_310_209_135.png,3
kanazawa_266_310_48_78.png,6
kanazawa_266_310_139_122.png,3
kanazawa_266_310_65_128.png,5
kanazawa_266_310_201_190.png,3
kanazawa_266_310_62_67.png,6
kanazawa_266_310_180_247.png,3
kanazawa_266_310_202_88.png,5
kanazawa_266_310_111_275.png,1
kanazawa_266_310_65_123.png,6
kanazawa_266_310_211_45.png,3
kanazawa_266_310_65_256.png,6
kanazawa_266_310_78_76.png,6
kanazawa_266_310_60_261.png,6
kanazawa_266_310_129_257.png,5
kanazawa_266_310_191_127.png,3
kanazawa_266_310_64_218.png,3
kanazawa_266_310_86_66.png,6
kanazawa_266_310_68_286.png,6
kanazawa_266_310_73_45.png,6
kanazawa_266_310_102_70.png,6
kanazawa_266_310_224_126.png,3
kanazawa_266_310_163_267.png,3
kanazawa_266_310_140_82.png,5
kanazawa_266_310_165_38.png,6
kanazawa_266_310_238_118.png,3
kanazawa_266_310_167_232.png,3
kanazawa_266_310_244_165.png,3
kanazawa_266_310_234_121.png,3
kanazawa_266_310_198_147.png,3
kanazawa_266_310_125_51.png,6
kanazawa_266_310_208_24.png,5
kanazawa_266_310_27_93.png,6
kanazawa_266_310_100_202.png,5
kanazawa_266_310_91_195.png,5
kanazawa_266_310_136_107.png,1
kanazawa_266_310_71_85.png,6
kanazawa_266_310_12_91.png,6
kanazawa_266_310_188_104.png,3
kanazawa_266_310_131_76.png,3
kanazawa_266_310_138_221.png,3
kanazawa_266_310_116_183.png,5
kanazawa_266_310_167_142.png,3
kanazawa_266_310_154_202.png,3
kanazawa_266_310_223_91.png,3
kanazawa_266_310_29_122.png,6
kanazawa_266_310_236_139.png,3
kanazawa_266_310_54_108.png,6
kanazawa_266_310_75_97.png,6
kanazawa_266_310_9_70.png,6
kanazawa_266_310_191_136.png,3
kanazawa_266_310_189_31.png,1
kanazawa_266_310_150_100.png,1
kanazawa_266_310_235_91.png,3
kanazawa_266_310_218_122.png,3
kanazawa_266_310_169_31.png,6
kanazawa_266_310_128_269.png,5
kanazawa_266_310_68_249.png,6
kanazawa_266_310_154_193.png,3
kanazawa_266_310_171_171.png,3
kanazawa_266_310_197_224.png,3
kanazawa_266_310_31_139.png,3
kanazawa_266_310_118_129.png,3
kanazawa_266_310_93_177.png,3
kanazawa_266_310_220_211.png,3
kanazawa_266_310_117_76.png,6
kanazawa_266_310_81_220.png,1
kanazawa_266_310_167_210.png,3
kanazawa_266_310_236_111.png,3
kanazawa_266_310_13_117.png,6
kanazawa_266_310_79_81.png,6
kanazawa_266_310_193_225.png,3
kanazawa_266_310_141_31.png,6
kanazawa_266_310_35_177.png,3
kanazawa_266_310_48_300.png,6
kanazawa_266_310_151_110.png,1
kanazawa_266_310_132_109.png,1
kanazawa_266_310_37_199.png,3
kanazawa_266_310_91_264.png,5
kanazawa_266_310_207_239.png,3
kanazawa_266_310_51_163.png,3
kanazawa_266_310_205_49.png,3
kanazawa_266_310_21_147.png,3
kanazawa_266_310_169_103.png,3
kanazawa_266_310_196_190.png,3
kanazawa_266_310_144_45.png,6
kanazawa_266_310_161_152.png,5
kanazawa_266_310_238_205.png,3
kanazawa_266_310_175_97.png,3
kanazawa_266_310_222_220.png,3
kanazawa_266_310_18_122.png,6
kanazawa_266_310_105_66.png,6
kanazawa_266_310_42_92.png,6
kanazawa_266_310_56_201.png,3
kanazawa_266_310_91_65.png,6
kanazawa_266_310_199_237.png,3
kanazawa_266_310_103_196.png,5
kanazawa_266_310_174_39.png,6
kanazawa_266_310_93_285.png,5
kanazawa_266_310_65_248.png,6
kanazawa_266_310_226_248.png,3
kanazawa_266_310_63_84.png,6
kanazawa_266_310_248_170.png,3
kanazawa_266_310_179_246.png,3
kanazawa_266_310_139_33.png,6
kanazawa_266_310_59_88.png,6
kanazawa_266_310_208_216.png,3
kanazawa_266_310_204_138.png,3
kanazawa_266_310_163_203.png,3
kanazawa_266_310_186_42.png,5
kanazawa_266_310_128_90.png,5
kanazawa_266_310_54_123.png,6
kanazawa_266_310_232_200.png,3
kanazawa_266_310_185_39.png,5
kanazawa_266_310_150_120.png,3
kanazawa_266_310_60_235.png,6
kanazawa_266_310_210_167.png,3
kanazawa_266_310_53_259.png,6
kanazawa_266_310_199_69.png,3
kanazawa_266_310_83_121.png,1
kanazawa_266_310_95_91.png,6
kanazawa_266_310_145_48.png,6
kanazawa_266_310_45_81.png,6
kanazawa_266_310_210_207.png,3
kanazawa_266_310_155_26.png,6
kanazawa_266_310_101_94.png,6
kanazawa_266_310_218_157.png,3
kanazawa_266_310_246_150.png,3
kanazawa_266_310_97_103.png,6
kanazawa_266_310_237_220.png,3
kanazawa_266_310_102_269.png,1
kanazawa_266_310_153_60.png,3
kanazawa_266_310_126_89.png,1
kanazawa_266_310_230_96.png,3
kanazawa_266_310_199_54.png,3
kanazawa_266_310_147_55.png,6
kanazawa_266_310_114_70.png,6
kanazawa_266_310_243_140.png,3
kanazawa_266_310_86_153.png,3
kanazawa_266_310_235_232.png,3
kanazawa_266_310_127_137.png,3
kanazawa_266_310_86_245.png,1
kanazawa_266_310_91_214.png,1
kanazawa_266_310_143_98.png,1
kanazawa_266_310_189_252.png,6
kanazawa_266_310_163_159.png,3
kanazawa_266_310_175_206.png,3
kanazawa_266_310_140_62.png,6
kanazawa_266_310_46_209.png,6
kanazawa_266_310_237_200.png,3
kanazawa_266_310_116_54.png,6
kanazawa_266_310_45_225.png,6
kanazawa_266_310_222_194.png,3
kanazawa_266_310_111_86.png,6
kanazawa_266_310_82_111.png,6
kanazawa_266_310_122_106.png,3
kanazawa_266_310_178_195.png,3
kanazawa_266_310_202_73.png,3
kanazawa_266_310_221_180.png,3
kanazawa_266_310_124_200.png,5
kanazawa_266_310_125_241.png,3
kanazawa_266_310_146_75.png,5
kanazawa_266_310_80_100.png,6
kanazawa_266_310_92_69.png,6
kanazawa_266_310_225_253.png,3
kanazawa_266_310_197_124.png,3
kanazawa_266_310_218_200.png,3
kanazawa_266_310_196_205.png,3
kanazawa_266_310_155_135.png,3
kanazawa_266_310_85_186.png,3
kanazawa_266_310_214_247.png,3
kanazawa_266_310_189_215.png,3
kanazawa_266_310_241_185.png,3
kanazawa_266_310_166_123.png,3
kanazawa_266_310_217_168.png,3
kanazawa_266_310_119_54.png,6
kanazawa_266_310_65_96.png,6
kanazawa_266_310_255_206.png,3
kanazawa_266_310_103_267.png,1
kanazawa_266_310_37_250.png,6
kanazawa_266_310_33_232.png,6
kanazawa_266_310_54_223.png,6
kanazawa_266_310_75_217.png,3
kanazawa_266_310_38_259.png,6
kanazawa_266_310_140_56.png,6
kanazawa_266_310_153_47.png,6
kanazawa_266_310_79_63.png,6
kanazawa_266_310_93_83.png,6
kanazawa_266_310_82_86.png,6
kanazawa_266_310_164_30.png,6
kanazawa_266_310_209_221.png,3
kanazawa_266_310_50_240.png,6
kanazawa_266_310_248_239.png,3
kanazawa_266_310_204_237.png,3
kanazawa_266_310_160_57.png,1
kanazawa_266_310_241_154.png,3
kanazawa_266_310_138_182.png,5
kanazawa_266_310_143_181.png,5
kanazawa_266_310_123_133.png,3
kanazawa_266_310_107_253.png,5
kanazawa_266_310_53_104.png,6
kanazawa_266_310_169_81.png,5
kanazawa_266_310_213_245.png,3
kanazawa_266_310_208_110.png,3
kanazawa_266_310_181_159.png,3
kanazawa_266_310_175_184.png,3
kanazawa_266_310_112_221.png,5
kanazawa_266_310_184_238.png,3
kanazawa_266_310_194_240.png,3
kanazawa_266_310_130_110.png,1
kanazawa_266_310_239_203.png,3
kanazawa_266_310_206_189.png,3
kanazawa_266_310_50_278.png,6
kanazawa_266_310_36_150.png,5
kanazawa_266_310_75_235.png,3
kanazawa_266_310_228_251.png,3
kanazawa_266_310_231_115.png,3
kanazawa_266_310_113_155.png,3
kanazawa_266_310_235_95.png,3
kanazawa_266_310_95_137.png,3
kanazawa_266_310_195_85.png,3
kanazawa_266_310_80_81.png,6
kanazawa_266_310_223_187.png,3
kanazawa_266_310_41_57.png,6
kanazawa_266_310_197_87.png,3
kanazawa_266_310_82_257.png,3
kanazawa_266_310_206_176.png,3
kanazawa_266_310_57_301.png,6
kanazawa_266_310_194_225.png,3
kanazawa_266_310_99_60.png,6
kanazawa_266_310_53_279.png,6
kanazawa_266_310_161_160.png,3
kanazawa_266_310_110_84.png,6
kanazawa_266_310_155_24.png,6
kanazawa_266_310_74_239.png,6
kanazawa_266_310_220_234.png,3
kanazawa_266_310_190_214.png,3
kanazawa_266_310_82_102.png,6
kanazawa_266_310_104_216.png,5
kanazawa_266_310_196_58.png,5
kanazawa_266_310_186_97.png,3
kanazawa_266_310_62_95.png,6
kanazawa_266_310_162_223.png,3
kanazawa_266_310_205_109.png,3
kanazawa_266_310_175_244.png,3
kanazawa_266_310_201_140.png,3
kanazawa_266_310_191_221.png,3
kanazawa_266_310_60_113.png,6
kanazawa_266_310_170_192.png,3
kanazawa_266_310_119_169.png,5
kanazawa_266_310_91_248.png,5
kanazawa_266_310_103_186.png,5
kanazawa_266_310_227_149.png,3
kanazawa_266_310_116_142.png,3
kanazawa_266_310_70_85.png,6
kanazawa_266_310_59_249.png,6
kanazawa_266_310_76_65.png,6
kanazawa_266_310_70_88.png,6
kanazawa_266_310_212_215.png,6
kanazawa_266_310_216_166.png,3
kanazawa_266_310_177_127.png,3
kanazawa_266_310_244_181.png,3
kanazawa_266_310_130_72.png,6
kanazawa_266_310_194_77.png,3
kanazawa_266_310_59_79.png,6
kanazawa_266_310_68_80.png,6
kanazawa_266_310_159_214.png,3
kanazawa_266_310_63_300.png,6
kanazawa_266_310_162_123.png,3
kanazawa_266_310_114_252.png,5
kanazawa_266_310_46_215.png,6
kanazawa_266_310_190_173.png,3
kanazawa_266_310_200_198.png,3
kanazawa_266_310_54_280.png,6
kanazawa_266_310_134_200.png,5
kanazawa_266_310_235_221.png,3
kanazawa_266_310_197_235.png,3
kanazawa_266_310_200_214.png,3
kanazawa_266_310_44_238.png,6
kanazawa_266_310_202_252.png,3
kanazawa_266_310_75_239.png,6
kanazawa_266_310_141_60.png,3
kanazawa_266_310_153_124.png,3
kanazawa_266_310_45_57.png,6
kanazawa_266_310_225_136.png,3
kanazawa_266_310_27_84.png,6
kanazawa_266_310_77_97.png,6
kanazawa_266_310_40_95.png,6
kanazawa_266_310_183_241.png,3
kanazawa_266_310_190_46.png,5
kanazawa_266_310_64_102.png,6
kanazawa_266_310_114_126.png,1
kanazawa_266_310_101_198.png,5
kanazawa_266_310_193_235.png,3
kanazawa_266_310_180_194.png,3
kanazawa_266_310_167_124.png,3
kanazawa_266_310_96_149.png,3
kanazawa_266_310_81_251.png,1
kanazawa_266_310_122_80.png,3
kanazawa_266_310_51_126.png,6
kanazawa_266_310_11_76.png,6
kanazawa_266_310_110_75.png,6
kanazawa_266_310_178_221.png,3
kanazawa_266_310_198_143.png,3
kanazawa_266_310_65_299.png,6
kanazawa_266_310_115_93.png,3
kanazawa_266_310_144_26.png,6
kanazawa_266_310_75_83.png,6
kanazawa_266_310_238_134.png,3
kanazawa_266_310_51_158.png,3
kanazawa_266_310_166_199.png,3
kanazawa_266_310_53_299.png,6
kanazawa_266_310_67_70.png,6
kanazawa_266_310_107_263.png,5
kanazawa_266_310_79_252.png,3
kanazawa_266_310_200_148.png,3
kanazawa_266_310_92_150.png,3
kanazawa_266_310_69_116.png,6
kanazawa_266_310_155_273.png,3
kanazawa_266_310_218_45.png,3
kanazawa_266_310_91_213.png,1
kanazawa_266_310_19_88.png,6
kanazawa_266_310_139_78.png,1
kanazawa_266_310_132_89.png,1
kanazawa_266_310_176_122.png,3
kanazawa_266_310_192_151.png,3
kanazawa_266_310_29_200.png,3
kanazawa_266_310_126_118.png,3
kanazawa_266_310_68_233.png,6
kanazawa_266_310_216_228.png,3
kanazawa_266_310_214_13.png,1
kanazawa_266_310_20_60.png,6
kanazawa_266_310_55_276.png,6
kanazawa_266_310_103_199.png,5
kanazawa_266_310_100_236.png,5
kanazawa_266_310_169_218.png,3
kanazawa_266_310_18_83.png,6
kanazawa_266_310_221_206.png,3
kanazawa_266_310_232_216.png,3
kanazawa_266_310_193_190.png,3
kanazawa_266_310_68_135.png,5
kanazawa_266_310_97_117.png,1
kanazawa_266_310_45_251.png,6
kanazawa_266_310_108_281.png,1
kanazawa_266_310_109_118.png,5
kanazawa_266_310_237_242.png,3
kanazawa_266_310_208_258.png,3
kanazawa_266_310_138_119.png,3
kanazawa_266_310_71_93.png,6
kanazawa_266_310_58_168.png,3
kanazawa_266_310_123_84.png,3
kanazawa_266_310_110_155.png,5
kanazawa_266_310_256_225.png,3
kanazawa_266_310_15_128.png,6
kanazawa_266_310_83_216.png,1
kanazawa_266_310_179_254.png,3
kanazawa_266_310_78_289.png,3
kanazawa_266_310_230_104.png,3
kanazawa_266_310_140_102.png,1
kanazawa_266_310_228_114.png,3
kanazawa_266_310_49_239.png,6
kanazawa_266_310_59_212.png,6
kanazawa_266_310_78_154.png,3
kanazawa_266_310_47_247.png,6
kanazawa_266_310_166_62.png,1
kanazawa_266_310_61_211.png,1
kanazawa_266_310_236_110.png,3
kanazawa_266_310_233_164.png,3
kanazawa_266_310_234_216.png,3
kanazawa_266_310_22_123.png,6
kanazawa_266_310_93_161.png,3
kanazawa_266_310_160_164.png,5
kanazawa_266_310_148_178.png,5
kanazawa_266_310_211_18.png,5
kanazawa_266_310_150_164.png,5
kanazawa_266_310_186_159.png,3
kanazawa_266_310_181_165.png,3
kanazawa_266_310_229_162.png,3
kanazawa_266_310_145_191.png,5
kanazawa_266_310_87_78.png,6
kanazawa_266_310_172_229.png,3
kanazawa_266_310_59_175.png,3
kanazawa_266_310_231_157.png,3
kanazawa_266_310_167_227.png,3
kanazawa_266_310_60_114.png,6
kanazawa_266_310_246_152.png,3
kanazawa_266_310_214_157.png,3
kanazawa_266_310_193_162.png,3
kanazawa_266_310_122_79.png,3
kanazawa_266_310_48_276.png,6
kanazawa_266_310_103_51.png,6
kanazawa_266_310_27_69.png,6
kanazawa_266_310_137_125.png,3
kanazawa_266_310_155_75.png,1
kanazawa_266_310_208_134.png,3
kanazawa_266_310_193_176.png,3
kanazawa_266_310_117_175.png,5
kanazawa_266_310_159_182.png,5
kanazawa_266_310_87_169.png,3
kanazawa_266_310_169_40.png,6
kanazawa_266_310_36_248.png,6
kanazawa_266_310_175_75.png,5
kanazawa_266_310_201_172.png,3
kanazawa_266_310_108_91.png,6
kanazawa_266_310_251_179.png,3
kanazawa_266_310_138_180.png,5
kanazawa_266_310_101_88.png,6
kanazawa_266_310_168_270.png,3
kanazawa_266_310_198_199.png,3
kanazawa_266_310_65_212.png,5
kanazawa_266_310_167_270.png,3
kanazawa_266_310_124_84.png,3
kanazawa_266_310_75_114.png,6
kanazawa_266_310_75_156.png,3
kanazawa_266_310_23_127.png,6
kanazawa_266_310_167_198.png,3
kanazawa_266_310_57_59.png,6
kanazawa_266_310_89_109.png,6
kanazawa_266_310_228_106.png,3
kanazawa_266_310_34_66.png,6
kanazawa_266_310_233_249.png,3
kanazawa_266_310_169_228.png,3
kanazawa_266_310_213_219.png,6
kanazawa_266_310_121_52.png,6
kanazawa_266_310_50_270.png,6
kanazawa_266_310_79_293.png,6
kanazawa_266_310_148_37.png,6
kanazawa_266_310_168_37.png,6
kanazawa_266_310_242_162.png,6
kanazawa_266_310_67_294.png,6
kanazawa_266_310_89_42.png,6
kanazawa_266_310_192_180.png,3
kanazawa_266_310_41_125.png,6
kanazawa_266_310_59_107.png,6
kanazawa_266_310_222_139.png,3
kanazawa_266_310_215_135.png,3
kanazawa_266_310_93_58.png,6
kanazawa_266_310_59_277.png,6
kanazawa_266_310_141_55.png,6
kanazawa_266_310_95_88.png,6
kanazawa_266_310_186_189.png,3
kanazawa_266_310_72_249.png,6
kanazawa_266_310_185_165.png,3
kanazawa_266_310_117_279.png,1
kanazawa_266_310_120_82.png,3
kanazawa_266_310_45_211.png,3
kanazawa_266_310_37_110.png,6
kanazawa_266_310_120_253.png,5
kanazawa_266_310_54_113.png,6
kanazawa_266_310_101_216.png,5
kanazawa_266_310_50_258.png,6
kanazawa_266_310_119_147.png,3
kanazawa_266_310_164_251.png,3
kanazawa_266_310_109_43.png,6
kanazawa_266_310_141_72.png,3
kanazawa_266_310_172_140.png,3
kanazawa_266_310_199_10.png,6
kanazawa_266_310_82_53.png,6
kanazawa_266_310_163_34.png,6
kanazawa_266_310_208_48.png,3
kanazawa_266_310_84_178.png,3
kanazawa_266_310_48_163.png,3
kanazawa_266_310_181_117.png,3
kanazawa_266_310_184_147.png,3
kanazawa_266_310_186_182.png,3
kanazawa_266_310_245_188.png,3
kanazawa_266_310_114_217.png,5
kanazawa_266_310_175_187.png,3
kanazawa_266_310_53_74.png,6
kanazawa_266_310_238_230.png,3
kanazawa_266_310_169_199.png,3
kanazawa_266_310_128_262.png,5
kanazawa_266_310_198_107.png,3
kanazawa_266_310_207_222.png,3
kanazawa_266_310_154_172.png,5
kanazawa_266_310_203_211.png,3
kanazawa_266_310_179_266.png,3
kanazawa_266_310_134_60.png,6
kanazawa_266_310_215_158.png,3
kanazawa_266_310_217_134.png,3
kanazawa_266_310_116_52.png,6
kanazawa_266_310_113_120.png,5
kanazawa_266_310_109_45.png,6
kanazawa_266_310_194_90.png,3
kanazawa_266_310_180_44.png,5
kanazawa_266_310_239_186.png,3
kanazawa_266_310_142_229.png,3
kanazawa_266_310_55_102.png,6
kanazawa_266_310_230_224.png,3
kanazawa_266_310_37_236.png,6
kanazawa_266_310_206_96.png,3
kanazawa_266_310_49_110.png,6
kanazawa_266_310_59_214.png,6
kanazawa_266_310_238_204.png,6
kanazawa_266_310_58_275.png,6
kanazawa_266_310_35_227.png,6
kanazawa_266_310_54_126.png,6
kanazawa_266_310_251_212.png,3
kanazawa_266_310_103_209.png,5
kanazawa_266_310_189_207.png,3
kanazawa_266_310_188_262.png,3
kanazawa_266_310_82_79.png,6
kanazawa_266_310_159_59.png,1
kanazawa_266_310_123_47.png,6
kanazawa_266_310_91_279.png,1
kanazawa_266_310_38_61.png,6
kanazawa_266_310_53_172.png,3
kanazawa_266_310_182_232.png,3
kanazawa_266_310_118_259.png,5
kanazawa_266_310_159_187.png,3
kanazawa_266_310_47_214.png,6
kanazawa_266_310_171_80.png,5
kanazawa_266_310_174_146.png,3
kanazawa_266_310_88_290.png,5
kanazawa_266_310_194_97.png,3
kanazawa_266_310_108_149.png,3
kanazawa_266_310_82_245.png,3
kanazawa_266_310_248_195.png,3
kanazawa_266_310_112_61.png,6
kanazawa_266_310_217_119.png,3
kanazawa_266_310_77_264.png,6
kanazawa_266_310_53_246.png,6
kanazawa_266_310_89_217.png,1
kanazawa_266_310_183_178.png,3
kanazawa_266_310_171_255.png,3
kanazawa_266_310_43_111.png,6
kanazawa_266_310_28_78.png,6
kanazawa_266_310_131_49.png,6
kanazawa_266_310_52_178.png,3
kanazawa_266_310_62_207.png,1
kanazawa_266_310_214_81.png,3
kanazawa_266_310_193_231.png,3
kanazawa_266_310_55_58.png,6
kanazawa_266_310_61_87.png,6
kanazawa_266_310_230_147.png,3
kanazawa_266_310_53_303.png,6
kanazawa_266_310_188_163.png,3
kanazawa_266_310_221_82.png,3
kanazawa_266_310_229_252.png,3
kanazawa_266_310_179_134.png,3
kanazawa_266_310_124_201.png,5
kanazawa_266_310_167_159.png,3
kanazawa_266_310_59_286.png,6
kanazawa_266_310_198_181.png,3
kanazawa_266_310_149_100.png,1
kanazawa_266_310_124_43.png,6
kanazawa_266_310_213_104.png,3
kanazawa_266_310_220_172.png,3
kanazawa_266_310_224_206.png,3
kanazawa_266_310_32_87.png,6
kanazawa_266_310_12_101.png,6
kanazawa_266_310_100_242.png,5
kanazawa_266_310_135_151.png,3
kanazawa_266_310_219_123.png,3
kanazawa_266_310_62_89.png,6
kanazawa_266_310_250_213.png,3
kanazawa_266_310_6_73.png,6
kanazawa_266_310_58_76.png,6
kanazawa_266_310_231_93.png,3
kanazawa_266_310_128_114.png,1
kanazawa_266_310_165_222.png,3
kanazawa_266_310_56_300.png,6
kanazawa_266_310_10_79.png,6
kanazawa_266_310_130_239.png,3
kanazawa_266_310_233_242.png,3
kanazawa_266_310_71_189.png,3
kanazawa_266_310_196_193.png,3
kanazawa_266_310_110_141.png,5
kanazawa_266_310_76_56.png,6
kanazawa_266_310_88_96.png,6
kanazawa_266_310_159_176.png,5
kanazawa_266_310_60_302.png,6
kanazawa_266_310_99_51.png,6
kanazawa_266_310_72_248.png,6
kanazawa_266_310_55_91.png,6
kanazawa_266_310_133_203.png,5
kanazawa_266_310_137_184.png,1
kanazawa_266_310_190_103.png,3
kanazawa_266_310_114_75.png,6
kanazawa_266_310_230_125.png,3
kanazawa_266_310_87_77.png,6
kanazawa_266_310_66_82.png,6
kanazawa_266_310_121_218.png,5
kanazawa_266_310_127_263.png,5
kanazawa_266_310_233_111.png,5
kanazawa_266_310_173_186.png,3
kanazawa_266_310_47_237.png,6
kanazawa_266_310_177_238.png,3
kanazawa_266_310_183_42.png,5
kanazawa_266_310_97_75.png,6
kanazawa_266_310_206_109.png,3
kanazawa_266_310_148_32.png,6
kanazawa_266_310_164_63.png,1
kanazawa_266_310_116_81.png,6
kanazawa_266_310_183_224.png,3
kanazawa_266_310_191_147.png,3
kanazawa_266_310_202_221.png,3
kanazawa_266_310_230_142.png,3
kanazawa_266_310_155_59.png,3
kanazawa_266_310_49_238.png,6
kanazawa_266_310_7_85.png,6
kanazawa_266_310_246_198.png,3
kanazawa_266_310_248_181.png,3
kanazawa_266_310_128_108.png,5
kanazawa_266_310_85_55.png,6
kanazawa_266_310_139_123.png,3
kanazawa_266_310_195_228.png,3
kanazawa_266_310_13_83.png,6
kanazawa_266_310_180_242.png,3
kanazawa_266_310_18_100.png,6
kanazawa_266_310_159_63.png,5
kanazawa_266_310_86_105.png,6
kanazawa_266_310_53_221.png,6
kanazawa_266_310_169_193.png,3
kanazawa_266_310_133_170.png,3
kanazawa_266_310_199_165.png,3
kanazawa_266_310_7_78.png,6
kanazawa_266_310_195_247.png,3
kanazawa_266_310_48_61.png,6
kanazawa_266_310_126_202.png,5
kanazawa_266_310_36_249.png,6
kanazawa_266_310_151_237.png,3
kanazawa_266_310_38_176.png,3
kanazawa_266_310_225_191.png,3
kanazawa_266_310_61_243.png,6
kanazawa_266_310_99_200.png,5
kanazawa_266_310_228_162.png,3
kanazawa_266_310_19_111.png,6
kanazawa_266_310_113_68.png,6
kanazawa_266_310_60_164.png,3
kanazawa_266_310_224_175.png,3
kanazawa_266_310_64_209.png,5
kanazawa_266_310_203_250.png,3
kanazawa_266_310_254_227.png,3
kanazawa_266_310_232_81.png,3
kanazawa_266_310_236_217.png,3
kanazawa_266_310_104_199.png,5
kanazawa_266_310_128_137.png,3
kanazawa_266_310_193_116.png,3
kanazawa_266_310_89_258.png,5
kanazawa_266_310_139_211.png,3
kanazawa_266_310_238_176.png,3
kanazawa_266_310_43_231.png,6
kanazawa_266_310_182_43.png,5
kanazawa_266_310_119_97.png,1
kanazawa_266_310_231_156.png,3
kanazawa_266_310_56_301.png,6
kanazawa_266_310_111_128.png,1
kanazawa_266_310_189_230.png,3
kanazawa_266_310_99_62.png,6
kanazawa_266_310_50_92.png,6
kanazawa_266_310_176_215.png,3
kanazawa_266_310_114_53.png,6
kanazawa_266_310_79_153.png,3
kanazawa_266_310_146_257.png,3
kanazawa_266_310_207_206.png,3
kanazawa_266_310_69_227.png,6
kanazawa_266_310_108_71.png,6
kanazawa_266_310_56_252.png,6
kanazawa_266_310_224_84.png,3
kanazawa_266_310_71_203.png,3
kanazawa_266_310_133_148.png,3
kanazawa_266_310_62_123.png,6
kanazawa_266_310_69_114.png,6
kanazawa_266_310_234_87.png,3
kanazawa_266_310_172_33.png,6
kanazawa_266_310_171_184.png,3
kanazawa_266_310_194_106.png,3
kanazawa_266_310_127_42.png,6
kanazawa_266_310_62_279.png,6
kanazawa_266_310_107_129.png,3
kanazawa_266_310_195_39.png,1
kanazawa_266_310_165_200.png,3
kanazawa_266_310_80_190.png,3
kanazawa_266_310_16_73.png,6
kanazawa_266_310_161_178.png,1
kanazawa_266_310_134_161.png,3
kanazawa_266_310_74_107.png,6
kanazawa_266_310_55_96.png,6
kanazawa_266_310_100_150.png,3
kanazawa_266_310_50_123.png,6
kanazawa_266_310_238_162.png,3
kanazawa_266_310_11_109.png,6
kanazawa_266_310_158_79.png,1
kanazawa_266_310_153_155.png,3
kanazawa_266_310_118_91.png,3
kanazawa_266_310_48_141.png,5
kanazawa_266_310_237_187.png,3
kanazawa_266_310_38_221.png,6
kanazawa_266_310_232_159.png,3
kanazawa_266_310_249_221.png,3
kanazawa_266_310_102_225.png,5
kanazawa_266_310_233_176.png,3
kanazawa_266_310_248_209.png,3
kanazawa_266_310_122_58.png,6
kanazawa_266_310_172_172.png,3
kanazawa_266_310_124_121.png,3
kanazawa_266_310_198_220.png,3
kanazawa_266_310_33_181.png,3
kanazawa_266_310_191_83.png,3
kanazawa_266_310_225_199.png,3
kanazawa_266_310_202_156.png,3
kanazawa_266_310_218_167.png,3
kanazawa_266_310_171_228.png,3
kanazawa_266_310_97_253.png,1
kanazawa_266_310_81_193.png,3
kanazawa_266_310_194_105.png,3
kanazawa_266_310_215_174.png,3
kanazawa_266_310_182_110.png,3
kanazawa_266_310_163_132.png,3
kanazawa_266_310_86_52.png,6
kanazawa_266_310_180_42.png,1
kanazawa_266_310_103_159.png,3
kanazawa_266_310_26_129.png,6
kanazawa_266_310_12_123.png,6
kanazawa_266_310_219_119.png,3
kanazawa_266_310_202_253.png,3
kanazawa_266_310_93_95.png,6
kanazawa_266_310_197_152.png,3
kanazawa_266_310_128_246.png,5
kanazawa_266_310_120_271.png,5
kanazawa_266_310_9_78.png,6
kanazawa_266_310_212_193.png,3
kanazawa_266_310_120_39.png,6
kanazawa_266_310_233_134.png,3
kanazawa_266_310_197_237.png,3
kanazawa_266_310_150_136.png,3
kanazawa_266_310_112_206.png,5
kanazawa_266_310_81_198.png,3
kanazawa_266_310_124_254.png,5
kanazawa_266_310_225_63.png,3
kanazawa_266_310_174_32.png,6
kanazawa_266_310_225_205.png,3
kanazawa_266_310_135_186.png,1
kanazawa_266_310_186_242.png,3
kanazawa_266_310_170_254.png,3
kanazawa_266_310_64_291.png,6
kanazawa_266_310_65_80.png,6
kanazawa_266_310_211_181.png,3
kanazawa_266_310_59_118.png,6
kanazawa_266_310_203_171.png,3
kanazawa_266_310_255_227.png,3
kanazawa_266_310_59_213.png,6
kanazawa_266_310_112_273.png,1
kanazawa_266_310_93_88.png,6
kanazawa_266_310_58_66.png,6
kanazawa_266_310_156_45.png,6
kanazawa_266_310_40_193.png,3
kanazawa_266_310_54_266.png,6
kanazawa_266_310_53_61.png,6
kanazawa_266_310_223_203.png,3
kanazawa_266_310_55_214.png,6
kanazawa_266_310_30_109.png,6
kanazawa_266_310_75_267.png,6
kanazawa_266_310_187_71.png,3
kanazawa_266_310_173_177.png,3
kanazawa_266_310_123_211.png,5
kanazawa_266_310_21_171.png,5
kanazawa_266_310_116_279.png,1
kanazawa_266_310_103_277.png,1
kanazawa_266_310_152_240.png,3
kanazawa_266_310_79_294.png,6
kanazawa_266_310_105_218.png,5
kanazawa_266_310_75_142.png,3
kanazawa_266_310_204_157.png,3
kanazawa_266_310_118_78.png,6
kanazawa_266_310_190_204.png,3
kanazawa_266_310_183_39.png,1
kanazawa_266_310_231_229.png,3
kanazawa_266_310_95_200.png,5
kanazawa_266_310_92_289.png,5
kanazawa_266_310_130_199.png,5
kanazawa_266_310_62_62.png,6
kanazawa_266_310_31_134.png,3
kanazawa_266_310_13_123.png,6
kanazawa_266_310_126_248.png,5
kanazawa_266_310_201_144.png,3
kanazawa_266_310_189_147.png,3
kanazawa_266_310_85_172.png,3
kanazawa_266_310_85_58.png,6
kanazawa_266_310_64_257.png,6
kanazawa_266_310_133_190.png,5
kanazawa_266_310_166_84.png,1
kanazawa_266_310_107_135.png,3
kanazawa_266_310_158_229.png,3
kanazawa_266_310_127_83.png,3
kanazawa_266_310_34_166.png,3
kanazawa_266_310_144_40.png,6
kanazawa_266_310_162_242.png,3
kanazawa_266_310_113_58.png,6
kanazawa_266_310_141_191.png,5
kanazawa_266_310_210_255.png,3
kanazawa_266_310_256_205.png,3
kanazawa_266_310_113_123.png,5
kanazawa_266_310_198_234.png,3
kanazawa_266_310_80_132.png,4
kanazawa_266_310_178_233.png,3
kanazawa_266_310_161_102.png,3
kanazawa_266_310_166_148.png,3
kanazawa_266_310_123_102.png,5
kanazawa_266_310_100_258.png,5
kanazawa_266_310_205_152.png,3
kanazawa_266_310_29_186.png,3
kanazawa_266_310_55_50.png,6
kanazawa_266_310_116_92.png,3
kanazawa_266_310_55_52.png,6
kanazawa_266_310_149_32.png,6
kanazawa_266_310_130_275.png,5
kanazawa_266_310_147_269.png,3
kanazawa_266_310_141_176.png,5
kanazawa_266_310_53_99.png,6
kanazawa_266_310_68_125.png,6
kanazawa_266_310_114_191.png,5
kanazawa_266_310_110_54.png,6
kanazawa_266_310_169_96.png,3
kanazawa_266_310_237_203.png,3
kanazawa_266_310_45_98.png,6
kanazawa_266_310_150_181.png,5
kanazawa_266_310_235_97.png,3
kanazawa_266_310_40_122.png,6
kanazawa_266_310_109_52.png,6
kanazawa_266_310_165_247.png,3
kanazawa_266_310_92_123.png,3
kanazawa_266_310_169_166.png,3
kanazawa_266_310_159_233.png,3
kanazawa_266_310_114_187.png,5
kanazawa_266_310_23_90.png,6
kanazawa_266_310_96_229.png,5
kanazawa_266_310_129_40.png,6
kanazawa_266_310_58_230.png,6
kanazawa_266_310_149_227.png,3
kanazawa_266_310_174_252.png,3
kanazawa_266_310_28_100.png,6
kanazawa_266_310_53_223.png,6
kanazawa_266_310_71_281.png,6
kanazawa_266_310_151_70.png,5
kanazawa_266_310_43_261.png,6
kanazawa_266_310_88_168.png,3
kanazawa_266_310_171_260.png,3
kanazawa_266_310_215_146.png,3
kanazawa_266_310_119_280.png,5
kanazawa_266_310_109_182.png,5
kanazawa_266_310_91_209.png,1
kanazawa_266_310_125_205.png,5
kanazawa_266_310_241_190.png,3
kanazawa_266_310_192_246.png,3
kanazawa_266_310_200_76.png,3
kanazawa_266_310_112_33.png,6
kanazawa_266_310_163_147.png,3
kanazawa_266_310_170_17.png,6
kanazawa_266_310_234_135.png,3
kanazawa_266_310_256_232.png,3
kanazawa_266_310_255_204.png,3
kanazawa_266_310_13_110.png,6
kanazawa_266_310_235_186.png,3
kanazawa_266_310_50_247.png,6
kanazawa_266_310_57_127.png,6
kanazawa_266_310_65_129.png,5
kanazawa_266_310_238_110.png,3
kanazawa_266_310_108_68.png,6
kanazawa_266_310_169_212.png,3
kanazawa_266_310_52_281.png,6
kanazawa_266_310_169_112.png,3
kanazawa_266_310_19_131.png,6
kanazawa_266_310_221_212.png,3
kanazawa_266_310_182_103.png,3
kanazawa_266_310_93_41.png,6
kanazawa_266_310_71_68.png,6
kanazawa_266_310_53_261.png,6
kanazawa_266_310_167_221.png,3
kanazawa_266_310_35_115.png,6
kanazawa_266_310_233_217.png,3
kanazawa_266_310_83_250.png,1
kanazawa_266_310_226_153.png,3
kanazawa_266_310_114_88.png,6
kanazawa_266_310_74_128.png,5
kanazawa_266_310_141_89.png,1
kanazawa_266_310_61_155.png,3
kanazawa_266_310_94_84.png,6
kanazawa_266_310_206_64.png,3
kanazawa_266_310_206_220.png,6
kanazawa_266_310_144_124.png,3
kanazawa_266_310_169_252.png,3
kanazawa_266_310_55_60.png,6
kanazawa_266_310_160_201.png,3
kanazawa_266_310_61_246.png,6
kanazawa_266_310_230_110.png,3
kanazawa_266_310_158_252.png,3
kanazawa_266_310_171_94.png,3
kanazawa_266_310_95_103.png,6
kanazawa_266_310_193_232.png,3
kanazawa_266_310_31_128.png,6
kanazawa_266_310_86_129.png,3
kanazawa_266_310_163_80.png,5
kanazawa_266_310_149_149.png,3
kanazawa_266_310_177_150.png,3
kanazawa_266_310_236_154.png,3
kanazawa_266_310_73_280.png,6
kanazawa_266_310_54_105.png,6
kanazawa_266_310_149_62.png,6
kanazawa_266_310_15_120.png,6
kanazawa_266_310_48_219.png,6
kanazawa_266_310_60_269.png,6
kanazawa_266_310_127_270.png,5
kanazawa_266_310_199_189.png,3
kanazawa_266_310_204_49.png,3
kanazawa_266_310_107_98.png,6
kanazawa_266_310_260_222.png,3
kanazawa_266_310_98_190.png,1
kanazawa_266_310_226_52.png,3
kanazawa_266_310_71_217.png,3
kanazawa_266_310_86_50.png,6
kanazawa_266_310_79_101.png,6
kanazawa_266_310_201_128.png,3
kanazawa_266_310_83_223.png,1
kanazawa_266_310_41_213.png,3
kanazawa_266_310_71_122.png,3
kanazawa_266_310_216_180.png,3
kanazawa_266_310_182_216.png,3
kanazawa_266_310_227_131.png,3
kanazawa_266_310_182_237.png,3
kanazawa_266_310_202_36.png,1
kanazawa_266_310_69_264.png,6
kanazawa_266_310_182_115.png,3
kanazawa_266_310_6_85.png,6
kanazawa_266_310_183_101.png,3
kanazawa_266_310_173_110.png,3
kanazawa_266_310_226_182.png,3
kanazawa_266_310_94_214.png,1
kanazawa_266_310_154_22.png,6
kanazawa_266_310_227_227.png,3
kanazawa_266_310_67_93.png,6
kanazawa_266_310_189_204.png,3
kanazawa_266_310_51_76.png,6
kanazawa_266_310_107_61.png,6
kanazawa_266_310_82_276.png,3
kanazawa_266_310_51_162.png,3
kanazawa_266_310_39_102.png,6
kanazawa_266_310_226_115.png,3
kanazawa_266_310_242_152.png,3
kanazawa_266_310_224_131.png,3
kanazawa_266_310_73_274.png,6
kanazawa_266_310_201_30.png,5
kanazawa_266_310_199_250.png,3
kanazawa_266_310_198_186.png,3
kanazawa_266_310_199_215.png,3
kanazawa_266_310_63_165.png,3
kanazawa_266_310_194_129.png,3
kanazawa_266_310_123_88.png,5
kanazawa_266_310_58_82.png,6
kanazawa_266_310_179_156.png,3
kanazawa_266_310_93_48.png,6
kanazawa_266_310_200_124.png,3
kanazawa_266_310_38_126.png,6
kanazawa_266_310_172_71.png,5
kanazawa_266_310_111_38.png,6
kanazawa_266_310_116_216.png,5
kanazawa_266_310_169_72.png,5
kanazawa_266_310_129_39.png,6
kanazawa_266_310_175_232.png,3
kanazawa_266_310_45_173.png,3
kanazawa_266_310_82_69.png,6
kanazawa_266_310_192_16.png,6
kanazawa_266_310_103_289.png,1
kanazawa_266_310_48_98.png,6
kanazawa_266_310_31_176.png,3
kanazawa_266_310_11_102.png,6
kanazawa_266_310_149_268.png,3
kanazawa_266_310_186_251.png,3
kanazawa_266_310_37_72.png,6
kanazawa_266_310_112_38.png,6
kanazawa_266_310_146_215.png,3
kanazawa_266_310_211_245.png,3
kanazawa_266_310_177_211.png,3
kanazawa_266_310_220_96.png,3
kanazawa_266_310_185_183.png,3
kanazawa_266_310_118_194.png,5
kanazawa_266_310_9_85.png,6
kanazawa_266_310_78_266.png,6
kanazawa_266_310_134_56.png,6
kanazawa_266_310_40_80.png,6
kanazawa_266_310_184_29.png,6
kanazawa_266_310_89_62.png,6
kanazawa_266_310_61_140.png,3
kanazawa_266_310_62_220.png,6
kanazawa_266_310_224_210.png,3
kanazawa_266_310_245_190.png,3
kanazawa_266_310_37_62.png,6
kanazawa_266_310_221_184.png,3
kanazawa_266_310_208_203.png,3
kanazawa_266_310_37_100.png,6
kanazawa_266_310_20_81.png,6
kanazawa_266_310_158_186.png,5
kanazawa_266_310_174_256.png,3
kanazawa_266_310_200_253.png,3
kanazawa_266_310_116_94.png,3
kanazawa_266_310_134_108.png,1
kanazawa_266_310_113_194.png,5
kanazawa_266_310_75_87.png,6
kanazawa_266_310_163_264.png,3
kanazawa_266_310_117_140.png,3
kanazawa_266_310_49_248.png,6
kanazawa_266_310_97_55.png,6
kanazawa_266_310_52_302.png,6
kanazawa_266_310_74_120.png,6
kanazawa_266_310_195_194.png,3
kanazawa_266_310_15_70.png,6
kanazawa_266_310_74_220.png,3
kanazawa_266_310_109_282.png,1
kanazawa_266_310_210_175.png,3
kanazawa_266_310_49_79.png,6
kanazawa_266_310_100_50.png,6
kanazawa_266_310_69_49.png,6
kanazawa_266_310_109_90.png,6
kanazawa_266_310_191_50.png,5
kanazawa_266_310_61_125.png,6
kanazawa_266_310_108_128.png,3
kanazawa_266_310_138_80.png,1
kanazawa_266_310_126_79.png,3
kanazawa_266_310_116_195.png,5
kanazawa_266_310_47_97.png,6
kanazawa_266_310_209_180.png,3
kanazawa_266_310_17_92.png,6
kanazawa_266_310_30_83.png,6
kanazawa_266_310_147_46.png,6
kanazawa_266_310_77_290.png,6
kanazawa_266_310_153_241.png,3
kanazawa_266_310_212_121.png,3
kanazawa_266_310_205_220.png,3
kanazawa_266_310_93_53.png,6
kanazawa_266_310_83_87.png,6
kanazawa_266_310_46_102.png,6
kanazawa_266_310_181_17.png,6
kanazawa_266_310_202_120.png,3
kanazawa_266_310_22_111.png,6
kanazawa_266_310_189_153.png,3
kanazawa_266_310_55_197.png,5
kanazawa_266_310_206_174.png,3
kanazawa_266_310_143_256.png,3
kanazawa_266_310_64_270.png,6
kanazawa_266_310_195_114.png,3
kanazawa_266_310_121_237.png,3
kanazawa_266_310_78_103.png,6
kanazawa_266_310_28_101.png,6
kanazawa_266_310_119_199.png,5
kanazawa_266_310_226_224.png,3
kanazawa_266_310_242_157.png,3
kanazawa_266_310_219_136.png,3
kanazawa_266_310_82_98.png,6
kanazawa_266_310_188_103.png,3
kanazawa_266_310_174_239.png,3
kanazawa_266_310_181_141.png,3
kanazawa_266_310_157_115.png,3
kanazawa_266_310_166_248.png,3
kanazawa_266_310_193_248.png,3
kanazawa_266_310_176_96.png,3
kanazawa_266_310_80_217.png,1
kanazawa_266_310_242_141.png,3
kanazawa_266_310_171_263.png,3
kanazawa_266_310_132_202.png,5
kanazawa_266_310_169_165.png,3
kanazawa_266_310_12_79.png,6
kanazawa_266_310_203_24.png,5
kanazawa_266_310_117_64.png,6
kanazawa_266_310_93_286.png,5
kanazawa_266_310_34_177.png,3
kanazawa_266_310_182_127.png,3
kanazawa_266_310_210_50.png,3
kanazawa_266_310_115_89.png,6
kanazawa_266_310_47_158.png,3
kanazawa_266_310_217_44.png,3
kanazawa_266_310_222_133.png,3
kanazawa_266_310_137_158.png,3
kanazawa_266_310_187_103.png,3
kanazawa_266_310_71_57.png,6
kanazawa_266_310_113_264.png,1
kanazawa_266_310_21_66.png,6
kanazawa_266_310_160_239.png,3
kanazawa_266_310_142_43.png,6
kanazawa_266_310_36_59.png,6
kanazawa_266_310_221_116.png,3
kanazawa_266_310_49_256.png,6
kanazawa_266_310_22_108.png,6
kanazawa_266_310_63_216.png,3
kanazawa_266_310_123_136.png,3
kanazawa_266_310_175_131.png,3
kanazawa_266_310_154_188.png,5
kanazawa_266_310_147_180.png,5
kanazawa_266_310_106_89.png,6
kanazawa_266_310_56_118.png,6
kanazawa_266_310_45_80.png,6
kanazawa_266_310_239_139.png,3
kanazawa_266_310_188_204.png,3
kanazawa_266_310_126_102.png,5
kanazawa_266_310_41_89.png,6
kanazawa_266_310_175_16.png,6
kanazawa_266_310_28_99.png,6
kanazawa_266_310_185_185.png,3
kanazawa_266_310_34_179.png,3
kanazawa_266_310_215_251.png,3
kanazawa_266_310_188_85.png,3
kanazawa_266_310_147_23.png,6
kanazawa_266_310_71_105.png,6
kanazawa_266_310_115_42.png,6
kanazawa_266_310_131_218.png,3
kanazawa_266_310_126_72.png,6
kanazawa_266_310_54_94.png,6
kanazawa_266_310_136_125.png,3
kanazawa_266_310_74_169.png,3
kanazawa_266_310_142_63.png,3
kanazawa_266_310_126_75.png,3
kanazawa_266_310_239_168.png,3
kanazawa_266_310_87_110.png,6
kanazawa_266_310_49_61.png,6
kanazawa_266_310_29_83.png,6
kanazawa_266_310_217_24.png,5
kanazawa_266_310_67_61.png,6
kanazawa_266_310_181_158.png,3
kanazawa_266_310_79_155.png,3
kanazawa_266_310_22_132.png,3
kanazawa_266_310_159_183.png,5
kanazawa_266_310_30_213.png,3
kanazawa_266_310_157_160.png,5
kanazawa_266_310_72_236.png,6
kanazawa_266_310_60_257.png,6
kanazawa_266_310_181_77.png,3
kanazawa_266_310_111_252.png,5
kanazawa_266_310_200_229.png,3
kanazawa_266_310_97_136.png,3
kanazawa_266_310_43_117.png,6
kanazawa_266_310_186_27.png,6
kanazawa_266_310_230_132.png,3
kanazawa_266_310_136_177.png,5
kanazawa_266_310_90_52.png,6
kanazawa_266_310_38_90.png,6
kanazawa_266_310_61_108.png,6
kanazawa_266_310_150_47.png,6
kanazawa_266_310_123_117.png,5
kanazawa_266_310_146_206.png,3
kanazawa_266_310_247_202.png,3
kanazawa_266_310_192_117.png,3
kanazawa_266_310_222_131.png,3
kanazawa_266_310_228_139.png,3
kanazawa_266_310_65_115.png,6
kanazawa_266_310_167_51.png,1
kanazawa_266_310_173_164.png,3
kanazawa_266_310_65_99.png,6
kanazawa_266_310_22_128.png,6
kanazawa_266_310_176_241.png,3
kanazawa_266_310_224_85.png,3
kanazawa_266_310_119_176.png,5
kanazawa_266_310_251_215.png,3
kanazawa_266_310_238_198.png,3
kanazawa_266_310_210_44.png,3
kanazawa_266_310_226_167.png,3
kanazawa_266_310_156_120.png,3
kanazawa_266_310_191_217.png,3
kanazawa_266_310_121_178.png,5
kanazawa_266_310_136_32.png,6
kanazawa_266_310_162_81.png,5
kanazawa_266_310_51_133.png,3
kanazawa_266_310_124_63.png,6
kanazawa_266_310_54_262.png,6
kanazawa_266_310_21_83.png,6
kanazawa_266_310_240_213.png,3
kanazawa_266_310_86_222.png,1
kanazawa_266_310_236_240.png,3
kanazawa_266_310_176_141.png,3
kanazawa_266_310_69_157.png,3
kanazawa_266_310_177_227.png,3
kanazawa_266_310_92_59.png,6
kanazawa_266_310_154_88.png,1
kanazawa_266_310_152_121.png,3
kanazawa_266_310_218_103.png,3
kanazawa_266_310_152_54.png,3
kanazawa_266_310_123_58.png,6
kanazawa_266_310_232_249.png,3
kanazawa_266_310_135_69.png,6
kanazawa_266_310_248_226.png,3
kanazawa_266_310_122_110.png,5
kanazawa_266_310_45_154.png,3
kanazawa_266_310_211_190.png,3
kanazawa_266_310_220_116.png,3
kanazawa_266_310_63_137.png,5
kanazawa_266_310_38_203.png,3
kanazawa_266_310_142_239.png,3
kanazawa_266_310_221_135.png,3
kanazawa_266_310_165_235.png,3
kanazawa_266_310_113_71.png,6
kanazawa_266_310_128_206.png,5
kanazawa_266_310_160_42.png,6
kanazawa_266_310_204_97.png,3
kanazawa_266_310_41_90.png,6
kanazawa_266_310_61_114.png,6
kanazawa_266_310_142_221.png,3
kanazawa_266_310_133_42.png,6
kanazawa_266_310_143_102.png,1
kanazawa_266_310_185_131.png,3
kanazawa_266_310_103_45.png,6
kanazawa_266_310_92_77.png,6
kanazawa_266_310_197_206.png,3
kanazawa_266_310_25_145.png,5
kanazawa_266_310_136_195.png,5
kanazawa_266_310_102_121.png,5
kanazawa_266_310_187_209.png,3
kanazawa_266_310_199_235.png,3
kanazawa_266_310_194_212.png,3
kanazawa_266_310_53_258.png,6
kanazawa_266_310_88_113.png,3
kanazawa_266_310_71_273.png,6
kanazawa_266_310_161_24.png,6
kanazawa_266_310_248_213.png,3
kanazawa_266_310_68_84.png,6
kanazawa_266_310_192_149.png,3
kanazawa_266_310_49_254.png,6
kanazawa_266_310_138_49.png,6
kanazawa_266_310_107_225.png,3
kanazawa_266_310_43_159.png,3
kanazawa_266_310_97_202.png,5
kanazawa_266_310_122_109.png,5
kanazawa_266_310_100_264.png,1
kanazawa_266_310_220_111.png,3
kanazawa_266_310_79_73.png,6
kanazawa_266_310_96_216.png,5
kanazawa_266_310_140_27.png,6
kanazawa_266_310_140_177.png,5
kanazawa_266_310_94_82.png,6
kanazawa_266_310_245_143.png,3
kanazawa_266_310_107_77.png,6
kanazawa_266_310_62_73.png,6
kanazawa_266_310_73_158.png,3
kanazawa_266_310_109_275.png,1
kanazawa_266_310_16_128.png,6
kanazawa_266_310_215_163.png,3
kanazawa_266_310_98_208.png,5
kanazawa_266_310_208_133.png,3
kanazawa_266_310_60_111.png,6
kanazawa_266_310_78_100.png,6
kanazawa_266_310_153_205.png,3
kanazawa_266_310_191_20.png,6
kanazawa_266_310_81_95.png,6
kanazawa_266_310_203_133.png,3
kanazawa_266_310_171_67.png,5
kanazawa_266_310_67_94.png,6
kanazawa_266_310_88_90.png,6
kanazawa_266_310_105_45.png,6
kanazawa_266_310_72_170.png,3
kanazawa_266_310_98_58.png,6
kanazawa_266_310_56_218.png,6
kanazawa_266_310_66_241.png,6
kanazawa_266_310_38_165.png,3
kanazawa_266_310_99_113.png,5
kanazawa_266_310_254_231.png,3
kanazawa_266_310_152_256.png,3
kanazawa_266_310_241_219.png,3
kanazawa_266_310_54_237.png,6
kanazawa_266_310_234_122.png,3
kanazawa_266_310_159_241.png,3
kanazawa_266_310_148_147.png,3
kanazawa_266_310_6_79.png,6
kanazawa_266_310_76_103.png,6
kanazawa_266_310_117_53.png,6
kanazawa_266_310_47_192.png,3
kanazawa_266_310_150_229.png,3
kanazawa_266_310_206_245.png,3
kanazawa_266_310_78_88.png,6
kanazawa_266_310_101_180.png,5
kanazawa_266_310_186_253.png,3
kanazawa_266_310_47_227.png,6
kanazawa_266_310_154_253.png,3
kanazawa_266_310_50_162.png,3
kanazawa_266_310_106_245.png,5
kanazawa_266_310_70_185.png,3
kanazawa_266_310_126_33.png,6
kanazawa_266_310_76_117.png,6
kanazawa_266_310_56_249.png,6
kanazawa_266_310_58_87.png,6
kanazawa_266_310_88_109.png,6
kanazawa_266_310_159_40.png,6
kanazawa_266_310_234_236.png,3
kanazawa_266_310_147_231.png,3
kanazawa_266_310_206_256.png,3
kanazawa_266_310_207_116.png,3
kanazawa_266_310_104_38.png,6
kanazawa_266_310_186_185.png,3
kanazawa_266_310_125_68.png,6
kanazawa_266_310_42_100.png,6
kanazawa_266_310_237_174.png,3
kanazawa_266_310_79_264.png,6
kanazawa_266_310_136_128.png,3
kanazawa_266_310_236_152.png,3
kanazawa_266_310_139_97.png,1
kanazawa_266_310_210_124.png,3
kanazawa_266_310_187_225.png,3
kanazawa_266_310_181_246.png,3
kanazawa_266_310_149_241.png,3
kanazawa_266_310_239_123.png,3
kanazawa_266_310_74_253.png,6
kanazawa_266_310_83_116.png,3
kanazawa_266_310_65_265.png,6
kanazawa_266_310_167_27.png,6
kanazawa_266_310_137_79.png,1
kanazawa_266_310_48_290.png,6
kanazawa_266_310_224_146.png,3
kanazawa_266_310_55_116.png,6
kanazawa_266_310_60_74.png,6
kanazawa_266_310_174_28.png,6
kanazawa_266_310_182_128.png,3
kanazawa_266_310_161_36.png,6
kanazawa_266_310_222_211.png,3
kanazawa_266_310_134_75.png,3
kanazawa_266_310_144_141.png,3
kanazawa_266_310_201_86.png,5
kanazawa_266_310_205_251.png,3
kanazawa_266_310_169_43.png,3
kanazawa_266_310_57_240.png,6
kanazawa_266_310_13_121.png,6
kanazawa_266_310_68_177.png,3
kanazawa_266_310_102_101.png,6
kanazawa_266_310_190_118.png,3
kanazawa_266_310_173_213.png,3
kanazawa_266_310_138_43.png,6
kanazawa_266_310_92_265.png,5
kanazawa_266_310_66_75.png,6
kanazawa_266_310_39_161.png,3
kanazawa_266_310_81_73.png,6
kanazawa_266_310_56_127.png,6
kanazawa_266_310_81_109.png,6
kanazawa_266_310_58_265.png,6
kanazawa_266_310_19_81.png,6
kanazawa_266_310_134_33.png,6
kanazawa_266_310_124_221.png,3
kanazawa_266_310_139_79.png,1
kanazawa_266_310_207_140.png,3
kanazawa_266_310_232_128.png,3
kanazawa_266_310_225_56.png,3
kanazawa_266_310_127_173.png,5
kanazawa_266_310_37_154.png,5
kanazawa_266_310_162_130.png,3
kanazawa_266_310_151_144.png,3
kanazawa_266_310_90_252.png,5
kanazawa_266_310_52_80.png,6
kanazawa_266_310_217_224.png,3
kanazawa_266_310_165_85.png,5
kanazawa_266_310_156_187.png,5
kanazawa_266_310_223_133.png,3
kanazawa_266_310_173_245.png,3
kanazawa_266_310_212_239.png,3
kanazawa_266_310_72_276.png,6
kanazawa_266_310_239_170.png,3
kanazawa_266_310_24_74.png,6
kanazawa_266_310_88_45.png,6
kanazawa_266_310_190_86.png,3
kanazawa_266_310_208_219.png,3
kanazawa_266_310_44_98.png,6
kanazawa_266_310_134_82.png,1
kanazawa_266_310_196_39.png,1
kanazawa_266_310_100_73.png,6
kanazawa_266_310_150_45.png,6
kanazawa_266_310_117_78.png,6
kanazawa_266_310_245_150.png,3
kanazawa_266_310_139_36.png,6
kanazawa_266_310_195_17.png,6
kanazawa_266_310_39_118.png,6
kanazawa_266_310_156_71.png,1
kanazawa_266_310_99_98.png,6
kanazawa_266_310_164_212.png,3
kanazawa_266_310_253_210.png,3
kanazawa_266_310_135_65.png,3
kanazawa_266_310_220_249.png,3
kanazawa_266_310_192_164.png,3
kanazawa_266_310_130_138.png,3
kanazawa_266_310_223_210.png,3
kanazawa_266_310_222_56.png,3
kanazawa_266_310_114_186.png,5
kanazawa_266_310_209_206.png,3
kanazawa_266_310_20_63.png,6
kanazawa_266_310_61_256.png,6
kanazawa_266_310_194_251.png,3
kanazawa_266_310_159_271.png,3
kanazawa_266_310_76_234.png,1
kanazawa_266_310_102_189.png,5
kanazawa_266_310_50_254.png,6
kanazawa_266_310_217_245.png,3
kanazawa_266_310_182_111.png,3
kanazawa_266_310_92_202.png,5
kanazawa_266_310_97_223.png,5
kanazawa_266_310_168_34.png,6
kanazawa_266_310_99_255.png,5
kanazawa_266_310_166_214.png,3
kanazawa_266_310_169_52.png,1
kanazawa_266_310_173_221.png,3
kanazawa_266_310_101_158.png,3
kanazawa_266_310_156_25.png,6
kanazawa_266_310_83_188.png,3
kanazawa_266_310_205_142.png,3
kanazawa_266_310_84_95.png,6
kanazawa_266_310_213_183.png,3
kanazawa_266_310_94_204.png,5
kanazawa_266_310_116_55.png,6
kanazawa_266_310_30_73.png,6
kanazawa_266_310_69_283.png,6
kanazawa_266_310_65_119.png,6
kanazawa_266_310_165_20.png,6
kanazawa_266_310_50_226.png,6
kanazawa_266_310_84_166.png,3
kanazawa_266_310_193_129.png,3
kanazawa_266_310_217_247.png,3
kanazawa_266_310_104_99.png,6
kanazawa_266_310_213_68.png,3
kanazawa_266_310_57_80.png,6
kanazawa_266_310_71_245.png,6
kanazawa_266_310_84_110.png,6
kanazawa_266_310_241_136.png,3
kanazawa_266_310_159_179.png,1
kanazawa_266_310_142_224.png,3
kanazawa_266_310_201_94.png,3
kanazawa_266_310_256_214.png,3
kanazawa_266_310_86_111.png,6
kanazawa_266_310_104_193.png,5
kanazawa_266_310_186_236.png,3
kanazawa_266_310_147_122.png,3
kanazawa_266_310_220_163.png,3
kanazawa_266_310_28_97.png,6
kanazawa_266_310_192_113.png,3
kanazawa_266_310_164_60.png,5
kanazawa_266_310_94_149.png,3
kanazawa_266_310_21_108.png,6
kanazawa_266_310_156_256.png,3
kanazawa_266_310_198_200.png,3
kanazawa_266_310_215_51.png,3
kanazawa_266_310_155_223.png,3
kanazawa_266_310_187_138.png,3
kanazawa_266_310_192_156.png,3
kanazawa_266_310_2_65.png,6
kanazawa_266_310_62_83.png,6
kanazawa_266_310_182_155.png,3
kanazawa_266_310_116_93.png,3
kanazawa_266_310_131_54.png,6
kanazawa_266_310_222_90.png,3
kanazawa_266_310_158_183.png,5
kanazawa_266_310_143_146.png,3
kanazawa_266_310_122_216.png,5
kanazawa_266_310_29_101.png,6
kanazawa_266_310_211_171.png,3
kanazawa_266_310_129_77.png,3
kanazawa_266_310_31_69.png,6
kanazawa_266_310_46_142.png,5
kanazawa_266_310_168_161.png,3
kanazawa_266_310_41_54.png,6
kanazawa_266_310_226_204.png,3
kanazawa_266_310_166_104.png,3
kanazawa_266_310_122_104.png,1
kanazawa_266_310_160_198.png,3
kanazawa_266_310_29_59.png,6
kanazawa_266_310_242_160.png,6
kanazawa_266_310_222_128.png,3
kanazawa_266_310_217_156.png,3
kanazawa_266_310_28_74.png,6
kanazawa_266_310_140_64.png,6
kanazawa_266_310_127_82.png,3
kanazawa_266_310_198_152.png,3
kanazawa_266_310_93_51.png,6
kanazawa_266_310_25_168.png,5
kanazawa_266_310_61_267.png,6
kanazawa_266_310_212_75.png,3
kanazawa_266_310_184_201.png,3
kanazawa_266_310_127_197.png,5
kanazawa_266_310_71_248.png,6
kanazawa_266_310_137_46.png,6
kanazawa_266_310_169_267.png,3
kanazawa_266_310_197_82.png,3
kanazawa_266_310_190_174.png,3
kanazawa_266_310_69_206.png,3
kanazawa_266_310_235_174.png,3
kanazawa_266_310_43_79.png,6
kanazawa_266_310_138_28.png,6
kanazawa_266_310_56_256.png,6
kanazawa_266_310_70_268.png,6
kanazawa_266_310_88_205.png,1
kanazawa_266_310_61_245.png,6
kanazawa_266_310_115_280.png,1
kanazawa_266_310_182_212.png,3
kanazawa_266_310_70_245.png,6
kanazawa_266_310_139_68.png,3
kanazawa_266_310_220_57.png,3
kanazawa_266_310_134_212.png,3
kanazawa_266_310_28_184.png,3
kanazawa_266_310_29_127.png,6
kanazawa_266_310_131_251.png,5
kanazawa_266_310_96_218.png,5
kanazawa_266_310_242_165.png,5
kanazawa_266_310_188_171.png,3
kanazawa_266_310_69_82.png,6
kanazawa_266_310_198_9.png,6
kanazawa_266_310_260_227.png,3
kanazawa_266_310_190_228.png,3
kanazawa_266_310_175_130.png,3
kanazawa_266_310_69_228.png,6
kanazawa_266_310_131_95.png,1
kanazawa_266_310_78_106.png,6
kanazawa_266_310_219_68.png,3
kanazawa_266_310_59_127.png,3
kanazawa_266_310_16_133.png,3
kanazawa_266_310_90_158.png,3
kanazawa_266_310_167_89.png,5
kanazawa_266_310_50_273.png,6
kanazawa_266_310_75_213.png,3
kanazawa_266_310_69_221.png,3
kanazawa_266_310_145_199.png,1
kanazawa_266_310_151_273.png,3
kanazawa_266_310_118_177.png,5
kanazawa_266_310_66_117.png,6
kanazawa_266_310_51_167.png,3
kanazawa_266_310_67_255.png,6
kanazawa_266_310_154_91.png,1
kanazawa_266_310_79_290.png,3
kanazawa_266_310_243_243.png,3
kanazawa_266_310_142_34.png,6
kanazawa_266_310_260_234.png,3
kanazawa_266_310_47_147.png,5
kanazawa_266_310_166_247.png,3
kanazawa_266_310_180_171.png,3
kanazawa_266_310_233_85.png,3
kanazawa_266_310_163_133.png,3
kanazawa_266_310_41_238.png,6
kanazawa_266_310_167_189.png,3
kanazawa_266_310_170_24.png,6
kanazawa_266_310_138_103.png,1
kanazawa_266_310_37_249.png,6
kanazawa_266_310_157_195.png,3
kanazawa_266_310_240_190.png,3
kanazawa_266_310_72_87.png,6
kanazawa_266_310_244_147.png,3
kanazawa_266_310_193_142.png,3
kanazawa_266_310_229_237.png,3
kanazawa_266_310_153_147.png,3
kanazawa_266_310_182_262.png,3
kanazawa_266_310_56_54.png,6
kanazawa_266_310_89_59.png,6
kanazawa_266_310_209_128.png,3
kanazawa_266_310_29_98.png,6
kanazawa_266_310_77_271.png,6
kanazawa_266_310_120_40.png,6
kanazawa_266_310_152_206.png,3
kanazawa_266_310_231_112.png,3
kanazawa_266_310_52_103.png,6
kanazawa_266_310_167_39.png,6
kanazawa_266_310_227_69.png,3
kanazawa_266_310_169_216.png,3
kanazawa_266_310_73_298.png,6
kanazawa_266_310_237_197.png,3
kanazawa_266_310_53_280.png,6
kanazawa_266_310_196_94.png,3
kanazawa_266_310_248_211.png,3
kanazawa_266_310_87_139.png,3
kanazawa_266_310_229_217.png,3
kanazawa_266_310_228_209.png,3
kanazawa_266_310_107_279.png,1
kanazawa_266_310_251_200.png,3
kanazawa_266_310_68_263.png,6
kanazawa_266_310_153_90.png,1
kanazawa_266_310_72_254.png,6
kanazawa_266_310_45_267.png,6
kanazawa_266_310_114_54.png,6
kanazawa_266_310_180_141.png,3
kanazawa_266_310_55_66.png,6
kanazawa_266_310_62_267.png,6
kanazawa_266_310_122_45.png,6
kanazawa_266_310_215_88.png,3
kanazawa_266_310_77_112.png,6
kanazawa_266_310_175_26.png,6
kanazawa_266_310_75_219.png,3
kanazawa_266_310_122_33.png,6
kanazawa_266_310_127_145.png,3
kanazawa_266_310_237_248.png,3
kanazawa_266_310_60_125.png,6
kanazawa_266_310_167_92.png,3
kanazawa_266_310_235_229.png,3
kanazawa_266_310_198_239.png,3
kanazawa_266_310_257_218.png,3
kanazawa_266_310_127_58.png,6
kanazawa_266_310_104_278.png,1
kanazawa_266_310_91_260.png,5
kanazawa_266_310_96_241.png,1
kanazawa_266_310_83_247.png,3
kanazawa_266_310_59_61.png,6
kanazawa_266_310_107_179.png,5
kanazawa_266_310_220_84.png,3
kanazawa_266_310_230_84.png,3
kanazawa_266_310_86_104.png,6
kanazawa_266_310_118_251.png,5
kanazawa_266_310_33_76.png,6
kanazawa_266_310_100_136.png,3
kanazawa_266_310_46_144.png,5
kanazawa_266_310_12_66.png,6
kanazawa_266_310_103_91.png,6
kanazawa_266_310_147_182.png,5
kanazawa_266_310_40_228.png,6
kanazawa_266_310_46_296.png,6
kanazawa_266_310_242_210.png,3
kanazawa_266_310_91_122.png,3
kanazawa_266_310_168_211.png,3
kanazawa_266_310_230_239.png,3
kanazawa_266_310_80_77.png,6
kanazawa_266_310_186_259.png,3
kanazawa_266_310_246_212.png,3
kanazawa_266_310_214_71.png,3
kanazawa_266_310_66_237.png,6
kanazawa_266_310_129_196.png,5
kanazawa_266_310_81_101.png,6
kanazawa_266_310_29_130.png,6
kanazawa_266_310_142_120.png,3
kanazawa_266_310_185_15.png,6
kanazawa_266_310_152_93.png,1
kanazawa_266_310_76_168.png,3
kanazawa_266_310_214_206.png,3
kanazawa_266_310_167_209.png,3
kanazawa_266_310_67_217.png,5
kanazawa_266_310_97_114.png,1
kanazawa_266_310_132_262.png,5
kanazawa_266_310_231_184.png,3
kanazawa_266_310_102_155.png,3
kanazawa_266_310_237_169.png,3
kanazawa_266_310_181_260.png,3
kanazawa_266_310_153_190.png,5
kanazawa_266_310_161_241.png,3
kanazawa_266_310_236_207.png,3
kanazawa_266_310_236_167.png,3
kanazawa_266_310_97_235.png,5
kanazawa_266_310_112_73.png,6
kanazawa_266_310_17_64.png,6
kanazawa_266_310_171_146.png,3
kanazawa_266_310_85_53.png,6
kanazawa_266_310_181_176.png,3
kanazawa_266_310_83_139.png,3
kanazawa_266_310_82_188.png,3
kanazawa_266_310_196_200.png,3
kanazawa_266_310_133_161.png,3
kanazawa_266_310_89_86.png,6
kanazawa_266_310_249_190.png,3
kanazawa_266_310_158_212.png,3
kanazawa_266_310_97_234.png,5
kanazawa_266_310_23_133.png,3
kanazawa_266_310_160_142.png,3
kanazawa_266_310_162_23.png,6
kanazawa_266_310_85_70.png,6
kanazawa_266_310_75_55.png,6
kanazawa_266_310_39_162.png,3
kanazawa_266_310_150_30.png,6
kanazawa_266_310_85_175.png,3
kanazawa_266_310_210_233.png,3
kanazawa_266_310_66_147.png,3
kanazawa_266_310_188_51.png,5
kanazawa_266_310_58_152.png,3
kanazawa_266_310_201_238.png,3
kanazawa_266_310_221_115.png,3
kanazawa_266_310_91_63.png,6
kanazawa_266_310_64_47.png,6
kanazawa_266_310_60_75.png,6
kanazawa_266_310_137_77.png,3
kanazawa_266_310_120_106.png,3
kanazawa_266_310_186_90.png,3
kanazawa_266_310_113_97.png,3
kanazawa_266_310_129_92.png,3
kanazawa_266_310_149_238.png,3
kanazawa_266_310_57_88.png,6
kanazawa_266_310_68_119.png,6
kanazawa_266_310_172_226.png,3
kanazawa_266_310_41_185.png,3
kanazawa_266_310_52_287.png,6
kanazawa_266_310_182_120.png,3
kanazawa_266_310_232_109.png,3
kanazawa_266_310_67_109.png,6
kanazawa_266_310_55_234.png,6
kanazawa_266_310_182_227.png,3
kanazawa_266_310_103_94.png,6
kanazawa_266_310_198_30.png,5
kanazawa_266_310_166_242.png,3
kanazawa_266_310_29_166.png,5
kanazawa_266_310_237_228.png,3
kanazawa_266_310_241_184.png,3
kanazawa_266_310_208_112.png,3
kanazawa_266_310_226_212.png,3
kanazawa_266_310_230_197.png,3
kanazawa_266_310_97_241.png,1
kanazawa_266_310_225_207.png,3
kanazawa_266_310_69_148.png,3
kanazawa_266_310_229_83.png,3
kanazawa_266_310_35_142.png,5
kanazawa_266_310_198_37.png,1
kanazawa_266_310_127_277.png,5
kanazawa_266_310_82_165.png,3
kanazawa_266_310_213_182.png,3
kanazawa_266_310_44_250.png,6
kanazawa_266_310_140_277.png,5
kanazawa_266_310_89_211.png,1
kanazawa_266_310_230_126.png,3
kanazawa_266_310_134_202.png,5
kanazawa_266_310_83_213.png,1
kanazawa_266_310_75_180.png,3
kanazawa_266_310_196_88.png,3
kanazawa_266_310_58_270.png,6
kanazawa_266_310_44_73.png,6
kanazawa_266_310_86_74.png,6
kanazawa_266_310_93_229.png,1
kanazawa_266_310_138_176.png,5
kanazawa_266_310_83_272.png,3
kanazawa_266_310_183_225.png,3
kanazawa_266_310_51_290.png,6
kanazawa_266_310_216_143.png,3
kanazawa_266_310_129_268.png,5
kanazawa_266_310_35_245.png,6
kanazawa_266_310_53_304.png,6
kanazawa_266_310_122_95.png,1
kanazawa_266_310_34_121.png,6
kanazawa_266_310_219_194.png,3
kanazawa_266_310_164_215.png,3
kanazawa_266_310_191_182.png,3
kanazawa_266_310_76_114.png,6
kanazawa_266_310_155_58.png,3
kanazawa_266_310_200_37.png,1
kanazawa_266_310_58_97.png,6
kanazawa_266_310_47_301.png,6
kanazawa_266_310_210_179.png,3
kanazawa_266_310_105_157.png,3
kanazawa_266_310_35_97.png,6
kanazawa_266_310_198_184.png,3
kanazawa_266_310_151_165.png,5
kanazawa_266_310_76_212.png,3
kanazawa_266_310_82_105.png,6
kanazawa_266_310_130_33.png,6
kanazawa_266_310_32_225.png,6
kanazawa_266_310_52_271.png,6
kanazawa_266_310_166_85.png,1
kanazawa_266_310_150_202.png,3
kanazawa_266_310_122_40.png,6
kanazawa_266_310_115_198.png,5
kanazawa_266_310_186_137.png,3
kanazawa_266_310_15_77.png,6
kanazawa_266_310_182_148.png,3
kanazawa_266_310_70_244.png,6
kanazawa_266_310_115_88.png,6
kanazawa_266_310_7_73.png,6
kanazawa_266_310_156_26.png,6
kanazawa_266_310_124_136.png,3
kanazawa_266_310_89_269.png,5
kanazawa_266_310_209_114.png,3
kanazawa_266_310_59_267.png,6
kanazawa_266_310_131_32.png,6
kanazawa_266_310_130_281.png,5
kanazawa_266_310_50_95.png,6
kanazawa_266_310_58_108.png,6
kanazawa_266_310_57_78.png,6
kanazawa_266_310_187_124.png,3
kanazawa_266_310_183_20.png,6
kanazawa_266_310_247_177.png,3
kanazawa_266_310_72_227.png,1
kanazawa_266_310_42_143.png,1
kanazawa_266_310_38_122.png,6
kanazawa_266_310_245_180.png,3
kanazawa_266_310_212_181.png,3
kanazawa_266_310_109_179.png,5
kanazawa_266_310_55_100.png,6
kanazawa_266_310_234_245.png,3
kanazawa_266_310_251_241.png,3
kanazawa_266_310_151_66.png,5
kanazawa_266_310_48_56.png,6
kanazawa_266_310_168_67.png,5
kanazawa_266_310_173_70.png,5
kanazawa_266_310_23_74.png,6
kanazawa_266_310_100_281.png,1
kanazawa_266_310_195_16.png,6
kanazawa_266_310_175_19.png,6
kanazawa_266_310_42_251.png,6
kanazawa_266_310_224_228.png,3
kanazawa_266_310_212_33.png,5
kanazawa_266_310_184_111.png,3
kanazawa_266_310_146_76.png,5
kanazawa_266_310_65_170.png,3
kanazawa_266_310_89_166.png,3
kanazawa_266_310_88_85.png,6
kanazawa_266_310_181_29.png,6
kanazawa_266_310_28_117.png,6
kanazawa_266_310_34_228.png,6
kanazawa_266_310_82_52.png,6
kanazawa_266_310_234_185.png,3
kanazawa_266_310_156_199.png,3
kanazawa_266_310_126_257.png,5
kanazawa_266_310_252_241.png,3
kanazawa_266_310_99_37.png,6
kanazawa_266_310_66_272.png,6
kanazawa_266_310_195_87.png,3
kanazawa_266_310_183_118.png,3
kanazawa_266_310_125_135.png,3
kanazawa_266_310_22_79.png,6
kanazawa_266_310_201_155.png,3
kanazawa_266_310_109_196.png,5
kanazawa_266_310_40_158.png,3
kanazawa_266_310_97_285.png,1
kanazawa_266_310_67_125.png,3
kanazawa_266_310_41_259.png,6
kanazawa_266_310_247_170.png,3
kanazawa_266_310_74_99.png,6
kanazawa_266_310_218_114.png,3
kanazawa_266_310_62_249.png,6
kanazawa_266_310_176_109.png,3
kanazawa_266_310_227_215.png,3
kanazawa_266_310_41_264.png,6
kanazawa_266_310_129_55.png,6
kanazawa_266_310_237_140.png,3
kanazawa_266_310_215_231.png,3
kanazawa_266_310_185_241.png,3
kanazawa_266_310_182_112.png,3
kanazawa_266_310_229_205.png,3
kanazawa_266_310_22_75.png,6
kanazawa_266_310_169_255.png,3
kanazawa_266_310_142_146.png,3
kanazawa_266_310_158_174.png,5
kanazawa_266_310_180_29.png,6
kanazawa_266_310_115_186.png,5
kanazawa_266_310_54_236.png,6
kanazawa_266_310_101_95.png,6
kanazawa_266_310_184_35.png,1
kanazawa_266_310_142_88.png,1
kanazawa_266_310_203_251.png,3
kanazawa_266_310_125_59.png,6
kanazawa_266_310_20_108.png,6
kanazawa_266_310_51_92.png,6
kanazawa_266_310_215_203.png,3
kanazawa_266_310_56_277.png,6
kanazawa_266_310_91_77.png,6
kanazawa_266_310_207_119.png,3
kanazawa_266_310_223_46.png,3
kanazawa_266_310_131_98.png,1
kanazawa_266_310_53_211.png,6
kanazawa_266_310_108_52.png,6
kanazawa_266_310_244_175.png,3
kanazawa_266_310_223_124.png,3
kanazawa_266_310_164_77.png,5
kanazawa_266_310_142_214.png,3
kanazawa_266_310_218_163.png,3
kanazawa_266_310_88_78.png,6
kanazawa_266_310_47_228.png,6
kanazawa_266_310_94_156.png,3
kanazawa_266_310_243_163.png,3
kanazawa_266_310_124_45.png,6
kanazawa_266_310_164_184.png,3
kanazawa_266_310_43_108.png,6
kanazawa_266_310_159_55.png,3
kanazawa_266_310_105_269.png,1
kanazawa_266_310_197_21.png,1
kanazawa_266_310_43_82.png,6
kanazawa_266_310_83_95.png,6
kanazawa_266_310_143_270.png,5
kanazawa_266_310_218_89.png,3
kanazawa_266_310_74_267.png,6
kanazawa_266_310_211_250.png,3
kanazawa_266_310_206_160.png,3
kanazawa_266_310_144_122.png,3
kanazawa_266_310_42_230.png,6
kanazawa_266_310_96_85.png,6
kanazawa_266_310_27_80.png,6
kanazawa_266_310_24_68.png,6
kanazawa_266_310_68_257.png,6
kanazawa_266_310_221_195.png,3
kanazawa_266_310_113_198.png,5
kanazawa_266_310_253_185.png,3
kanazawa_266_310_65_268.png,6
kanazawa_266_310_158_220.png,3
kanazawa_266_310_129_136.png,3
kanazawa_266_310_209_201.png,3
kanazawa_266_310_156_85.png,1
kanazawa_266_310_59_63.png,6
kanazawa_266_310_223_237.png,3
kanazawa_266_310_99_111.png,5
kanazawa_266_310_184_265.png,3
kanazawa_266_310_134_252.png,5
kanazawa_266_310_95_265.png,5
kanazawa_266_310_186_104.png,3
kanazawa_266_310_104_92.png,6
kanazawa_266_310_100_155.png,5
kanazawa_266_310_36_108.png,6
kanazawa_266_310_30_85.png,6
kanazawa_266_310_211_71.png,3
kanazawa_266_310_156_107.png,2
kanazawa_266_310_216_161.png,3
kanazawa_266_310_140_32.png,6
kanazawa_266_310_182_264.png,3
kanazawa_266_310_124_54.png,6
kanazawa_266_310_53_244.png,6
kanazawa_266_310_45_92.png,6
kanazawa_266_310_75_155.png,3
kanazawa_266_310_150_54.png,6
kanazawa_266_310_132_45.png,6
kanazawa_266_310_198_150.png,3
kanazawa_266_310_171_206.png,3
kanazawa_266_310_153_28.png,6
kanazawa_266_310_121_140.png,3
kanazawa_266_310_104_64.png,6
kanazawa_266_310_49_216.png,6
kanazawa_266_310_162_44.png,6
kanazawa_266_310_182_20.png,6
kanazawa_266_310_14_134.png,3
kanazawa_266_310_193_138.png,3
kanazawa_266_310_149_78.png,5
kanazawa_266_310_211_31.png,1
kanazawa_266_310_39_113.png,6
kanazawa_266_310_224_209.png,3
kanazawa_266_310_212_249.png,3
kanazawa_266_310_31_66.png,6
kanazawa_266_310_44_218.png,6
kanazawa_266_310_69_262.png,6
kanazawa_266_310_103_155.png,3
kanazawa_266_310_213_242.png,3
kanazawa_266_310_33_192.png,3
kanazawa_266_310_188_156.png,3
kanazawa_266_310_77_51.png,6
kanazawa_266_310_180_172.png,3
kanazawa_266_310_181_61.png,5
kanazawa_266_310_62_295.png,6
kanazawa_266_310_121_208.png,5
kanazawa_266_310_206_152.png,3
kanazawa_266_310_151_219.png,3
kanazawa_266_310_118_207.png,5
kanazawa_266_310_237_110.png,3
kanazawa_266_310_155_151.png,3
kanazawa_266_310_131_85.png,1
kanazawa_266_310_234_246.png,3
kanazawa_266_310_210_146.png,3
kanazawa_266_310_180_126.png,3
kanazawa_266_310_186_108.png,3
kanazawa_266_310_245_228.png,3
kanazawa_266_310_196_164.png,3
kanazawa_266_310_77_45.png,6
kanazawa_266_310_187_167.png,3
kanazawa_266_310_160_25.png,6
kanazawa_266_310_91_59.png,6
kanazawa_266_310_55_173.png,3
kanazawa_266_310_233_230.png,3
kanazawa_266_310_158_176.png,5
kanazawa_266_310_40_233.png,6
kanazawa_266_310_213_6.png,5
kanazawa_266_310_101_160.png,3
kanazawa_266_310_189_176.png,3
kanazawa_266_310_50_231.png,6
kanazawa_266_310_90_76.png,6
kanazawa_266_310_249_232.png,3
kanazawa_266_310_120_81.png,1
kanazawa_266_310_35_156.png,5
kanazawa_266_310_215_184.png,3
kanazawa_266_310_111_283.png,1
kanazawa_266_310_71_289.png,6
kanazawa_266_310_223_254.png,3
kanazawa_266_310_91_52.png,6
kanazawa_266_310_74_51.png,6
kanazawa_266_310_196_133.png,3
kanazawa_266_310_106_188.png,5
kanazawa_266_310_199_226.png,3
kanazawa_266_310_7_81.png,6
kanazawa_266_310_17_137.png,4
kanazawa_266_310_218_251.png,3
kanazawa_266_310_54_51.png,6
kanazawa_266_310_20_95.png,6
kanazawa_266_310_106_247.png,5
kanazawa_266_310_207_235.png,3
kanazawa_266_310_158_32.png,6
kanazawa_266_310_123_110.png,5
kanazawa_266_310_224_222.png,3
kanazawa_266_310_207_77.png,3
kanazawa_266_310_240_223.png,3
kanazawa_266_310_160_100.png,3
kanazawa_266_310_190_160.png,3
kanazawa_266_310_206_180.png,3
kanazawa_266_310_81_229.png,5
kanazawa_266_310_94_109.png,3
kanazawa_266_310_34_145.png,5
kanazawa_266_310_138_34.png,6
kanazawa_266_310_103_124.png,5
kanazawa_266_310_195_252.png,3
kanazawa_266_310_94_213.png,1
kanazawa_266_310_136_266.png,5
kanazawa_266_310_90_74.png,6
kanazawa_266_310_237_222.png,3
kanazawa_266_310_47_257.png,6
kanazawa_266_310_237_164.png,3
kanazawa_266_310_104_48.png,6
kanazawa_266_310_117_84.png,6
kanazawa_266_310_44_273.png,6
kanazawa_266_310_159_269.png,3
kanazawa_266_310_245_186.png,3
kanazawa_266_310_69_55.png,6
kanazawa_266_310_219_103.png,3
kanazawa_266_310_112_86.png,6
kanazawa_266_310_254_236.png,3
kanazawa_266_310_105_248.png,5
kanazawa_266_310_161_270.png,3
kanazawa_266_310_180_106.png,3
kanazawa_266_310_243_134.png,3
kanazawa_266_310_25_68.png,6
kanazawa_266_310_66_132.png,3
kanazawa_266_310_228_118.png,3
kanazawa_266_310_47_223.png,6
kanazawa_266_310_186_241.png,3
kanazawa_266_310_164_211.png,3
kanazawa_266_310_92_177.png,3
kanazawa_266_310_96_77.png,6
kanazawa_266_310_144_67.png,1
kanazawa_266_310_83_109.png,6
kanazawa_266_310_168_189.png,3
kanazawa_266_310_240_144.png,3
kanazawa_266_310_193_143.png,3
kanazawa_266_310_188_165.png,3
kanazawa_266_310_154_29.png,6
kanazawa_266_310_149_228.png,3
kanazawa_266_310_179_72.png,5
kanazawa_266_310_160_69.png,5
kanazawa_266_310_46_208.png,6
kanazawa_266_310_118_83.png,1
kanazawa_266_310_134_47.png,6
kanazawa_266_310_223_74.png,3
kanazawa_266_310_181_131.png,3
kanazawa_266_310_61_64.png,6
kanazawa_266_310_148_101.png,1
kanazawa_266_310_33_169.png,3
kanazawa_266_310_33_129.png,6
kanazawa_266_310_9_92.png,6
kanazawa_266_310_48_59.png,6
kanazawa_266_310_43_128.png,6
kanazawa_266_310_223_219.png,3
kanazawa_266_310_215_171.png,3
kanazawa_266_310_230_154.png,3
kanazawa_266_310_119_38.png,6
kanazawa_266_310_125_157.png,5
kanazawa_266_310_186_163.png,3
kanazawa_266_310_17_104.png,6
kanazawa_266_310_23_168.png,5
kanazawa_266_310_26_103.png,6
kanazawa_266_310_47_268.png,6
kanazawa_266_310_62_219.png,6
kanazawa_266_310_177_198.png,3
kanazawa_266_310_115_183.png,5
kanazawa_266_310_242_206.png,3
kanazawa_266_310_89_228.png,5
kanazawa_266_310_103_136.png,3
kanazawa_266_310_116_44.png,6
kanazawa_266_310_229_169.png,3
kanazawa_266_310_239_163.png,3
kanazawa_266_310_122_185.png,5
kanazawa_266_310_214_97.png,3
kanazawa_266_310_80_189.png,3
kanazawa_266_310_214_146.png,3
kanazawa_266_310_41_272.png,6
kanazawa_266_310_102_186.png,5
kanazawa_266_310_58_303.png,6
kanazawa_266_310_155_219.png,3
kanazawa_266_310_196_139.png,3
kanazawa_266_310_186_175.png,3
kanazawa_266_310_78_246.png,3
kanazawa_266_310_229_84.png,6
kanazawa_266_310_47_290.png,6
kanazawa_266_310_82_94.png,6
kanazawa_266_310_155_66.png,5
kanazawa_266_310_161_53.png,3
kanazawa_266_310_63_280.png,6
kanazawa_266_310_174_244.png,3
kanazawa_266_310_215_175.png,3
kanazawa_266_310_193_14.png,6
kanazawa_266_310_131_225.png,3
kanazawa_266_310_67_164.png,3
kanazawa_266_310_155_224.png,3
kanazawa_266_310_162_42.png,6
kanazawa_266_310_182_129.png,3
kanazawa_266_310_241_163.png,3
kanazawa_266_310_31_58.png,6
kanazawa_266_310_143_42.png,6
kanazawa_266_310_205_21.png,5
kanazawa_266_310_216_129.png,3
kanazawa_266_310_21_117.png,6
kanazawa_266_310_114_161.png,5
kanazawa_266_310_102_47.png,6
kanazawa_266_310_96_203.png,5
kanazawa_266_310_111_274.png,1
kanazawa_266_310_125_120.png,3
kanazawa_266_310_100_209.png,5
kanazawa_266_310_54_60.png,6
kanazawa_266_310_98_99.png,6
kanazawa_266_310_96_54.png,6
kanazawa_266_310_206_10.png,5
kanazawa_266_310_207_188.png,3
kanazawa_266_310_98_163.png,3
kanazawa_266_310_189_245.png,3
kanazawa_266_310_202_233.png,3
kanazawa_266_310_176_199.png,3
kanazawa_266_310_115_205.png,5
kanazawa_266_310_112_152.png,3
kanazawa_266_310_116_282.png,1
kanazawa_266_310_59_98.png,6
kanazawa_266_310_132_85.png,1
kanazawa_266_310_90_291.png,5
kanazawa_266_310_90_41.png,6
kanazawa_266_310_165_194.png,3
kanazawa_266_310_111_200.png,5
kanazawa_266_310_101_47.png,6
kanazawa_266_310_75_75.png,6
kanazawa_266_310_175_115.png,3
kanazawa_266_310_204_162.png,3
kanazawa_266_310_18_151.png,3
kanazawa_266_310_193_108.png,3
kanazawa_266_310_104_72.png,6
kanazawa_266_310_174_171.png,3
kanazawa_266_310_55_120.png,6
kanazawa_266_310_55_101.png,6
kanazawa_266_310_15_108.png,6
kanazawa_266_310_56_52.png,6
kanazawa_266_310_189_174.png,3
kanazawa_266_310_240_121.png,3
kanazawa_266_310_160_187.png,3
kanazawa_266_310_123_101.png,5
kanazawa_266_310_90_258.png,5
kanazawa_266_310_84_88.png,6
kanazawa_266_310_86_271.png,1
kanazawa_266_310_152_195.png,3
kanazawa_266_310_43_86.png,6
kanazawa_266_310_42_264.png,6
kanazawa_266_310_18_90.png,6
kanazawa_266_310_192_141.png,3
kanazawa_266_310_77_75.png,6
kanazawa_266_310_210_160.png,3
kanazawa_266_310_219_134.png,3
kanazawa_266_310_52_55.png,6
kanazawa_266_310_193_103.png,3
kanazawa_266_310_26_133.png,3
kanazawa_266_310_223_160.png,3
kanazawa_266_310_122_279.png,5
kanazawa_266_310_142_276.png,5
kanazawa_266_310_60_61.png,6
kanazawa_266_310_211_214.png,6
kanazawa_266_310_47_70.png,6
kanazawa_266_310_158_257.png,3
kanazawa_266_310_135_155.png,5
kanazawa_266_310_139_65.png,6
kanazawa_266_310_130_192.png,5
kanazawa_266_310_164_55.png,1
kanazawa_266_310_89_51.png,6
kanazawa_266_310_226_177.png,3
kanazawa_266_310_109_185.png,5
kanazawa_266_310_200_35.png,1
kanazawa_266_310_103_188.png,5
kanazawa_266_310_102_56.png,6
kanazawa_266_310_120_87.png,3
kanazawa_266_310_240_201.png,3
kanazawa_266_310_191_232.png,3
kanazawa_266_310_157_214.png,3
kanazawa_266_310_8_76.png,6
kanazawa_266_310_94_229.png,5
kanazawa_266_310_10_95.png,6
kanazawa_266_310_56_263.png,6
kanazawa_266_310_202_260.png,3
kanazawa_266_310_211_177.png,3
kanazawa_266_310_127_57.png,6
kanazawa_266_310_100_46.png,6
kanazawa_266_310_239_189.png,3
kanazawa_266_310_70_58.png,6
kanazawa_266_310_111_67.png,6
kanazawa_266_310_172_82.png,5
kanazawa_266_310_93_75.png,6
kanazawa_266_310_221_85.png,3
kanazawa_266_310_132_162.png,3
kanazawa_266_310_156_21.png,6
kanazawa_266_310_19_61.png,6
kanazawa_266_310_202_228.png,3
kanazawa_266_310_68_112.png,6
kanazawa_266_310_127_41.png,6
kanazawa_266_310_249_196.png,3
kanazawa_266_310_143_30.png,6
kanazawa_266_310_76_261.png,6
kanazawa_266_310_82_279.png,3
kanazawa_266_310_126_191.png,5
kanazawa_266_310_109_176.png,5
kanazawa_266_310_229_208.png,3
kanazawa_266_310_50_90.png,6
kanazawa_266_310_91_266.png,5
kanazawa_266_310_211_201.png,3
kanazawa_266_310_49_236.png,6
kanazawa_266_310_141_202.png,5
kanazawa_266_310_58_111.png,6
kanazawa_266_310_148_27.png,6
kanazawa_266_310_155_173.png,5
kanazawa_266_310_106_120.png,5
kanazawa_266_310_106_128.png,3
kanazawa_266_310_168_145.png,3
kanazawa_266_310_97_245.png,1
kanazawa_266_310_13_86.png,6
kanazawa_266_310_132_31.png,6
kanazawa_266_310_237_196.png,3
kanazawa_266_310_29_64.png,6
kanazawa_266_310_225_250.png,3
kanazawa_266_310_103_118.png,5
kanazawa_266_310_139_199.png,5
kanazawa_266_310_147_75.png,5
kanazawa_266_310_81_141.png,3
kanazawa_266_310_99_218.png,5
kanazawa_266_310_56_233.png,6
kanazawa_266_310_115_261.png,1
kanazawa_266_310_156_149.png,3
kanazawa_266_310_219_117.png,3
kanazawa_266_310_41_66.png,6
kanazawa_266_310_58_261.png,6
kanazawa_266_310_221_196.png,3
kanazawa_266_310_52_251.png,6
kanazawa_266_310_145_120.png,3
kanazawa_266_310_47_302.png,6
kanazawa_266_310_87_105.png,6
kanazawa_266_310_17_124.png,6
kanazawa_266_310_107_132.png,3
kanazawa_266_310_220_235.png,3
kanazawa_266_310_241_169.png,3
kanazawa_266_310_197_119.png,3
kanazawa_266_310_104_274.png,1
kanazawa_266_310_18_94.png,6
kanazawa_266_310_27_101.png,6
kanazawa_266_310_43_114.png,6
kanazawa_266_310_51_267.png,6
kanazawa_266_310_33_58.png,6
kanazawa_266_310_97_185.png,5
kanazawa_266_310_38_73.png,6
kanazawa_266_310_175_192.png,3
kanazawa_266_310_154_258.png,3
kanazawa_266_310_73_128.png,5
kanazawa_266_310_187_164.png,3
kanazawa_266_310_232_90.png,3
kanazawa_266_310_103_167.png,3
kanazawa_266_310_55_89.png,6
kanazawa_266_310_19_124.png,6
kanazawa_266_310_189_193.png,3
kanazawa_266_310_36_57.png,6
kanazawa_266_310_161_199.png,3
kanazawa_266_310_122_103.png,1
kanazawa_266_310_210_72.png,3
kanazawa_266_310_174_267.png,3
kanazawa_266_310_122_194.png,1
kanazawa_266_310_193_259.png,3
kanazawa_266_310_119_39.png,6
kanazawa_266_310_26_106.png,6
kanazawa_266_310_39_240.png,6
kanazawa_266_310_14_63.png,6
kanazawa_266_310_21_85.png,6
kanazawa_266_310_118_274.png,1
kanazawa_266_310_129_53.png,6
kanazawa_266_310_167_215.png,3
kanazawa_266_310_241_156.png,3
kanazawa_266_310_13_79.png,6
kanazawa_266_310_24_88.png,6
kanazawa_266_310_216_140.png,3
kanazawa_266_310_243_173.png,3
kanazawa_266_310_239_127.png,3
kanazawa_266_310_110_55.png,6
kanazawa_266_310_147_229.png,3
kanazawa_266_310_79_248.png,5
kanazawa_266_310_49_109.png,6
kanazawa_266_310_109_287.png,1
kanazawa_266_310_166_217.png,3
kanazawa_266_310_202_215.png,3
kanazawa_266_310_155_148.png,3
kanazawa_266_310_80_75.png,6
kanazawa_266_310_100_206.png,5
kanazawa_266_310_247_206.png,3
kanazawa_266_310_257_220.png,3
kanazawa_266_310_118_44.png,6
kanazawa_266_310_192_155.png,3
kanazawa_266_310_243_165.png,3
kanazawa_266_310_192_104.png,3
kanazawa_266_310_223_90.png,3
kanazawa_266_310_206_30.png,1
kanazawa_266_310_169_226.png,3
kanazawa_266_310_36_168.png,3
kanazawa_266_310_15_115.png,6
kanazawa_266_310_188_122.png,3
kanazawa_266_310_218_191.png,3
kanazawa_266_310_96_287.png,1
kanazawa_266_310_157_217.png,3
kanazawa_266_310_21_86.png,6
kanazawa_266_310_186_149.png,3
kanazawa_266_310_191_66.png,4
kanazawa_266_310_201_187.png,3
kanazawa_266_310_225_234.png,3
kanazawa_266_310_129_175.png,5
kanazawa_266_310_46_262.png,6
kanazawa_266_310_134_214.png,3
kanazawa_266_310_35_118.png,6
kanazawa_266_310_191_26.png,3
kanazawa_266_310_191_190.png,3
kanazawa_266_310_160_214.png,3
kanazawa_266_310_166_36.png,6
kanazawa_266_310_223_71.png,3
kanazawa_266_310_187_177.png,3
kanazawa_266_310_220_39.png,3
kanazawa_266_310_50_72.png,6
kanazawa_266_310_65_271.png,6
kanazawa_266_310_124_199.png,5
kanazawa_266_310_65_49.png,6
kanazawa_266_310_179_55.png,1
kanazawa_266_310_176_31.png,6
kanazawa_266_310_117_49.png,6
kanazawa_266_310_53_124.png,6
kanazawa_266_310_41_179.png,3
kanazawa_266_310_223_118.png,3
kanazawa_266_310_95_291.png,1
kanazawa_266_310_181_112.png,3
kanazawa_266_310_157_273.png,3
kanazawa_266_310_50_215.png,6
kanazawa_266_310_240_158.png,3
kanazawa_266_310_179_228.png,3
kanazawa_266_310_228_160.png,3
kanazawa_266_310_101_103.png,3
kanazawa_266_310_225_72.png,3
kanazawa_266_310_218_204.png,3
kanazawa_266_310_162_90.png,1
kanazawa_266_310_222_67.png,3
kanazawa_266_310_204_193.png,3
kanazawa_266_310_219_230.png,3
kanazawa_266_310_148_53.png,6
kanazawa_266_310_56_78.png,6
kanazawa_266_310_197_98.png,3
kanazawa_266_310_209_187.png,3
kanazawa_266_310_29_203.png,3
kanazawa_266_310_93_254.png,5
kanazawa_266_310_233_214.png,3
kanazawa_266_310_159_145.png,3
kanazawa_266_310_74_242.png,6
kanazawa_266_310_30_64.png,6
kanazawa_266_310_95_46.png,6
kanazawa_266_310_53_260.png,6
kanazawa_266_310_217_145.png,3
kanazawa_266_310_213_193.png,3
kanazawa_266_310_104_273.png,1
kanazawa_266_310_156_176.png,5
kanazawa_266_310_200_231.png,3
kanazawa_266_310_92_176.png,3
kanazawa_266_310_190_170.png,3
kanazawa_266_310_174_237.png,3
kanazawa_266_310_198_243.png,6
kanazawa_266_310_136_121.png,3
kanazawa_266_310_210_221.png,3
kanazawa_266_310_227_196.png,3
kanazawa_266_310_172_198.png,3
kanazawa_266_310_89_167.png,3
kanazawa_266_310_129_88.png,6
kanazawa_266_310_99_42.png,6
kanazawa_266_310_147_72.png,1
kanazawa_266_310_202_139.png,3
kanazawa_266_310_211_143.png,6
kanazawa_266_310_134_243.png,3
kanazawa_266_310_210_48.png,5
kanazawa_266_310_116_56.png,6
kanazawa_266_310_231_189.png,3
kanazawa_266_310_92_61.png,6
kanazawa_266_310_195_236.png,3
kanazawa_266_310_230_217.png,3
kanazawa_266_310_44_111.png,6
kanazawa_266_310_110_52.png,6
kanazawa_266_310_117_194.png,5
kanazawa_266_310_132_78.png,3
kanazawa_266_310_133_80.png,3
kanazawa_266_310_154_83.png,1
kanazawa_266_310_149_186.png,5
kanazawa_266_310_157_54.png,3
kanazawa_266_310_162_41.png,6
kanazawa_266_310_56_130.png,3
kanazawa_266_310_54_182.png,5
kanazawa_266_310_238_116.png,3
kanazawa_266_310_190_230.png,3
kanazawa_266_310_225_182.png,3
kanazawa_266_310_34_150.png,5
kanazawa_266_310_129_43.png,6
kanazawa_266_310_123_137.png,3
kanazawa_266_310_36_144.png,5
kanazawa_266_310_154_152.png,3
kanazawa_266_310_54_216.png,6
kanazawa_266_310_112_190.png,5
kanazawa_266_310_206_106.png,3
kanazawa_266_310_231_169.png,3
kanazawa_266_310_232_245.png,3
kanazawa_266_310_135_30.png,6
kanazawa_266_310_59_86.png,6
kanazawa_266_310_163_142.png,3
kanazawa_266_310_208_195.png,3
kanazawa_266_310_210_101.png,3
kanazawa_266_310_102_52.png,6
kanazawa_266_310_75_94.png,6
kanazawa_266_310_85_270.png,1
kanazawa_266_310_96_273.png,3
kanazawa_266_310_8_90.png,6
kanazawa_266_310_233_239.png,3
kanazawa_266_310_30_114.png,6
kanazawa_266_310_222_80.png,3
kanazawa_266_310_94_279.png,1
kanazawa_266_310_87_179.png,3
kanazawa_266_310_44_120.png,6
kanazawa_266_310_196_140.png,3
kanazawa_266_310_81_119.png,3
kanazawa_266_310_186_158.png,3
kanazawa_266_310_192_170.png,3
kanazawa_266_310_94_52.png,6
kanazawa_266_310_71_126.png,5
kanazawa_266_310_131_47.png,6
kanazawa_266_310_55_151.png,5
kanazawa_266_310_73_107.png,6
kanazawa_266_310_127_60.png,6
kanazawa_266_310_115_188.png,5
kanazawa_266_310_140_54.png,6
kanazawa_266_310_58_252.png,6
kanazawa_266_310_208_58.png,3
kanazawa_266_310_66_116.png,6
kanazawa_266_310_71_103.png,6
kanazawa_266_310_100_266.png,3
kanazawa_266_310_176_30.png,6
kanazawa_266_310_135_73.png,6
kanazawa_266_310_27_128.png,6
kanazawa_266_310_29_157.png,5
kanazawa_266_310_68_288.png,6
kanazawa_266_310_111_94.png,3
kanazawa_266_310_121_213.png,5
kanazawa_266_310_61_120.png,6
kanazawa_266_310_252_210.png,3
kanazawa_266_310_60_243.png,6
kanazawa_266_310_21_112.png,6
kanazawa_266_310_33_213.png,3
kanazawa_266_310_82_132.png,3
kanazawa_266_310_48_298.png,6
kanazawa_266_310_73_93.png,6
kanazawa_266_310_165_21.png,6
kanazawa_266_310_231_241.png,3
kanazawa_266_310_208_207.png,3
kanazawa_266_310_132_61.png,6
kanazawa_266_310_149_98.png,1
kanazawa_266_310_12_104.png,6
kanazawa_266_310_46_272.png,6
kanazawa_266_310_35_244.png,6
kanazawa_266_310_157_76.png,1
kanazawa_266_310_187_39.png,5
kanazawa_266_310_191_245.png,6
kanazawa_266_310_137_110.png,3
kanazawa_266_310_168_45.png,3
kanazawa_266_310_224_212.png,3
kanazawa_266_310_62_111.png,6
kanazawa_266_310_221_199.png,3
kanazawa_266_310_152_27.png,6
kanazawa_266_310_233_243.png,3
kanazawa_266_310_167_207.png,3
kanazawa_266_310_175_214.png,3
kanazawa_266_310_67_124.png,3
kanazawa_266_310_95_257.png,5
kanazawa_266_310_106_217.png,1
kanazawa_266_310_55_230.png,6
kanazawa_266_310_160_48.png,6
kanazawa_266_310_215_134.png,3
kanazawa_266_310_248_179.png,3
kanazawa_266_310_117_88.png,6
kanazawa_266_310_141_239.png,3
kanazawa_266_310_210_200.png,3
kanazawa_266_310_52_136.png,5
kanazawa_266_310_30_159.png,5
kanazawa_266_310_201_80.png,3
kanazawa_266_310_197_94.png,3
kanazawa_266_310_66_65.png,6
kanazawa_266_310_112_58.png,6
kanazawa_266_310_103_46.png,6
kanazawa_266_310_71_266.png,6
kanazawa_266_310_75_272.png,6
kanazawa_266_310_234_233.png,3
kanazawa_266_310_241_194.png,3
kanazawa_266_310_135_165.png,3
kanazawa_266_310_49_157.png,3
kanazawa_266_310_79_288.png,6
kanazawa_266_310_191_158.png,3
kanazawa_266_310_177_37.png,3
kanazawa_266_310_133_237.png,3
kanazawa_266_310_128_228.png,3
kanazawa_266_310_114_259.png,1
kanazawa_266_310_49_126.png,6
kanazawa_266_310_80_235.png,1
kanazawa_266_310_149_240.png,3
kanazawa_266_310_54_269.png,6
kanazawa_266_310_147_62.png,6
kanazawa_266_310_164_141.png,3
kanazawa_266_310_158_85.png,1
kanazawa_266_310_104_194.png,5
kanazawa_266_310_208_156.png,3
kanazawa_266_310_79_52.png,6
kanazawa_266_310_168_184.png,3
kanazawa_266_310_122_126.png,3
kanazawa_266_310_146_195.png,5
kanazawa_266_310_239_233.png,3
kanazawa_266_310_212_29.png,1
kanazawa_266_310_76_81.png,6
kanazawa_266_310_53_79.png,6
kanazawa_266_310_40_88.png,6
kanazawa_266_310_43_220.png,6
kanazawa_266_310_172_69.png,5
kanazawa_266_310_63_142.png,3
kanazawa_266_310_213_42.png,3
kanazawa_266_310_217_93.png,3
kanazawa_266_310_222_165.png,3
kanazawa_266_310_135_190.png,5
kanazawa_266_310_189_113.png,3
kanazawa_266_310_104_61.png,6
kanazawa_266_310_118_261.png,1
kanazawa_266_310_218_124.png,3
kanazawa_266_310_149_164.png,5
kanazawa_266_310_217_72.png,3
kanazawa_266_310_22_175.png,5
kanazawa_266_310_160_224.png,3
kanazawa_266_310_179_139.png,3
kanazawa_266_310_23_96.png,6
kanazawa_266_310_145_91.png,1
kanazawa_266_310_104_53.png,6
kanazawa_266_310_244_186.png,3
kanazawa_266_310_132_265.png,5
kanazawa_266_310_70_80.png,6
kanazawa_266_310_96_290.png,1
kanazawa_266_310_176_17.png,6
kanazawa_266_310_199_175.png,3
kanazawa_266_310_216_88.png,3
kanazawa_266_310_150_191.png,5
kanazawa_266_310_132_77.png,3
kanazawa_266_310_221_131.png,3
kanazawa_266_310_159_26.png,6
kanazawa_266_310_189_59.png,5
kanazawa_266_310_207_238.png,3
kanazawa_266_310_85_209.png,1
kanazawa_266_310_129_154.png,3
kanazawa_266_310_249_184.png,3
kanazawa_266_310_218_108.png,3
kanazawa_266_310_54_279.png,6
kanazawa_266_310_62_251.png,6
kanazawa_266_310_207_241.png,3
kanazawa_266_310_89_67.png,6
kanazawa_266_310_78_280.png,6
kanazawa_266_310_230_115.png,3
kanazawa_266_310_151_149.png,3
kanazawa_266_310_201_198.png,3
kanazawa_266_310_230_247.png,3
kanazawa_266_310_176_15.png,6
kanazawa_266_310_56_69.png,6
kanazawa_266_310_190_100.png,3
kanazawa_266_310_203_179.png,3
kanazawa_266_310_194_85.png,3
kanazawa_266_310_66_122.png,6
kanazawa_266_310_218_3.png,5
kanazawa_266_310_65_252.png,6
kanazawa_266_310_205_161.png,3
kanazawa_266_310_138_269.png,5
kanazawa_266_310_117_93.png,3
kanazawa_266_310_75_119.png,3
kanazawa_266_310_28_63.png,6
kanazawa_266_310_177_29.png,6
kanazawa_266_310_240_210.png,3
kanazawa_266_310_108_189.png,5
kanazawa_266_310_59_198.png,3
kanazawa_266_310_63_295.png,6
kanazawa_266_310_63_107.png,6
kanazawa_266_310_89_66.png,6
kanazawa_266_310_75_101.png,6
kanazawa_266_310_137_56.png,6
kanazawa_266_310_106_251.png,5
kanazawa_266_310_92_57.png,6
kanazawa_266_310_185_38.png,5
kanazawa_266_310_69_276.png,6
kanazawa_266_310_206_150.png,3
kanazawa_266_310_124_92.png,1
kanazawa_266_310_20_135.png,6
kanazawa_266_310_113_262.png,1
kanazawa_266_310_65_165.png,5
kanazawa_266_310_226_221.png,3
kanazawa_266_310_150_238.png,3
kanazawa_266_310_86_169.png,3
kanazawa_266_310_232_217.png,3
kanazawa_266_310_107_92.png,6
kanazawa_266_310_222_103.png,3
kanazawa_266_310_109_91.png,6
kanazawa_266_310_21_114.png,6
kanazawa_266_310_218_46.png,3
kanazawa_266_310_34_223.png,6
kanazawa_266_310_21_105.png,6
kanazawa_266_310_227_252.png,3
kanazawa_266_310_152_134.png,3
kanazawa_266_310_91_207.png,1
kanazawa_266_310_165_246.png,3
kanazawa_266_310_79_96.png,6
kanazawa_266_310_17_72.png,6
kanazawa_266_310_222_218.png,3
kanazawa_266_310_197_80.png,3
kanazawa_266_310_75_276.png,6
kanazawa_266_310_238_133.png,3
kanazawa_266_310_229_156.png,3
kanazawa_266_310_41_165.png,3
kanazawa_266_310_128_157.png,3
kanazawa_266_310_51_85.png,6
kanazawa_266_310_173_211.png,3
kanazawa_266_310_123_35.png,6
kanazawa_266_310_158_20.png,6
kanazawa_266_310_61_105.png,6
kanazawa_266_310_77_289.png,6
kanazawa_266_310_222_180.png,3
kanazawa_266_310_237_191.png,3
kanazawa_266_310_219_89.png,3
kanazawa_266_310_126_129.png,3
kanazawa_266_310_187_238.png,3
kanazawa_266_310_188_159.png,3
kanazawa_266_310_61_119.png,6
kanazawa_266_310_98_234.png,5
kanazawa_266_310_144_259.png,5
kanazawa_266_310_197_173.png,3
kanazawa_266_310_88_76.png,6
kanazawa_266_310_66_67.png,6
kanazawa_266_310_57_246.png,6
kanazawa_266_310_215_56.png,3
kanazawa_266_310_193_150.png,3
kanazawa_266_310_196_108.png,3
kanazawa_266_310_68_97.png,6
kanazawa_266_310_223_87.png,3
kanazawa_266_310_121_147.png,3
kanazawa_266_310_174_262.png,3
kanazawa_266_310_179_112.png,3
kanazawa_266_310_68_292.png,6
kanazawa_266_310_82_220.png,1
kanazawa_266_310_60_249.png,6
kanazawa_266_310_130_44.png,6
kanazawa_266_310_129_261.png,5
kanazawa_266_310_155_65.png,5
kanazawa_266_310_144_201.png,1
kanazawa_266_310_179_77.png,5
kanazawa_266_310_165_229.png,3
kanazawa_266_310_145_250.png,3
kanazawa_266_310_95_235.png,1
kanazawa_266_310_237_176.png,3
kanazawa_266_310_201_181.png,3
kanazawa_266_310_55_128.png,6
kanazawa_266_310_228_151.png,3
kanazawa_266_310_116_225.png,3
kanazawa_266_310_198_215.png,3
kanazawa_266_310_195_203.png,3
kanazawa_266_310_156_140.png,3
kanazawa_266_310_205_93.png,3
kanazawa_266_310_202_256.png,3
kanazawa_266_310_56_90.png,6
kanazawa_266_310_21_94.png,6
kanazawa_266_310_158_184.png,5
kanazawa_266_310_113_78.png,6
kanazawa_266_310_72_241.png,6
kanazawa_266_310_95_59.png,6
kanazawa_266_310_231_165.png,3
kanazawa_266_310_160_152.png,5
kanazawa_266_310_204_211.png,3
kanazawa_266_310_219_122.png,3
kanazawa_266_310_94_209.png,1
kanazawa_266_310_208_16.png,1
kanazawa_266_310_230_69.png,3
kanazawa_266_310_219_70.png,3
kanazawa_266_310_128_159.png,3
kanazawa_266_310_166_197.png,3
kanazawa_266_310_22_59.png,6
kanazawa_266_310_87_254.png,5
kanazawa_266_310_165_268.png,3
kanazawa_266_310_94_45.png,6
kanazawa_266_310_15_75.png,6
kanazawa_266_310_118_170.png,5
kanazawa_266_310_78_86.png,6
kanazawa_266_310_53_116.png,6
kanazawa_266_310_74_234.png,3
kanazawa_266_310_151_223.png,3
kanazawa_266_310_71_285.png,6
kanazawa_266_310_48_172.png,3
kanazawa_266_310_78_290.png,6
kanazawa_266_310_126_68.png,6
kanazawa_266_310_133_212.png,3
kanazawa_266_310_153_129.png,3
kanazawa_266_310_34_199.png,3
kanazawa_266_310_235_171.png,3
kanazawa_266_310_201_129.png,3
kanazawa_266_310_51_65.png,6
kanazawa_266_310_99_105.png,3
kanazawa_266_310_69_250.png,6
kanazawa_266_310_46_86.png,6
kanazawa_266_310_3_74.png,6
kanazawa_266_310_113_186.png,5
kanazawa_266_310_122_163.png,5
kanazawa_266_310_36_65.png,6
kanazawa_266_310_207_201.png,3
kanazawa_266_310_247_236.png,3
kanazawa_266_310_170_252.png,3
kanazawa_266_310_189_187.png,3
kanazawa_266_310_102_49.png,6
kanazawa_266_310_245_230.png,3
kanazawa_266_310_108_101.png,3
kanazawa_266_310_17_119.png,6
kanazawa_266_310_211_194.png,3
kanazawa_266_310_77_91.png,6
kanazawa_266_310_156_47.png,6
kanazawa_266_310_37_96.png,6
kanazawa_266_310_148_233.png,3
kanazawa_266_310_29_57.png,6
kanazawa_266_310_28_191.png,3
kanazawa_266_310_173_226.png,3
kanazawa_266_310_97_237.png,1
kanazawa_266_310_183_57.png,5
kanazawa_266_310_153_30.png,6
kanazawa_266_310_127_101.png,1
kanazawa_266_310_142_31.png,6
kanazawa_266_310_31_79.png,6
kanazawa_266_310_116_75.png,6
kanazawa_266_310_220_87.png,3
kanazawa_266_310_129_100.png,5
kanazawa_266_310_70_298.png,6
kanazawa_266_310_190_194.png,3
kanazawa_266_310_241_231.png,3
kanazawa_266_310_141_137.png,3
kanazawa_266_310_190_198.png,3
kanazawa_266_310_54_252.png,6
kanazawa_266_310_42_119.png,6
kanazawa_266_310_38_102.png,6
kanazawa_266_310_191_194.png,3
kanazawa_266_310_57_211.png,6
kanazawa_266_310_88_210.png,1
kanazawa_266_310_24_113.png,6
kanazawa_266_310_172_27.png,6
kanazawa_266_310_46_123.png,6
kanazawa_266_310_180_164.png,3
kanazawa_266_310_246_151.png,3
kanazawa_266_310_51_55.png,6
kanazawa_266_310_215_165.png,3
kanazawa_266_310_52_94.png,6
kanazawa_266_310_152_217.png,3
kanazawa_266_310_50_64.png,6
kanazawa_266_310_213_213.png,3
kanazawa_266_310_144_99.png,1
kanazawa_266_310_170_27.png,6
kanazawa_266_310_195_42.png,5
kanazawa_266_310_93_46.png,6
kanazawa_266_310_166_67.png,5
kanazawa_266_310_32_98.png,6
kanazawa_266_310_229_124.png,3
kanazawa_266_310_245_218.png,3
kanazawa_266_310_101_117.png,5
kanazawa_266_310_52_295.png,6
kanazawa_266_310_49_99.png,6
kanazawa_266_310_166_261.png,3
kanazawa_266_310_198_231.png,3
kanazawa_266_310_198_127.png,3
kanazawa_266_310_238_146.png,3
kanazawa_266_310_88_41.png,6
kanazawa_266_310_82_110.png,6
kanazawa_266_310_104_280.png,1
kanazawa_266_310_167_112.png,3
kanazawa_266_310_60_296.png,6
kanazawa_266_310_240_161.png,6
kanazawa_266_310_160_47.png,6
kanazawa_266_310_240_169.png,3
kanazawa_266_310_200_127.png,3
kanazawa_266_310_63_118.png,6
kanazawa_266_310_182_93.png,1
kanazawa_266_310_210_211.png,3
kanazawa_266_310_117_39.png,6
kanazawa_266_310_124_31.png,6
kanazawa_266_310_230_191.png,3
kanazawa_266_310_90_293.png,5
kanazawa_266_310_102_127.png,3
kanazawa_266_310_167_193.png,3
kanazawa_266_310_103_156.png,3
kanazawa_266_310_129_206.png,5
kanazawa_266_310_176_74.png,5
kanazawa_266_310_171_38.png,6
kanazawa_266_310_218_123.png,3
kanazawa_266_310_40_97.png,6
kanazawa_266_310_44_126.png,6
kanazawa_266_310_54_128.png,6
kanazawa_266_310_156_152.png,3
kanazawa_266_310_66_228.png,6
kanazawa_266_310_221_235.png,3
kanazawa_266_310_99_178.png,3
kanazawa_266_310_163_104.png,5
kanazawa_266_310_215_169.png,3
kanazawa_266_310_139_100.png,1
kanazawa_266_310_54_255.png,6
kanazawa_266_310_223_137.png,3
kanazawa_266_310_18_128.png,6
kanazawa_266_310_207_135.png,3
kanazawa_266_310_50_304.png,6
kanazawa_266_310_124_211.png,5
kanazawa_266_310_207_94.png,3
kanazawa_266_310_74_122.png,3
kanazawa_266_310_104_97.png,6
kanazawa_266_310_88_281.png,1
kanazawa_266_310_120_118.png,5
kanazawa_266_310_249_204.png,3
kanazawa_266_310_189_109.png,3
kanazawa_266_310_60_293.png,6
kanazawa_266_310_64_63.png,6
kanazawa_266_310_149_65.png,3
kanazawa_266_310_224_116.png,3
kanazawa_266_310_222_109.png,3
kanazawa_266_310_117_86.png,6
kanazawa_266_310_147_61.png,6
kanazawa_266_310_53_106.png,6
kanazawa_266_310_179_130.png,3
kanazawa_266_310_105_93.png,6
kanazawa_266_310_110_286.png,1
kanazawa_266_310_121_37.png,6
kanazawa_266_310_233_97.png,3
kanazawa_266_310_49_243.png,6
kanazawa_266_310_172_32.png,6
kanazawa_266_310_103_288.png,1
kanazawa_266_310_14_85.png,6
kanazawa_266_310_113_251.png,5
kanazawa_266_310_172_208.png,3
kanazawa_266_310_82_274.png,3
kanazawa_266_310_43_152.png,5
kanazawa_266_310_123_122.png,3
kanazawa_266_310_216_188.png,3
kanazawa_266_310_195_51.png,5
kanazawa_266_310_20_115.png,6
kanazawa_266_310_89_177.png,3
kanazawa_266_310_174_65.png,5
kanazawa_266_310_199_92.png,3
kanazawa_266_310_78_185.png,3
kanazawa_266_310_149_30.png,6
kanazawa_266_310_102_202.png,5
kanazawa_266_310_50_248.png,6
kanazawa_266_310_52_185.png,5
kanazawa_266_310_254_224.png,3
kanazawa_266_310_204_236.png,3
kanazawa_266_310_74_98.png,6
kanazawa_266_310_135_245.png,5
kanazawa_266_310_235_175.png,3
kanazawa_266_310_107_197.png,5
kanazawa_266_310_143_86.png,1
kanazawa_266_310_205_47.png,5
kanazawa_266_310_62_297.png,6
kanazawa_266_310_31_175.png,3
kanazawa_266_310_251_237.png,3
kanazawa_266_310_109_150.png,3
kanazawa_266_310_50_126.png,6
kanazawa_266_310_235_166.png,3
kanazawa_266_310_242_194.png,3
kanazawa_266_310_193_254.png,3
kanazawa_266_310_95_261.png,5
kanazawa_266_310_33_99.png,6
kanazawa_266_310_236_101.png,3
kanazawa_266_310_86_273.png,1
kanazawa_266_310_38_191.png,3
kanazawa_266_310_224_201.png,3
kanazawa_266_310_203_50.png,3
kanazawa_266_310_118_192.png,5
kanazawa_266_310_101_42.png,6
kanazawa_266_310_236_104.png,3
kanazawa_266_310_16_71.png,6
kanazawa_266_310_23_108.png,6
kanazawa_266_310_200_256.png,3
kanazawa_266_310_67_118.png,6
kanazawa_266_310_127_282.png,5
kanazawa_266_310_169_170.png,3
kanazawa_266_310_208_77.png,3
kanazawa_266_310_104_82.png,6
kanazawa_266_310_187_175.png,3
kanazawa_266_310_60_229.png,6
kanazawa_266_310_158_235.png,3
kanazawa_266_310_232_136.png,3
kanazawa_266_310_190_155.png,3
kanazawa_266_310_61_226.png,6
kanazawa_266_310_121_79.png,3
kanazawa_266_310_224_120.png,3
kanazawa_266_310_134_276.png,5
kanazawa_266_310_154_154.png,3
kanazawa_266_310_52_169.png,3
kanazawa_266_310_42_254.png,6
kanazawa_266_310_224_156.png,4
kanazawa_266_310_70_104.png,6
kanazawa_266_310_148_104.png,1
kanazawa_266_310_177_175.png,3
kanazawa_266_310_98_174.png,3
kanazawa_266_310_185_26.png,6
kanazawa_266_310_70_61.png,6
kanazawa_266_310_213_120.png,3
kanazawa_266_310_100_101.png,6
kanazawa_266_310_187_127.png,3
kanazawa_266_310_41_242.png,6
kanazawa_266_310_163_201.png,3
kanazawa_266_310_106_224.png,5
kanazawa_266_310_212_257.png,3
kanazawa_266_310_78_284.png,6
kanazawa_266_310_67_233.png,6
kanazawa_266_310_75_268.png,6
kanazawa_266_310_233_160.png,3
kanazawa_266_310_110_69.png,6
kanazawa_266_310_131_94.png,1
kanazawa_266_310_149_179.png,5
kanazawa_266_310_200_185.png,3
kanazawa_266_310_20_76.png,6
kanazawa_266_310_117_277.png,1
kanazawa_266_310_222_182.png,3
kanazawa_266_310_17_91.png,6
kanazawa_266_310_228_206.png,3
kanazawa_266_310_86_229.png,5
kanazawa_266_310_139_91.png,1
kanazawa_266_310_144_218.png,6
kanazawa_266_310_72_216.png,3
kanazawa_266_310_217_88.png,3
kanazawa_266_310_81_280.png,3
kanazawa_266_310_42_220.png,6
kanazawa_266_310_172_70.png,5
kanazawa_266_310_144_144.png,3
kanazawa_266_310_105_131.png,3
kanazawa_266_310_215_211.png,3
kanazawa_266_310_58_53.png,6
kanazawa_266_310_129_54.png,6
kanazawa_266_310_201_214.png,3
kanazawa_266_310_105_40.png,6
kanazawa_266_310_197_113.png,3
kanazawa_266_310_199_123.png,3
kanazawa_266_310_141_26.png,6
kanazawa_266_310_231_160.png,3
kanazawa_266_310_48_254.png,6
kanazawa_266_310_120_252.png,5
kanazawa_266_310_135_61.png,6
kanazawa_266_310_174_190.png,3
kanazawa_266_310_147_127.png,3
kanazawa_266_310_36_155.png,5
kanazawa_266_310_225_55.png,3
kanazawa_266_310_76_273.png,6
kanazawa_266_310_98_232.png,5
kanazawa_266_310_120_75.png,6
kanazawa_266_310_101_116.png,5
kanazawa_266_310_159_51.png,6
kanazawa_266_310_60_123.png,6
kanazawa_266_310_20_70.png,6
kanazawa_266_310_127_227.png,3
kanazawa_266_310_116_74.png,6
kanazawa_266_310_191_41.png,5
kanazawa_266_310_118_70.png,6
kanazawa_266_310_243_187.png,3
kanazawa_266_310_81_222.png,1
kanazawa_266_310_118_132.png,5
kanazawa_266_310_79_276.png,6
kanazawa_266_310_168_46.png,3
kanazawa_266_310_157_193.png,3
kanazawa_266_310_205_155.png,3
kanazawa_266_310_96_196.png,5
kanazawa_266_310_231_247.png,3
kanazawa_266_310_261_235.png,3
kanazawa_266_310_236_228.png,3
kanazawa_266_310_118_133.png,3
kanazawa_266_310_82_45.png,6
kanazawa_266_310_5_83.png,6
kanazawa_266_310_184_173.png,3
kanazawa_266_310_54_260.png,2
kanazawa_266_310_11_81.png,6
kanazawa_266_310_202_116.png,3
kanazawa_266_310_69_122.png,3
kanazawa_266_310_135_49.png,6
kanazawa_266_310_143_220.png,3
kanazawa_266_310_174_56.png,5
kanazawa_266_310_215_103.png,3
kanazawa_266_310_104_225.png,5
kanazawa_266_310_184_109.png,3
kanazawa_266_310_133_59.png,6
kanazawa_266_310_109_79.png,6
kanazawa_266_310_209_229.png,3
kanazawa_266_310_224_127.png,3
kanazawa_266_310_165_107.png,3
kanazawa_266_310_160_66.png,5
kanazawa_266_310_95_185.png,5
kanazawa_266_310_204_232.png,3
kanazawa_266_310_84_61.png,6
kanazawa_266_310_91_225.png,1
kanazawa_266_310_239_187.png,3
kanazawa_266_310_198_108.png,3
kanazawa_266_310_150_210.png,3
kanazawa_266_310_31_63.png,6
kanazawa_266_310_69_236.png,6
kanazawa_266_310_42_110.png,6
kanazawa_266_310_122_93.png,1
kanazawa_266_310_105_77.png,6
kanazawa_266_310_245_243.png,3
kanazawa_266_310_100_188.png,1
kanazawa_266_310_115_179.png,5
kanazawa_266_310_76_237.png,3
kanazawa_266_310_58_215.png,6
kanazawa_266_310_133_58.png,6
kanazawa_266_310_9_93.png,6
kanazawa_266_310_201_62.png,5
kanazawa_266_310_111_83.png,6
kanazawa_266_310_193_90.png,3
kanazawa_266_310_47_95.png,6
kanazawa_266_310_141_189.png,5
kanazawa_266_310_58_291.png,6
kanazawa_266_310_93_77.png,6
kanazawa_266_310_242_191.png,3
kanazawa_266_310_123_144.png,3
kanazawa_266_310_124_249.png,5
kanazawa_266_310_101_43.png,6
kanazawa_266_310_210_45.png,3
kanazawa_266_310_231_216.png,3
kanazawa_266_310_242_207.png,3
kanazawa_266_310_171_241.png,3
kanazawa_266_310_146_193.png,5
kanazawa_266_310_118_111.png,3
kanazawa_266_310_76_272.png,6
kanazawa_266_310_104_86.png,6
kanazawa_266_310_49_88.png,6
kanazawa_266_310_165_203.png,3
kanazawa_266_310_232_84.png,3
kanazawa_266_310_67_107.png,6
kanazawa_266_310_225_222.png,3
kanazawa_266_310_225_94.png,3
kanazawa_266_310_85_41.png,6
kanazawa_266_310_182_222.png,3
kanazawa_266_310_240_147.png,3
kanazawa_266_310_121_254.png,5
kanazawa_266_310_104_44.png,6
kanazawa_266_310_114_73.png,6
kanazawa_266_310_46_153.png,3
kanazawa_266_310_232_135.png,3
kanazawa_266_310_108_57.png,6
kanazawa_266_310_65_95.png,6
kanazawa_266_310_109_85.png,6
kanazawa_266_310_102_87.png,6
kanazawa_266_310_185_129.png,3
kanazawa_266_310_83_118.png,4
kanazawa_266_310_86_213.png,1
kanazawa_266_310_202_196.png,3
kanazawa_266_310_117_174.png,5
kanazawa_266_310_31_123.png,6
kanazawa_266_310_87_63.png,6
kanazawa_266_310_47_85.png,6
kanazawa_266_310_222_254.png,3
kanazawa_266_310_137_91.png,1
kanazawa_266_310_59_251.png,6
kanazawa_266_310_206_200.png,3
kanazawa_266_310_93_80.png,6
kanazawa_266_310_198_55.png,3
kanazawa_266_310_150_219.png,3
kanazawa_266_310_72_288.png,6
kanazawa_266_310_237_190.png,3
kanazawa_266_310_190_157.png,3
kanazawa_266_310_160_30.png,6
kanazawa_266_310_89_243.png,5
kanazawa_266_310_25_101.png,6
kanazawa_266_310_102_85.png,6
kanazawa_266_310_207_249.png,3
kanazawa_266_310_142_110.png,3
kanazawa_266_310_202_137.png,3
kanazawa_266_310_101_274.png,1
kanazawa_266_310_188_79.png,3
kanazawa_266_310_97_50.png,6
kanazawa_266_310_150_36.png,6
kanazawa_266_310_257_242.png,3
kanazawa_266_310_166_54.png,5
kanazawa_266_310_82_183.png,3
kanazawa_266_310_191_85.png,3
kanazawa_266_310_51_119.png,6
kanazawa_266_310_169_29.png,6
kanazawa_266_310_152_245.png,3
kanazawa_266_310_173_46.png,1
kanazawa_266_310_75_61.png,6
kanazawa_266_310_183_258.png,3
kanazawa_266_310_82_228.png,5
kanazawa_266_310_190_40.png,1
kanazawa_266_310_51_274.png,6
kanazawa_266_310_155_162.png,5
kanazawa_266_310_55_129.png,6
kanazawa_266_310_229_211.png,6
kanazawa_266_310_188_40.png,5
kanazawa_266_310_125_204.png,5
kanazawa_266_310_179_256.png,3
kanazawa_266_310_55_225.png,6
kanazawa_266_310_145_41.png,6
kanazawa_266_310_205_217.png,3
kanazawa_266_310_12_122.png,6
kanazawa_266_310_147_132.png,3
kanazawa_266_310_45_194.png,5
kanazawa_266_310_210_109.png,3
kanazawa_266_310_221_230.png,3
kanazawa_266_310_60_234.png,6
kanazawa_266_310_57_174.png,3
kanazawa_266_310_174_225.png,3
kanazawa_266_310_140_73.png,3
kanazawa_266_310_215_159.png,3
kanazawa_266_310_193_104.png,3
kanazawa_266_310_73_81.png,6
kanazawa_266_310_219_151.png,3
kanazawa_266_310_74_190.png,3
kanazawa_266_310_202_80.png,3
kanazawa_266_310_183_233.png,3
kanazawa_266_310_147_115.png,3
kanazawa_266_310_92_135.png,3
kanazawa_266_310_171_115.png,3
kanazawa_266_310_149_210.png,3
kanazawa_266_310_237_129.png,3
kanazawa_266_310_82_61.png,6
kanazawa_266_310_173_244.png,3
kanazawa_266_310_160_204.png,3
kanazawa_266_310_160_33.png,6
kanazawa_266_310_99_134.png,3
kanazawa_266_310_105_273.png,1
kanazawa_266_310_210_169.png,3
kanazawa_266_310_115_201.png,5
kanazawa_266_310_162_82.png,5
kanazawa_266_310_62_128.png,3
kanazawa_266_310_105_91.png,6
kanazawa_266_310_41_195.png,3
kanazawa_266_310_77_158.png,3
kanazawa_266_310_19_101.png,6
kanazawa_266_310_175_250.png,3
kanazawa_266_310_247_172.png,3
kanazawa_266_310_41_96.png,6
kanazawa_266_310_89_281.png,1
kanazawa_266_310_66_236.png,6
kanazawa_266_310_154_150.png,3
kanazawa_266_310_135_270.png,1
kanazawa_266_310_228_199.png,3
kanazawa_266_310_196_87.png,3
kanazawa_266_310_128_143.png,3
kanazawa_266_310_42_221.png,6
kanazawa_266_310_256_200.png,3
kanazawa_266_310_120_139.png,3
kanazawa_266_310_94_198.png,1
kanazawa_266_310_123_69.png,6
kanazawa_266_310_42_223.png,6
kanazawa_266_310_68_68.png,6
kanazawa_266_310_95_75.png,6
kanazawa_266_310_182_243.png,3
kanazawa_266_310_15_127.png,6
kanazawa_266_310_191_222.png,3
kanazawa_266_310_126_263.png,5
kanazawa_266_310_101_106.png,3
kanazawa_266_310_216_173.png,3
kanazawa_266_310_190_136.png,3
kanazawa_266_310_83_208.png,1
kanazawa_266_310_115_120.png,5
kanazawa_266_310_155_95.png,1
kanazawa_266_310_56_206.png,1
kanazawa_266_310_145_40.png,6
kanazawa_266_310_177_48.png,5
kanazawa_266_310_106_202.png,1
kanazawa_266_310_206_125.png,3
kanazawa_266_310_10_70.png,6
kanazawa_266_310_186_198.png,3
kanazawa_266_310_14_86.png,6
kanazawa_266_310_190_146.png,3
kanazawa_266_310_111_105.png,5
kanazawa_266_310_159_213.png,3
kanazawa_266_310_126_201.png,5
kanazawa_266_310_88_248.png,1
kanazawa_266_310_29_67.png,6
kanazawa_266_310_193_36.png,1
kanazawa_266_310_186_15.png,6
kanazawa_266_310_97_230.png,5
kanazawa_266_310_133_96.png,1
kanazawa_266_310_10_85.png,6
kanazawa_266_310_80_193.png,3
kanazawa_266_310_64_155.png,3
kanazawa_266_310_199_173.png,3
kanazawa_266_310_67_198.png,5
kanazawa_266_310_234_144.png,3
kanazawa_266_310_80_277.png,6
kanazawa_266_310_89_83.png,6
kanazawa_266_310_134_110.png,1
kanazawa_266_310_126_95.png,1
kanazawa_266_310_22_90.png,6
kanazawa_266_310_158_88.png,1
kanazawa_266_310_250_170.png,3
kanazawa_266_310_206_47.png,3
kanazawa_266_310_47_225.png,6
kanazawa_266_310_73_196.png,3
kanazawa_266_310_116_69.png,6
kanazawa_266_310_205_225.png,3
kanazawa_266_310_171_182.png,3
kanazawa_266_310_27_185.png,3
kanazawa_266_310_227_193.png,3
kanazawa_266_310_104_51.png,6
kanazawa_266_310_84_243.png,1
kanazawa_266_310_130_153.png,3
kanazawa_266_310_62_127.png,3
kanazawa_266_310_163_52.png,3
kanazawa_266_310_192_143.png,3
kanazawa_266_310_243_145.png,3
kanazawa_266_310_44_161.png,3
kanazawa_266_310_233_114.png,3
kanazawa_266_310_103_266.png,1
kanazawa_266_310_246_185.png,3
kanazawa_266_310_55_212.png,6
kanazawa_266_310_91_92.png,6
kanazawa_266_310_184_45.png,5
kanazawa_266_310_207_158.png,3
kanazawa_266_310_159_43.png,3
kanazawa_266_310_118_118.png,5
kanazawa_266_310_190_245.png,3
kanazawa_266_310_193_184.png,3
kanazawa_266_310_6_68.png,6
kanazawa_266_310_59_232.png,6
kanazawa_266_310_85_98.png,6
kanazawa_266_310_230_184.png,3
kanazawa_266_310_135_192.png,5
kanazawa_266_310_41_139.png,1
kanazawa_266_310_189_168.png,3
kanazawa_266_310_49_230.png,6
kanazawa_266_310_152_144.png,3
kanazawa_266_310_243_202.png,3
kanazawa_266_310_177_188.png,3
kanazawa_266_310_112_42.png,6
kanazawa_266_310_82_171.png,3
kanazawa_266_310_101_93.png,6
kanazawa_266_310_167_52.png,5
kanazawa_266_310_209_156.png,3
kanazawa_266_310_87_57.png,6
kanazawa_266_310_98_87.png,6
kanazawa_266_310_151_257.png,3
kanazawa_266_310_96_251.png,5
kanazawa_266_310_110_160.png,3
kanazawa_266_310_91_215.png,1
kanazawa_266_310_184_58.png,5
kanazawa_266_310_27_92.png,6
kanazawa_266_310_96_191.png,5
kanazawa_266_310_94_46.png,6
kanazawa_266_310_104_80.png,6
kanazawa_266_310_202_197.png,3
kanazawa_266_310_58_126.png,6
kanazawa_266_310_181_189.png,3
kanazawa_266_310_171_44.png,3
kanazawa_266_310_145_218.png,3
kanazawa_266_310_172_24.png,6
kanazawa_266_310_16_111.png,6
kanazawa_266_310_181_58.png,2
kanazawa_266_310_221_68.png,3
kanazawa_266_310_22_146.png,3
kanazawa_266_310_228_113.png,3
kanazawa_266_310_205_192.png,3
kanazawa_266_310_245_170.png,3
kanazawa_266_310_116_178.png,5
kanazawa_266_310_102_286.png,1
kanazawa_266_310_121_73.png,1
kanazawa_266_310_64_147.png,3
kanazawa_266_310_100_196.png,5
kanazawa_266_310_122_87.png,3
kanazawa_266_310_127_68.png,6
kanazawa_266_310_151_84.png,1
kanazawa_266_310_182_224.png,3
kanazawa_266_310_71_227.png,1
kanazawa_266_310_255_239.png,3
kanazawa_266_310_125_166.png,5
kanazawa_266_310_218_132.png,3
kanazawa_266_310_72_289.png,6
kanazawa_266_310_194_37.png,1
kanazawa_266_310_82_173.png,3
kanazawa_266_310_236_249.png,3
kanazawa_266_310_42_243.png,6
kanazawa_266_310_164_39.png,6
kanazawa_266_310_221_181.png,3
kanazawa_266_310_226_67.png,3
kanazawa_266_310_140_141.png,3
kanazawa_266_310_199_124.png,3
kanazawa_266_310_123_138.png,3
kanazawa_266_310_58_59.png,6
kanazawa_266_310_155_60.png,3
kanazawa_266_310_108_129.png,3
kanazawa_266_310_14_83.png,6
kanazawa_266_310_214_169.png,3
kanazawa_266_310_112_67.png,6
kanazawa_266_310_122_255.png,5
kanazawa_266_310_164_98.png,3
kanazawa_266_310_132_114.png,3
kanazawa_266_310_203_141.png,3
kanazawa_266_310_46_213.png,6
kanazawa_266_310_130_118.png,3
kanazawa_266_310_97_174.png,3
kanazawa_266_310_25_117.png,6
kanazawa_266_310_97_263.png,1
kanazawa_266_310_75_62.png,6
kanazawa_266_310_136_55.png,6
kanazawa_266_310_179_163.png,3
kanazawa_266_310_172_119.png,3
kanazawa_266_310_155_155.png,3
kanazawa_266_310_90_221.png,1
kanazawa_266_310_102_161.png,3
kanazawa_266_310_66_223.png,6
kanazawa_266_310_210_220.png,3
kanazawa_266_310_159_207.png,3
kanazawa_266_310_81_147.png,3
kanazawa_266_310_88_40.png,6
kanazawa_266_310_220_130.png,3
kanazawa_266_310_112_40.png,6
kanazawa_266_310_18_106.png,6
kanazawa_266_310_104_140.png,3
kanazawa_266_310_216_168.png,3
kanazawa_266_310_237_122.png,3
kanazawa_266_310_110_86.png,6
kanazawa_266_310_11_97.png,6
kanazawa_266_310_77_224.png,1
kanazawa_266_310_109_272.png,1
kanazawa_266_310_42_178.png,3
kanazawa_266_310_95_69.png,6
kanazawa_266_310_105_57.png,6
kanazawa_266_310_80_73.png,6
kanazawa_266_310_68_66.png,6
kanazawa_266_310_82_246.png,1
kanazawa_266_310_114_33.png,6
kanazawa_266_310_111_43.png,6
kanazawa_266_310_57_216.png,6
kanazawa_266_310_159_268.png,3
kanazawa_266_310_204_26.png,5
kanazawa_266_310_233_104.png,3
kanazawa_266_310_200_157.png,3
kanazawa_266_310_78_87.png,6
kanazawa_266_310_132_103.png,1
kanazawa_266_310_42_273.png,6
kanazawa_266_310_159_70.png,5
kanazawa_266_310_203_63.png,3
kanazawa_266_310_18_109.png,6
kanazawa_266_310_232_229.png,3
kanazawa_266_310_160_185.png,3
kanazawa_266_310_205_46.png,3
kanazawa_266_310_121_128.png,3
kanazawa_266_310_28_125.png,6
kanazawa_266_310_136_192.png,5
kanazawa_266_310_123_60.png,6
kanazawa_266_310_76_131.png,5
kanazawa_266_310_203_228.png,3
kanazawa_266_310_42_218.png,6
kanazawa_266_310_115_206.png,5
kanazawa_266_310_33_117.png,6
kanazawa_266_310_250_192.png,3
kanazawa_266_310_106_163.png,3
kanazawa_266_310_116_174.png,5
kanazawa_266_310_104_158.png,3
kanazawa_266_310_12_117.png,6
kanazawa_266_310_20_68.png,6
kanazawa_266_310_84_89.png,6
kanazawa_266_310_95_133.png,3
kanazawa_266_310_202_129.png,3
kanazawa_266_310_212_244.png,3
kanazawa_266_310_53_190.png,3
kanazawa_266_310_200_164.png,3
kanazawa_266_310_45_157.png,5
kanazawa_266_310_41_247.png,6
kanazawa_266_310_211_161.png,3
kanazawa_266_310_181_259.png,3
kanazawa_266_310_54_120.png,6
kanazawa_266_310_154_45.png,6
kanazawa_266_310_182_135.png,3
kanazawa_266_310_248_202.png,3
kanazawa_266_310_236_108.png,3
kanazawa_266_310_50_116.png,6
kanazawa_266_310_67_77.png,6
kanazawa_266_310_134_61.png,6
kanazawa_266_310_147_89.png,1
kanazawa_266_310_38_124.png,6
kanazawa_266_310_132_55.png,6
kanazawa_266_310_112_173.png,5
kanazawa_266_310_137_94.png,1
kanazawa_266_310_223_158.png,3
kanazawa_266_310_240_149.png,3
kanazawa_266_310_183_60.png,5
kanazawa_266_310_238_194.png,3
kanazawa_266_310_180_262.png,3
kanazawa_266_310_158_228.png,3
kanazawa_266_310_191_177.png,3
kanazawa_266_310_46_287.png,6
kanazawa_266_310_181_181.png,3
kanazawa_266_310_139_31.png,6
kanazawa_266_310_65_97.png,6
kanazawa_266_310_157_223.png,3
kanazawa_266_310_93_105.png,6
kanazawa_266_310_101_275.png,1
kanazawa_266_310_226_162.png,3
kanazawa_266_310_139_43.png,6
kanazawa_266_310_236_163.png,3
kanazawa_266_310_81_284.png,6
kanazawa_266_310_199_44.png,5
kanazawa_266_310_53_179.png,3
kanazawa_266_310_133_88.png,1
kanazawa_266_310_8_64.png,6
kanazawa_266_310_39_245.png,6
kanazawa_266_310_249_202.png,3
kanazawa_266_310_16_70.png,6
kanazawa_266_310_177_109.png,3
kanazawa_266_310_88_80.png,6
kanazawa_266_310_187_47.png,5
kanazawa_266_310_101_195.png,5
kanazawa_266_310_214_88.png,5
kanazawa_266_310_86_231.png,5
kanazawa_266_310_101_141.png,3
kanazawa_266_310_134_156.png,3
kanazawa_266_310_136_53.png,6
kanazawa_266_310_60_239.png,6
kanazawa_266_310_217_157.png,3
kanazawa_266_310_197_164.png,3
kanazawa_266_310_155_143.png,3
kanazawa_266_310_50_118.png,6
kanazawa_266_310_1_65.png,6
kanazawa_266_310_51_69.png,6
kanazawa_266_310_52_212.png,6
kanazawa_266_310_196_213.png,3
kanazawa_266_310_220_141.png,3
kanazawa_266_310_106_149.png,3
kanazawa_266_310_204_36.png,5
kanazawa_266_310_169_205.png,3
kanazawa_266_310_227_155.png,3
kanazawa_266_310_217_127.png,3
kanazawa_266_310_146_46.png,6
kanazawa_266_310_190_106.png,3
kanazawa_266_310_34_131.png,3
kanazawa_266_310_244_153.png,3
kanazawa_266_310_140_119.png,3
kanazawa_266_310_219_191.png,3
kanazawa_266_310_51_173.png,3
kanazawa_266_310_75_152.png,3
kanazawa_266_310_183_23.png,6
kanazawa_266_310_225_124.png,3
kanazawa_266_310_41_149.png,5
kanazawa_266_310_140_106.png,1
kanazawa_266_310_107_45.png,6
kanazawa_266_310_230_81.png,3
kanazawa_266_310_184_133.png,3
kanazawa_266_310_168_70.png,5
kanazawa_266_310_71_96.png,6
kanazawa_266_310_149_196.png,3
kanazawa_266_310_194_128.png,3
kanazawa_266_310_208_256.png,3
kanazawa_266_310_188_153.png,3
kanazawa_266_310_101_67.png,6
kanazawa_266_310_143_159.png,3
kanazawa_266_310_159_210.png,3
kanazawa_266_310_183_205.png,3
kanazawa_266_310_167_147.png,3
kanazawa_266_310_15_81.png,6
kanazawa_266_310_23_59.png,6
kanazawa_266_310_141_152.png,3
kanazawa_266_310_163_215.png,3
kanazawa_266_310_125_54.png,6
kanazawa_266_310_143_55.png,6
kanazawa_266_310_183_179.png,3
kanazawa_266_310_50_188.png,5
kanazawa_266_310_163_44.png,6
kanazawa_266_310_29_96.png,6
kanazawa_266_310_71_64.png,6
kanazawa_266_310_200_251.png,3
kanazawa_266_310_149_166.png,5
kanazawa_266_310_83_194.png,3
kanazawa_266_310_104_279.png,1
kanazawa_266_310_51_210.png,6
kanazawa_266_310_54_247.png,6
kanazawa_266_310_53_245.png,6
kanazawa_266_310_27_182.png,3
kanazawa_266_310_210_219.png,3
kanazawa_266_310_192_241.png,3
kanazawa_266_310_38_253.png,6
kanazawa_266_310_153_56.png,6
kanazawa_266_310_218_93.png,3
kanazawa_266_310_151_240.png,3
kanazawa_266_310_110_98.png,3
kanazawa_266_310_147_192.png,5
kanazawa_266_310_160_184.png,5
kanazawa_266_310_160_236.png,3
kanazawa_266_310_33_155.png,5
kanazawa_266_310_164_254.png,3
kanazawa_266_310_186_249.png,3
kanazawa_266_310_65_92.png,6
kanazawa_266_310_235_168.png,3
kanazawa_266_310_111_138.png,3
kanazawa_266_310_47_173.png,5
kanazawa_266_310_81_265.png,6
kanazawa_266_310_182_144.png,3
kanazawa_266_310_182_183.png,3
kanazawa_266_310_90_213.png,1
kanazawa_266_310_186_17.png,6
kanazawa_266_310_229_226.png,3
kanazawa_266_310_221_23.png,3
kanazawa_266_310_121_173.png,5
kanazawa_266_310_43_101.png,6
kanazawa_266_310_137_191.png,5
kanazawa_266_310_209_113.png,3
kanazawa_266_310_53_85.png,6
kanazawa_266_310_96_48.png,6
kanazawa_266_310_33_104.png,6
kanazawa_266_310_184_170.png,3
kanazawa_266_310_176_128.png,3
kanazawa_266_310_108_272.png,1
kanazawa_266_310_79_46.png,6
kanazawa_266_310_108_250.png,5
kanazawa_266_310_43_61.png,6
kanazawa_266_310_154_69.png,5
kanazawa_266_310_132_95.png,1
kanazawa_266_310_57_274.png,6
kanazawa_266_310_50_132.png,6
kanazawa_266_310_97_254.png,5
kanazawa_266_310_191_183.png,3
kanazawa_266_310_76_61.png,6
kanazawa_266_310_103_140.png,3
kanazawa_266_310_171_201.png,3
kanazawa_266_310_74_49.png,6
kanazawa_266_310_71_295.png,6
kanazawa_266_310_67_226.png,6
kanazawa_266_310_78_48.png,6
kanazawa_266_310_229_168.png,3
kanazawa_266_310_11_74.png,6
kanazawa_266_310_29_79.png,6
kanazawa_266_310_189_103.png,3
kanazawa_266_310_152_31.png,6
kanazawa_266_310_151_232.png,3
kanazawa_266_310_160_156.png,3
kanazawa_266_310_40_224.png,6
kanazawa_266_310_145_206.png,3
kanazawa_266_310_98_243.png,5
kanazawa_266_310_197_193.png,3
kanazawa_266_310_221_90.png,3
kanazawa_266_310_184_219.png,3
kanazawa_266_310_174_58.png,5
kanazawa_266_310_164_21.png,6
kanazawa_266_310_71_46.png,6
kanazawa_266_310_128_134.png,3
kanazawa_266_310_168_44.png,6
kanazawa_266_310_123_146.png,3
kanazawa_266_310_208_204.png,3
kanazawa_266_310_35_221.png,6
kanazawa_266_310_125_263.png,5
kanazawa_266_310_117_103.png,3
kanazawa_266_310_223_108.png,3
kanazawa_266_310_66_57.png,6
kanazawa_266_310_215_143.png,3
kanazawa_266_310_152_173.png,5
kanazawa_266_310_93_136.png,3
kanazawa_266_310_189_54.png,5
kanazawa_266_310_97_212.png,5
kanazawa_266_310_48_264.png,6
kanazawa_266_310_141_185.png,5
kanazawa_266_310_99_189.png,1
kanazawa_266_310_183_152.png,3
kanazawa_266_310_45_64.png,6
kanazawa_266_310_73_79.png,6
kanazawa_266_310_50_287.png,6
kanazawa_266_310_83_232.png,5
kanazawa_266_310_200_118.png,3
kanazawa_266_310_253_232.png,3
kanazawa_266_310_114_62.png,6
kanazawa_266_310_178_63.png,1
kanazawa_266_310_193_132.png,3
kanazawa_266_310_44_61.png,6
kanazawa_266_310_109_34.png,6
kanazawa_266_310_122_129.png,3
kanazawa_266_310_232_78.png,3
kanazawa_266_310_139_74.png,3
kanazawa_266_310_16_72.png,6
kanazawa_266_310_121_42.png,6
kanazawa_266_310_209_154.png,3
kanazawa_266_310_118_161.png,5
kanazawa_266_310_178_244.png,3
kanazawa_266_310_240_230.png,3
kanazawa_266_310_112_282.png,1
kanazawa_266_310_49_121.png,6
kanazawa_266_310_163_212.png,3
kanazawa_266_310_66_263.png,6
kanazawa_266_310_205_235.png,3
kanazawa_266_310_211_159.png,3
kanazawa_266_310_95_146.png,3
kanazawa_266_310_236_161.png,3
kanazawa_266_310_16_108.png,6
kanazawa_266_310_140_93.png,1
kanazawa_266_310_209_243.png,3
kanazawa_266_310_197_142.png,3
kanazawa_266_310_41_228.png,6
kanazawa_266_310_190_45.png,1
kanazawa_266_310_49_173.png,3
kanazawa_266_310_144_57.png,6
kanazawa_266_310_78_60.png,6
kanazawa_266_310_101_77.png,6
kanazawa_266_310_119_82.png,1
kanazawa_266_310_85_64.png,6
kanazawa_266_310_225_174.png,3
kanazawa_266_310_203_172.png,3
kanazawa_266_310_182_198.png,3
kanazawa_266_310_165_93.png,3
kanazawa_266_310_161_189.png,3
kanazawa_266_310_82_280.png,3
kanazawa_266_310_167_200.png,3
kanazawa_266_310_143_227.png,3
kanazawa_266_310_18_126.png,6
kanazawa_266_310_211_218.png,3
kanazawa_266_310_63_79.png,6
kanazawa_266_310_41_109.png,6
kanazawa_266_310_76_267.png,6
kanazawa_266_310_66_245.png,6
kanazawa_266_310_166_22.png,6
kanazawa_266_310_149_189.png,5
kanazawa_266_310_89_61.png,6
kanazawa_266_310_75_117.png,6
kanazawa_266_310_95_85.png,6
kanazawa_266_310_87_158.png,3
kanazawa_266_310_30_79.png,6
kanazawa_266_310_44_219.png,6
kanazawa_266_310_181_222.png,3
kanazawa_266_310_44_75.png,6
kanazawa_266_310_113_126.png,1
kanazawa_266_310_35_189.png,3
kanazawa_266_310_72_205.png,3
kanazawa_266_310_218_134.png,3
kanazawa_266_310_67_228.png,6
kanazawa_266_310_97_209.png,5
kanazawa_266_310_218_242.png,3
kanazawa_266_310_90_127.png,3
kanazawa_266_310_161_217.png,3
kanazawa_266_310_186_179.png,3
kanazawa_266_310_234_198.png,3
kanazawa_266_310_217_176.png,3
kanazawa_266_310_105_75.png,6
kanazawa_266_310_168_266.png,3
kanazawa_266_310_52_199.png,5
kanazawa_266_310_135_27.png,6
kanazawa_266_310_39_250.png,6
kanazawa_266_310_69_69.png,6
kanazawa_266_310_198_130.png,3
kanazawa_266_310_104_62.png,6
kanazawa_266_310_47_61.png,6
kanazawa_266_310_238_239.png,3
kanazawa_266_310_142_149.png,3
kanazawa_266_310_160_98.png,3
kanazawa_266_310_233_199.png,6
kanazawa_266_310_235_141.png,3
kanazawa_266_310_121_194.png,1
kanazawa_266_310_67_239.png,6
kanazawa_266_310_37_75.png,6
kanazawa_266_310_71_174.png,3
kanazawa_266_310_133_86.png,1
kanazawa_266_310_103_225.png,5
kanazawa_266_310_173_111.png,3
kanazawa_266_310_47_262.png,6
kanazawa_266_310_150_204.png,3
kanazawa_266_310_195_163.png,3
kanazawa_266_310_180_20.png,6
kanazawa_266_310_57_302.png,6
kanazawa_266_310_108_207.png,5
kanazawa_266_310_139_210.png,3
kanazawa_266_310_188_138.png,3
kanazawa_266_310_138_50.png,6
kanazawa_266_310_80_78.png,6
kanazawa_266_310_108_280.png,1
kanazawa_266_310_251_205.png,3
kanazawa_266_310_141_130.png,3
kanazawa_266_310_127_85.png,3
kanazawa_266_310_83_180.png,3
kanazawa_266_310_239_113.png,3
kanazawa_266_310_97_84.png,6
kanazawa_266_310_60_214.png,6
kanazawa_266_310_228_204.png,3
kanazawa_266_310_228_183.png,3
kanazawa_266_310_132_159.png,6
kanazawa_266_310_161_95.png,3
kanazawa_266_310_205_180.png,3
kanazawa_266_310_197_133.png,3
kanazawa_266_310_191_118.png,3
kanazawa_266_310_244_211.png,3
kanazawa_266_310_161_66.png,5
kanazawa_266_310_135_93.png,1
kanazawa_266_310_231_88.png,3
kanazawa_266_310_50_184.png,3
kanazawa_266_310_173_74.png,5
kanazawa_266_310_158_185.png,5
kanazawa_266_310_228_214.png,6
kanazawa_266_310_10_77.png,6
kanazawa_266_310_173_35.png,6
kanazawa_266_310_68_275.png,6
kanazawa_266_310_186_244.png,3
kanazawa_266_310_86_132.png,3
kanazawa_266_310_217_207.png,3
kanazawa_266_310_99_69.png,6
kanazawa_266_310_68_58.png,6
kanazawa_266_310_33_183.png,3
kanazawa_266_310_251_177.png,3
kanazawa_266_310_231_105.png,3
kanazawa_266_310_236_187.png,3
kanazawa_266_310_107_127.png,3
kanazawa_266_310_98_230.png,5
kanazawa_266_310_37_104.png,6
kanazawa_266_310_112_255.png,5
kanazawa_266_310_83_149.png,3
kanazawa_266_310_132_194.png,5
kanazawa_266_310_169_268.png,3
kanazawa_266_310_81_49.png,6
kanazawa_266_310_17_74.png,6
kanazawa_266_310_164_205.png,3
kanazawa_266_310_189_205.png,3
kanazawa_266_310_158_144.png,3
kanazawa_266_310_112_217.png,5
kanazawa_266_310_244_235.png,3
kanazawa_266_310_213_220.png,3
kanazawa_266_310_237_116.png,3
kanazawa_266_310_67_262.png,6
kanazawa_266_310_54_86.png,6
kanazawa_266_310_132_76.png,3
kanazawa_266_310_207_70.png,3
kanazawa_266_310_70_247.png,6
kanazawa_266_310_183_172.png,3
kanazawa_266_310_230_102.png,3
kanazawa_266_310_118_109.png,3
kanazawa_266_310_228_182.png,3
kanazawa_266_310_124_66.png,6
kanazawa_266_310_115_164.png,5
kanazawa_266_310_132_188.png,5
kanazawa_266_310_204_115.png,3
kanazawa_266_310_171_19.png,6
kanazawa_266_310_243_155.png,5
kanazawa_266_310_196_187.png,3
kanazawa_266_310_191_34.png,5
kanazawa_266_310_164_144.png,3
kanazawa_266_310_226_128.png,3
kanazawa_266_310_155_225.png,3
kanazawa_266_310_224_73.png,3
kanazawa_266_310_152_199.png,3
kanazawa_266_310_208_172.png,3
kanazawa_266_310_86_292.png,5
kanazawa_266_310_227_103.png,3
kanazawa_266_310_13_104.png,6
kanazawa_266_310_55_209.png,6
kanazawa_266_310_31_129.png,3
kanazawa_266_310_106_201.png,5
kanazawa_266_310_38_205.png,3
kanazawa_266_310_37_219.png,6
kanazawa_266_310_67_144.png,3
kanazawa_266_310_216_133.png,3
kanazawa_266_310_158_95.png,1
kanazawa_266_310_200_128.png,3
kanazawa_266_310_231_155.png,3
kanazawa_266_310_221_223.png,3
kanazawa_266_310_69_249.png,6
kanazawa_266_310_48_63.png,6
kanazawa_266_310_176_35.png,6
kanazawa_266_310_175_66.png,5
kanazawa_266_310_81_182.png,3
kanazawa_266_310_80_261.png,6
kanazawa_266_310_238_167.png,3
kanazawa_266_310_230_171.png,3
kanazawa_266_310_79_270.png,6
kanazawa_266_310_65_68.png,6
kanazawa_266_310_234_203.png,3
kanazawa_266_310_20_145.png,3
kanazawa_266_310_18_87.png,6
kanazawa_266_310_61_251.png,6
kanazawa_266_310_117_231.png,3
kanazawa_266_310_161_30.png,6
kanazawa_266_310_60_295.png,6
kanazawa_266_310_71_95.png,6
kanazawa_266_310_160_193.png,3
kanazawa_266_310_228_225.png,3
kanazawa_266_310_59_177.png,3
kanazawa_266_310_196_225.png,3
kanazawa_266_310_117_173.png,5
kanazawa_266_310_42_140.png,1
kanazawa_266_310_97_63.png,6
kanazawa_266_310_227_157.png,3
kanazawa_266_310_73_153.png,3
kanazawa_266_310_90_172.png,3
kanazawa_266_310_118_199.png,5
kanazawa_266_310_186_154.png,3
kanazawa_266_310_98_245.png,5
kanazawa_266_310_151_131.png,3
kanazawa_266_310_33_98.png,6
kanazawa_266_310_191_197.png,3
kanazawa_266_310_51_130.png,3
kanazawa_266_310_231_176.png,3
kanazawa_266_310_155_74.png,1
kanazawa_266_310_150_41.png,6
kanazawa_266_310_128_258.png,5
kanazawa_266_310_236_153.png,3
kanazawa_266_310_113_253.png,5
kanazawa_266_310_209_183.png,3
kanazawa_266_310_243_143.png,3
kanazawa_266_310_51_277.png,6
kanazawa_266_310_64_244.png,6
kanazawa_266_310_112_70.png,6
kanazawa_266_310_184_17.png,6
kanazawa_266_310_148_190.png,5
kanazawa_266_310_68_159.png,3
kanazawa_266_310_48_222.png,6
kanazawa_266_310_30_200.png,3
kanazawa_266_310_54_220.png,6
kanazawa_266_310_146_34.png,6
kanazawa_266_310_175_267.png,3
kanazawa_266_310_119_51.png,6
kanazawa_266_310_221_25.png,3
kanazawa_266_310_215_112.png,3
kanazawa_266_310_219_74.png,3
kanazawa_266_310_151_202.png,3
kanazawa_266_310_55_282.png,6
kanazawa_266_310_66_62.png,6
kanazawa_266_310_105_221.png,5
kanazawa_266_310_70_261.png,6
kanazawa_266_310_43_216.png,6
kanazawa_266_310_219_154.png,3
kanazawa_266_310_132_87.png,1
kanazawa_266_310_87_212.png,1
kanazawa_266_310_192_131.png,3
kanazawa_266_310_84_285.png,1
kanazawa_266_310_196_245.png,3
kanazawa_266_310_157_257.png,3
kanazawa_266_310_84_76.png,6
kanazawa_266_310_80_105.png,6
kanazawa_266_310_63_218.png,6
kanazawa_266_310_37_248.png,6
kanazawa_266_310_35_110.png,6
kanazawa_266_310_15_72.png,6
kanazawa_266_310_229_203.png,3
kanazawa_266_310_69_274.png,6
kanazawa_266_310_239_199.png,3
kanazawa_266_310_205_256.png,3
kanazawa_266_310_224_247.png,3
kanazawa_266_310_233_195.png,3
kanazawa_266_310_208_116.png,3
kanazawa_266_310_223_197.png,3
kanazawa_266_310_82_109.png,6
kanazawa_266_310_48_249.png,6
kanazawa_266_310_202_39.png,5
kanazawa_266_310_110_206.png,5
kanazawa_266_310_66_165.png,3
kanazawa_266_310_117_197.png,5
kanazawa_266_310_142_228.png,3
kanazawa_266_310_25_86.png,6
kanazawa_266_310_176_119.png,3
kanazawa_266_310_105_261.png,1
kanazawa_266_310_77_288.png,6
kanazawa_266_310_83_281.png,1
kanazawa_266_310_68_241.png,6
kanazawa_266_310_86_56.png,6
kanazawa_266_310_183_204.png,3
kanazawa_266_310_257_230.png,3
kanazawa_266_310_258_227.png,3
kanazawa_266_310_226_141.png,3
kanazawa_266_310_117_143.png,3
kanazawa_266_310_26_68.png,6
kanazawa_266_310_194_198.png,3
kanazawa_266_310_67_274.png,6
kanazawa_266_310_124_166.png,5
kanazawa_266_310_171_229.png,3
kanazawa_266_310_241_160.png,3
kanazawa_266_310_233_151.png,3
kanazawa_266_310_162_217.png,3
kanazawa_266_310_221_106.png,3
kanazawa_266_310_70_216.png,3
kanazawa_266_310_185_47.png,5
kanazawa_266_310_22_172.png,5
kanazawa_266_310_188_200.png,3
kanazawa_266_310_200_160.png,3
kanazawa_266_310_249_189.png,3
kanazawa_266_310_71_275.png,6
kanazawa_266_310_173_259.png,3
kanazawa_266_310_212_206.png,3
kanazawa_266_310_53_215.png,6
kanazawa_266_310_233_81.png,3
kanazawa_266_310_213_172.png,3
kanazawa_266_310_234_136.png,3
kanazawa_266_310_42_145.png,1
kanazawa_266_310_249_173.png,3
kanazawa_266_310_211_36.png,5
kanazawa_266_310_56_251.png,6
kanazawa_266_310_174_264.png,3
kanazawa_266_310_254_215.png,3
kanazawa_266_310_107_126.png,3
kanazawa_266_310_136_100.png,1
kanazawa_266_310_44_112.png,6
kanazawa_266_310_214_176.png,3
kanazawa_266_310_45_215.png,6
kanazawa_266_310_55_99.png,6
kanazawa_266_310_43_97.png,6
kanazawa_266_310_209_34.png,5
kanazawa_266_310_42_174.png,3
kanazawa_266_310_220_121.png,3
kanazawa_266_310_227_219.png,3
kanazawa_266_310_186_227.png,3
kanazawa_266_310_205_179.png,3
kanazawa_266_310_200_220.png,3
kanazawa_266_310_48_208.png,6
kanazawa_266_310_66_103.png,6
kanazawa_266_310_168_82.png,5
kanazawa_266_310_50_87.png,6
kanazawa_266_310_190_149.png,3
kanazawa_266_310_110_200.png,5
kanazawa_266_310_202_180.png,3
kanazawa_266_310_65_125.png,3
kanazawa_266_310_238_122.png,3
kanazawa_266_310_190_248.png,6
kanazawa_266_310_67_59.png,6
kanazawa_266_310_169_224.png,3
kanazawa_266_310_244_182.png,3
kanazawa_266_310_56_82.png,6
kanazawa_266_310_61_82.png,6
kanazawa_266_310_205_224.png,3
kanazawa_266_310_38_95.png,6
kanazawa_266_310_204_244.png,3
kanazawa_266_310_216_167.png,3
kanazawa_266_310_156_205.png,3
kanazawa_266_310_25_167.png,5
kanazawa_266_310_46_116.png,6
kanazawa_266_310_240_205.png,3
kanazawa_266_310_220_233.png,3
kanazawa_266_310_139_272.png,1
kanazawa_266_310_152_37.png,6
kanazawa_266_310_182_189.png,3
kanazawa_266_310_123_68.png,6
kanazawa_266_310_41_122.png,6
kanazawa_266_310_106_263.png,5
kanazawa_266_310_64_219.png,6
kanazawa_266_310_65_65.png,6
kanazawa_266_310_79_271.png,1
kanazawa_266_310_223_194.png,3
kanazawa_266_310_24_70.png,6
kanazawa_266_310_68_155.png,3
kanazawa_266_310_42_259.png,6
kanazawa_266_310_67_251.png,6
kanazawa_266_310_211_99.png,3
kanazawa_266_310_192_235.png,3
kanazawa_266_310_34_157.png,5
kanazawa_266_310_109_74.png,6
kanazawa_266_310_19_157.png,3
kanazawa_266_310_159_217.png,3
kanazawa_266_310_95_241.png,1
kanazawa_266_310_77_249.png,6
kanazawa_266_310_115_190.png,5
kanazawa_266_310_77_156.png,3
kanazawa_266_310_204_139.png,3
kanazawa_266_310_155_46.png,6
kanazawa_266_310_180_159.png,3
kanazawa_266_310_235_244.png,3
kanazawa_266_310_74_236.png,6
kanazawa_266_310_130_77.png,3
kanazawa_266_310_188_203.png,3
kanazawa_266_310_181_25.png,6
kanazawa_266_310_169_259.png,3
kanazawa_266_310_166_76.png,5
kanazawa_266_310_113_184.png,5
kanazawa_266_310_237_202.png,3
kanazawa_266_310_85_80.png,6
kanazawa_266_310_210_71.png,3
kanazawa_266_310_126_143.png,3
kanazawa_266_310_207_173.png,3
kanazawa_266_310_227_72.png,3
kanazawa_266_310_164_109.png,3
kanazawa_266_310_96_63.png,6
kanazawa_266_310_218_192.png,3
kanazawa_266_310_60_154.png,3
kanazawa_266_310_162_216.png,3
kanazawa_266_310_107_287.png,1
kanazawa_266_310_81_250.png,1
kanazawa_266_310_175_20.png,6
kanazawa_266_310_202_189.png,3
kanazawa_266_310_102_102.png,3
kanazawa_266_310_18_119.png,6
kanazawa_266_310_111_162.png,3
kanazawa_266_310_65_94.png,6
kanazawa_266_310_199_23.png,1
kanazawa_266_310_226_69.png,3
kanazawa_266_310_200_28.png,5
kanazawa_266_310_212_126.png,3
kanazawa_266_310_54_109.png,6
kanazawa_266_310_55_233.png,6
kanazawa_266_310_145_110.png,1
kanazawa_266_310_59_209.png,1
kanazawa_266_310_162_165.png,5
kanazawa_266_310_127_56.png,6
kanazawa_266_310_187_203.png,3
kanazawa_266_310_82_140.png,3
kanazawa_266_310_211_115.png,3
kanazawa_266_310_141_153.png,3
kanazawa_266_310_41_134.png,6
kanazawa_266_310_201_10.png,6
kanazawa_266_310_68_293.png,6
kanazawa_266_310_38_228.png,6
kanazawa_266_310_241_166.png,3
kanazawa_266_310_175_51.png,4
kanazawa_266_310_34_72.png,6
kanazawa_266_310_11_86.png,6
kanazawa_266_310_91_250.png,5
kanazawa_266_310_166_57.png,5
kanazawa_266_310_182_125.png,3
kanazawa_266_310_167_65.png,5
kanazawa_266_310_191_162.png,3
kanazawa_266_310_152_60.png,3
kanazawa_266_310_55_273.png,6
kanazawa_266_310_207_148.png,3
kanazawa_266_310_111_263.png,3
kanazawa_266_310_140_95.png,1
kanazawa_266_310_107_49.png,6
kanazawa_266_310_96_137.png,3
kanazawa_266_310_158_94.png,1
kanazawa_266_310_111_264.png,1
kanazawa_266_310_220_193.png,3
kanazawa_266_310_200_172.png,3
kanazawa_266_310_66_68.png,6
kanazawa_266_310_143_147.png,3
kanazawa_266_310_47_108.png,6
kanazawa_266_310_176_218.png,3
kanazawa_266_310_115_96.png,3
kanazawa_266_310_178_136.png,3
kanazawa_266_310_60_173.png,3
kanazawa_266_310_110_219.png,5
kanazawa_266_310_191_211.png,3
kanazawa_266_310_163_149.png,3
kanazawa_266_310_93_49.png,6
kanazawa_266_310_175_18.png,6
kanazawa_266_310_128_64.png,6
kanazawa_266_310_16_84.png,6
kanazawa_266_310_83_88.png,6
kanazawa_266_310_108_42.png,6
kanazawa_266_310_68_65.png,6
kanazawa_266_310_46_203.png,3
kanazawa_266_310_150_205.png,3
kanazawa_266_310_126_122.png,3
kanazawa_266_310_178_152.png,3
kanazawa_266_310_14_109.png,6
kanazawa_266_310_188_228.png,3
kanazawa_266_310_212_210.png,3
kanazawa_266_310_188_194.png,3
kanazawa_266_310_192_238.png,3
kanazawa_266_310_234_139.png,3
kanazawa_266_310_78_263.png,6
kanazawa_266_310_167_230.png,3
kanazawa_266_310_200_216.png,3
kanazawa_266_310_90_61.png,6
kanazawa_266_310_44_242.png,6
kanazawa_266_310_163_239.png,3
kanazawa_266_310_79_143.png,3
kanazawa_266_310_179_227.png,3
kanazawa_266_310_124_52.png,6
kanazawa_266_310_178_31.png,6
kanazawa_266_310_223_204.png,3
kanazawa_266_310_170_248.png,3
kanazawa_266_310_125_76.png,3
kanazawa_266_310_48_53.png,6
kanazawa_266_310_211_135.png,3
kanazawa_266_310_170_59.png,5
kanazawa_266_310_148_108.png,1
kanazawa_266_310_189_25.png,6
kanazawa_266_310_135_262.png,5
kanazawa_266_310_149_69.png,5
kanazawa_266_310_154_27.png,6
kanazawa_266_310_196_237.png,3
kanazawa_266_310_93_70.png,6
kanazawa_266_310_235_106.png,3
kanazawa_266_310_26_66.png,6
kanazawa_266_310_124_181.png,5
kanazawa_266_310_182_165.png,3
kanazawa_266_310_221_252.png,3
kanazawa_266_310_45_134.png,3
kanazawa_266_310_83_242.png,1
kanazawa_266_310_156_23.png,6
kanazawa_266_310_143_25.png,6
kanazawa_266_310_219_84.png,3
kanazawa_266_310_119_250.png,5
kanazawa_266_310_213_144.png,6
kanazawa_266_310_49_59.png,6
kanazawa_266_310_118_62.png,6
kanazawa_266_310_176_257.png,3
kanazawa_266_310_54_106.png,6
kanazawa_266_310_155_209.png,3
kanazawa_266_310_141_51.png,6
kanazawa_266_310_71_237.png,6
kanazawa_266_310_145_137.png,3
kanazawa_266_310_49_252.png,6
kanazawa_266_310_46_122.png,6
kanazawa_266_310_142_184.png,5
kanazawa_266_310_82_44.png,6
kanazawa_266_310_45_146.png,5
kanazawa_266_310_210_254.png,3
kanazawa_266_310_180_193.png,3
kanazawa_266_310_178_242.png,3
kanazawa_266_310_217_230.png,3
kanazawa_266_310_71_49.png,6
kanazawa_266_310_62_71.png,6
kanazawa_266_310_40_106.png,6
kanazawa_266_310_155_234.png,3
kanazawa_266_310_72_122.png,3
kanazawa_266_310_129_250.png,5
kanazawa_266_310_91_262.png,5
kanazawa_266_310_183_127.png,3
kanazawa_266_310_239_169.png,3
kanazawa_266_310_63_94.png,6
kanazawa_266_310_39_58.png,6
kanazawa_266_310_129_145.png,3
kanazawa_266_310_158_203.png,3
kanazawa_266_310_36_82.png,6
kanazawa_266_310_188_45.png,5
kanazawa_266_310_162_174.png,5
kanazawa_266_310_152_175.png,5
kanazawa_266_310_198_41.png,5
kanazawa_266_310_237_131.png,3
kanazawa_266_310_28_62.png,6
kanazawa_266_310_125_127.png,3
kanazawa_266_310_95_140.png,3
kanazawa_266_310_224_248.png,3
kanazawa_266_310_170_43.png,3
kanazawa_266_310_98_69.png,6
kanazawa_266_310_83_171.png,4
kanazawa_266_310_179_206.png,3
kanazawa_266_310_168_117.png,3
kanazawa_266_310_194_38.png,1
kanazawa_266_310_190_124.png,3
kanazawa_266_310_25_97.png,6
kanazawa_266_310_27_95.png,6
kanazawa_266_310_54_61.png,6
kanazawa_266_310_231_208.png,3
kanazawa_266_310_60_140.png,3
kanazawa_266_310_158_24.png,6
kanazawa_266_310_160_139.png,3
kanazawa_266_310_40_108.png,6
kanazawa_266_310_113_124.png,1
kanazawa_266_310_150_203.png,3
kanazawa_266_310_164_70.png,5
kanazawa_266_310_140_28.png,6
kanazawa_266_310_43_245.png,6
kanazawa_266_310_43_257.png,6
kanazawa_266_310_181_140.png,3
kanazawa_266_310_39_96.png,6
kanazawa_266_310_194_22.png,3
kanazawa_266_310_161_41.png,3
kanazawa_266_310_128_135.png,3
kanazawa_266_310_157_96.png,1
kanazawa_266_310_157_145.png,3
kanazawa_266_310_60_213.png,6
kanazawa_266_310_173_242.png,3
kanazawa_266_310_42_124.png,6
kanazawa_266_310_151_189.png,5
kanazawa_266_310_183_132.png,3
kanazawa_266_310_231_177.png,3
kanazawa_266_310_103_283.png,1
kanazawa_266_310_208_140.png,3
kanazawa_266_310_74_100.png,6
kanazawa_266_310_90_195.png,5
kanazawa_266_310_209_234.png,3
kanazawa_266_310_91_48.png,6
kanazawa_266_310_78_81.png,6
kanazawa_266_310_108_44.png,6
kanazawa_266_310_135_135.png,3
kanazawa_266_310_161_88.png,1
kanazawa_266_310_150_172.png,5
kanazawa_266_310_110_266.png,1
kanazawa_266_310_149_154.png,3
kanazawa_266_310_183_245.png,3
kanazawa_266_310_199_140.png,3
kanazawa_266_310_108_179.png,5
kanazawa_266_310_61_199.png,5
kanazawa_266_310_35_228.png,6
kanazawa_266_310_186_99.png,3
kanazawa_266_310_30_190.png,3
kanazawa_266_310_235_207.png,3
kanazawa_266_310_46_109.png,6
kanazawa_266_310_127_36.png,6
kanazawa_266_310_101_202.png,5
kanazawa_266_310_89_221.png,1
kanazawa_266_310_20_96.png,6
kanazawa_266_310_37_141.png,5
kanazawa_266_310_50_113.png,6
kanazawa_266_310_101_62.png,6
kanazawa_266_310_42_171.png,3
kanazawa_266_310_49_76.png,6
kanazawa_266_310_94_140.png,3
kanazawa_266_310_107_274.png,1
kanazawa_266_310_205_206.png,3
kanazawa_266_310_175_110.png,3
kanazawa_266_310_33_84.png,6
kanazawa_266_310_77_225.png,3
kanazawa_266_310_243_147.png,3
kanazawa_266_310_171_64.png,5
kanazawa_266_310_147_40.png,6
kanazawa_266_310_126_77.png,3
kanazawa_266_310_200_45.png,5
kanazawa_266_310_157_192.png,3
kanazawa_266_310_233_88.png,3
kanazawa_266_310_208_224.png,3
kanazawa_266_310_96_79.png,6
kanazawa_266_310_51_246.png,6
kanazawa_266_310_35_112.png,6
kanazawa_266_310_165_236.png,3
kanazawa_266_310_47_267.png,6
kanazawa_266_310_154_198.png,3
kanazawa_266_310_34_100.png,6
kanazawa_266_310_111_172.png,5
kanazawa_266_310_236_164.png,3
kanazawa_266_310_56_274.png,6
kanazawa_266_310_52_207.png,3
kanazawa_266_310_121_34.png,6
kanazawa_266_310_218_86.png,3
kanazawa_266_310_82_192.png,3
kanazawa_266_310_5_67.png,6
kanazawa_266_310_140_205.png,1
kanazawa_266_310_118_116.png,5
kanazawa_266_310_135_80.png,3
kanazawa_266_310_41_74.png,6
kanazawa_266_310_159_227.png,3
kanazawa_266_310_48_100.png,6
kanazawa_266_310_113_67.png,6
kanazawa_266_310_90_70.png,6
kanazawa_266_310_65_126.png,3
kanazawa_266_310_118_66.png,6
kanazawa_266_310_58_263.png,6
kanazawa_266_310_179_153.png,3
kanazawa_266_310_39_94.png,6
kanazawa_266_310_40_161.png,3
kanazawa_266_310_145_175.png,5
kanazawa_266_310_230_241.png,3
kanazawa_266_310_195_150.png,3
kanazawa_266_310_219_213.png,3
kanazawa_266_310_172_60.png,5
kanazawa_266_310_11_111.png,6
kanazawa_266_310_95_145.png,3
kanazawa_266_310_55_119.png,6
kanazawa_266_310_96_176.png,3
kanazawa_266_310_186_258.png,3
kanazawa_266_310_83_249.png,1
kanazawa_266_310_198_229.png,3
kanazawa_266_310_26_84.png,6
kanazawa_266_310_233_154.png,6
kanazawa_266_310_217_111.png,3
kanazawa_266_310_70_289.png,6
kanazawa_266_310_75_296.png,6
kanazawa_266_310_140_97.png,1
kanazawa_266_310_227_163.png,3
kanazawa_266_310_4_77.png,6
kanazawa_266_310_151_42.png,6
kanazawa_266_310_127_112.png,5
kanazawa_266_310_66_126.png,3
kanazawa_266_310_177_231.png,3
kanazawa_266_310_119_251.png,5
kanazawa_266_310_101_222.png,5
kanazawa_266_310_59_253.png,6
kanazawa_266_310_171_164.png,3
kanazawa_266_310_39_78.png,6
kanazawa_266_310_212_16.png,6
kanazawa_266_310_194_52.png,5
kanazawa_266_310_110_178.png,5
kanazawa_266_310_92_64.png,6
kanazawa_266_310_190_154.png,3
kanazawa_266_310_45_293.png,6
kanazawa_266_310_84_214.png,1
kanazawa_266_310_82_54.png,6
kanazawa_266_310_69_266.png,6
kanazawa_266_310_18_111.png,6
kanazawa_266_310_152_34.png,6
kanazawa_266_310_217_53.png,3
kanazawa_266_310_146_181.png,5
kanazawa_266_310_191_146.png,3
kanazawa_266_310_49_63.png,6
kanazawa_266_310_96_126.png,5
kanazawa_266_310_28_133.png,6
kanazawa_266_310_62_204.png,3
kanazawa_266_310_27_87.png,6
kanazawa_266_310_156_76.png,1
kanazawa_266_310_192_177.png,3
kanazawa_266_310_52_245.png,6
kanazawa_266_310_171_82.png,5
kanazawa_266_310_117_82.png,6
kanazawa_266_310_185_122.png,3
kanazawa_266_310_53_249.png,6
kanazawa_266_310_106_282.png,1
kanazawa_266_310_116_134.png,5
kanazawa_266_310_75_106.png,6
kanazawa_266_310_64_243.png,6
kanazawa_266_310_67_78.png,6
kanazawa_266_310_29_63.png,6
kanazawa_266_310_103_90.png,6
kanazawa_266_310_141_187.png,5
kanazawa_266_310_164_187.png,3
kanazawa_266_310_222_187.png,3
kanazawa_266_310_232_204.png,3
kanazawa_266_310_192_211.png,3
kanazawa_266_310_40_214.png,3
kanazawa_266_310_89_92.png,6
kanazawa_266_310_93_255.png,5
kanazawa_266_310_164_93.png,3
kanazawa_266_310_240_227.png,3
kanazawa_266_310_230_120.png,3
kanazawa_266_310_160_102.png,3
kanazawa_266_310_167_244.png,3
kanazawa_266_310_92_209.png,1
kanazawa_266_310_109_37.png,6
kanazawa_266_310_96_230.png,5
kanazawa_266_310_226_100.png,3
kanazawa_266_310_27_81.png,6
kanazawa_266_310_198_173.png,3
kanazawa_266_310_31_146.png,3
kanazawa_266_310_142_42.png,6
kanazawa_266_310_166_30.png,6
kanazawa_266_310_53_115.png,6
kanazawa_266_310_107_156.png,3
kanazawa_266_310_51_212.png,6
kanazawa_266_310_210_248.png,3
kanazawa_266_310_245_181.png,3
kanazawa_266_310_189_217.png,3
kanazawa_266_310_32_187.png,3
kanazawa_266_310_176_132.png,3
kanazawa_266_310_224_218.png,3
kanazawa_266_310_123_201.png,5
kanazawa_266_310_233_163.png,3
kanazawa_266_310_190_182.png,3
kanazawa_266_310_59_82.png,6
kanazawa_266_310_74_96.png,6
kanazawa_266_310_126_82.png,3
kanazawa_266_310_141_173.png,5
kanazawa_266_310_199_195.png,3
kanazawa_266_310_92_105.png,6
kanazawa_266_310_172_50.png,5
kanazawa_266_310_135_58.png,6
kanazawa_266_310_189_17.png,6
kanazawa_266_310_160_109.png,5
kanazawa_266_310_129_63.png,6
kanazawa_266_310_34_142.png,5
kanazawa_266_310_159_97.png,3
kanazawa_266_310_65_229.png,6
kanazawa_266_310_198_31.png,5
kanazawa_266_310_129_192.png,5
kanazawa_266_310_95_76.png,6
kanazawa_266_310_109_208.png,5
kanazawa_266_310_241_121.png,3
kanazawa_266_310_190_68.png,3
kanazawa_266_310_109_160.png,3
kanazawa_266_310_41_99.png,6
kanazawa_266_310_26_152.png,3
kanazawa_266_310_83_206.png,1
kanazawa_266_310_22_97.png,6
kanazawa_266_310_188_186.png,3
kanazawa_266_310_227_143.png,3
kanazawa_266_310_99_96.png,6
kanazawa_266_310_193_241.png,3
kanazawa_266_310_205_157.png,3
kanazawa_266_310_108_257.png,5
kanazawa_266_310_225_89.png,3
kanazawa_266_310_162_208.png,3
kanazawa_266_310_194_231.png,3
kanazawa_266_310_84_59.png,6
kanazawa_266_310_234_161.png,3
kanazawa_266_310_223_209.png,3
kanazawa_266_310_51_127.png,6
kanazawa_266_310_40_93.png,6
kanazawa_266_310_80_173.png,3
kanazawa_266_310_101_91.png,6
kanazawa_266_310_103_219.png,5
kanazawa_266_310_5_74.png,6
kanazawa_266_310_79_97.png,6
kanazawa_266_310_113_40.png,6
kanazawa_266_310_112_210.png,5
kanazawa_266_310_115_185.png,5
kanazawa_266_310_35_95.png,6
kanazawa_266_310_139_266.png,5
kanazawa_266_310_179_121.png,3
kanazawa_266_310_140_197.png,5
kanazawa_266_310_147_39.png,6
kanazawa_266_310_110_100.png,3
kanazawa_266_310_70_139.png,5
kanazawa_266_310_92_53.png,6
kanazawa_266_310_226_251.png,3
kanazawa_266_310_225_145.png,3
kanazawa_266_310_111_190.png,5
kanazawa_266_310_57_117.png,6
kanazawa_266_310_41_77.png,6
kanazawa_266_310_142_91.png,1
kanazawa_266_310_60_116.png,6
kanazawa_266_310_244_180.png,3
kanazawa_266_310_172_163.png,3
kanazawa_266_310_203_90.png,3
kanazawa_266_310_223_234.png,3
kanazawa_266_310_159_143.png,3
kanazawa_266_310_117_216.png,5
kanazawa_266_310_119_240.png,3
kanazawa_266_310_150_93.png,1
kanazawa_266_310_179_19.png,6
kanazawa_266_310_16_110.png,6
kanazawa_266_310_197_37.png,1
kanazawa_266_310_59_106.png,6
kanazawa_266_310_177_252.png,3
kanazawa_266_310_73_291.png,6
kanazawa_266_310_142_78.png,5
kanazawa_266_310_191_61.png,1
kanazawa_266_310_114_34.png,6
kanazawa_266_310_249_171.png,3
kanazawa_266_310_138_195.png,5
kanazawa_266_310_109_41.png,6
kanazawa_266_310_237_212.png,3
kanazawa_266_310_85_106.png,6
kanazawa_266_310_138_64.png,6
kanazawa_266_310_180_204.png,3
kanazawa_266_310_55_63.png,6
kanazawa_266_310_106_103.png,4
kanazawa_266_310_74_264.png,6
kanazawa_266_310_249_229.png,3
kanazawa_266_310_58_247.png,6
kanazawa_266_310_144_25.png,6
kanazawa_266_310_157_37.png,6
kanazawa_266_310_87_151.png,3
kanazawa_266_310_58_241.png,6
kanazawa_266_310_168_149.png,3
kanazawa_266_310_220_231.png,3
kanazawa_266_310_112_215.png,5
kanazawa_266_310_118_71.png,6
kanazawa_266_310_131_184.png,5
kanazawa_266_310_14_97.png,6
kanazawa_266_310_133_201.png,5
kanazawa_266_310_109_215.png,5
kanazawa_266_310_34_214.png,3
kanazawa_266_310_30_104.png,6
kanazawa_266_310_113_125.png,1
kanazawa_266_310_130_96.png,5
kanazawa_266_310_233_139.png,3
kanazawa_266_310_208_127.png,3
kanazawa_266_310_179_265.png,3
kanazawa_266_310_201_196.png,3
kanazawa_266_310_211_196.png,3
kanazawa_266_310_179_208.png,3
kanazawa_266_310_126_203.png,5
kanazawa_266_310_101_197.png,5
kanazawa_266_310_195_191.png,3
kanazawa_266_310_212_26.png,5
kanazawa_266_310_181_252.png,3
kanazawa_266_310_192_153.png,3
kanazawa_266_310_39_218.png,6
kanazawa_266_310_25_110.png,6
kanazawa_266_310_85_243.png,1
kanazawa_266_310_31_65.png,6
kanazawa_266_310_150_186.png,5
kanazawa_266_310_44_243.png,6
kanazawa_266_310_214_52.png,3
kanazawa_266_310_21_61.png,6
kanazawa_266_310_67_68.png,6
kanazawa_266_310_146_37.png,6
kanazawa_266_310_65_93.png,6
kanazawa_266_310_48_109.png,6
kanazawa_266_310_151_77.png,5
kanazawa_266_310_154_30.png,6
kanazawa_266_310_215_173.png,3
kanazawa_266_310_134_41.png,6
kanazawa_266_310_79_110.png,6
kanazawa_266_310_65_124.png,3
kanazawa_266_310_139_128.png,3
kanazawa_266_310_212_118.png,3
kanazawa_266_310_32_175.png,3
kanazawa_266_310_144_219.png,3
kanazawa_266_310_233_184.png,3
kanazawa_266_310_15_67.png,6
kanazawa_266_310_208_141.png,3
kanazawa_266_310_124_80.png,3
kanazawa_266_310_70_48.png,6
kanazawa_266_310_5_68.png,6
kanazawa_266_310_186_200.png,3
kanazawa_266_310_140_80.png,1
kanazawa_266_310_160_262.png,3
kanazawa_266_310_96_145.png,3
kanazawa_266_310_72_268.png,6
kanazawa_266_310_127_214.png,3
kanazawa_266_310_255_197.png,3
kanazawa_266_310_29_121.png,6
kanazawa_266_310_110_67.png,6
kanazawa_266_310_226_190.png,3
kanazawa_266_310_78_190.png,3
kanazawa_266_310_241_206.png,3
kanazawa_266_310_134_54.png,6
kanazawa_266_310_130_115.png,1
kanazawa_266_310_126_71.png,6
kanazawa_266_310_107_102.png,3
kanazawa_266_310_54_283.png,6
kanazawa_266_310_226_203.png,3
kanazawa_266_310_207_10.png,5
kanazawa_266_310_126_66.png,6
kanazawa_266_310_80_250.png,5
kanazawa_266_310_240_168.png,3
kanazawa_266_310_92_175.png,3
kanazawa_266_310_230_131.png,3
kanazawa_266_310_148_59.png,6
kanazawa_266_310_159_49.png,6
kanazawa_266_310_248_203.png,3
kanazawa_266_310_149_172.png,5
kanazawa_266_310_34_99.png,6
kanazawa_266_310_227_207.png,3
kanazawa_266_310_113_70.png,6
kanazawa_266_310_140_107.png,1
kanazawa_266_310_186_37.png,5
kanazawa_266_310_104_39.png,6
kanazawa_266_310_189_131.png,3
kanazawa_266_310_154_117.png,5
kanazawa_266_310_234_184.png,3
kanazawa_266_310_217_199.png,3
kanazawa_266_310_187_48.png,5
kanazawa_266_310_172_153.png,3
kanazawa_266_310_199_115.png,3
kanazawa_266_310_31_87.png,6
kanazawa_266_310_50_67.png,6
kanazawa_266_310_208_184.png,3
kanazawa_266_310_26_113.png,6
kanazawa_266_310_114_246.png,4
kanazawa_266_310_149_236.png,3
kanazawa_266_310_83_219.png,1
kanazawa_266_310_130_112.png,1
kanazawa_266_310_136_86.png,1
kanazawa_266_310_92_264.png,5
kanazawa_266_310_94_143.png,3
kanazawa_266_310_228_84.png,3
kanazawa_266_310_157_60.png,5
kanazawa_266_310_48_268.png,6
kanazawa_266_310_186_151.png,3
kanazawa_266_310_131_44.png,6
kanazawa_266_310_76_226.png,3
kanazawa_266_310_109_44.png,6
kanazawa_266_310_196_195.png,3
kanazawa_266_310_115_61.png,6
kanazawa_266_310_43_148.png,5
kanazawa_266_310_43_66.png,6
kanazawa_266_310_189_107.png,3
kanazawa_266_310_120_94.png,5
kanazawa_266_310_227_212.png,3
kanazawa_266_310_12_63.png,6
kanazawa_266_310_37_95.png,6
kanazawa_266_310_127_212.png,5
kanazawa_266_310_28_197.png,3
kanazawa_266_310_217_155.png,3
kanazawa_266_310_132_233.png,3
kanazawa_266_310_170_86.png,5
kanazawa_266_310_83_60.png,6
kanazawa_266_310_48_256.png,6
kanazawa_266_310_64_112.png,6
kanazawa_266_310_74_109.png,6
kanazawa_266_310_39_229.png,6
kanazawa_266_310_200_213.png,3
kanazawa_266_310_54_228.png,6
kanazawa_266_310_117_190.png,5
kanazawa_266_310_211_43.png,3
kanazawa_266_310_36_177.png,3
kanazawa_266_310_70_92.png,6
kanazawa_266_310_173_207.png,3
kanazawa_266_310_35_69.png,6
kanazawa_266_310_78_61.png,6
kanazawa_266_310_165_172.png,3
kanazawa_266_310_251_197.png,3
kanazawa_266_310_78_162.png,3
kanazawa_266_310_59_294.png,6
kanazawa_266_310_177_88.png,5
kanazawa_266_310_139_139.png,3
kanazawa_266_310_166_239.png,3
kanazawa_266_310_250_209.png,3
kanazawa_266_310_221_240.png,3
kanazawa_266_310_89_76.png,6
kanazawa_266_310_174_158.png,3
kanazawa_266_310_65_242.png,6
kanazawa_266_310_192_163.png,3
kanazawa_266_310_27_89.png,6
kanazawa_266_310_129_62.png,6
kanazawa_266_310_39_60.png,6
kanazawa_266_310_224_118.png,3
kanazawa_266_310_201_25.png,1
kanazawa_266_310_205_100.png,5
kanazawa_266_310_77_131.png,5
kanazawa_266_310_86_266.png,5
kanazawa_266_310_152_133.png,3
kanazawa_266_310_185_233.png,3
kanazawa_266_310_120_186.png,5
kanazawa_266_310_125_158.png,5
kanazawa_266_310_136_273.png,1
kanazawa_266_310_252_220.png,3
kanazawa_266_310_202_118.png,3
kanazawa_266_310_184_239.png,3
kanazawa_266_310_98_214.png,5
kanazawa_266_310_170_163.png,3
kanazawa_266_310_70_277.png,6
kanazawa_266_310_196_46.png,1
kanazawa_266_310_183_84.png,3
kanazawa_266_310_133_73.png,6
kanazawa_266_310_108_38.png,6
kanazawa_266_310_209_33.png,5
kanazawa_266_310_192_253.png,3
kanazawa_266_310_32_86.png,6
kanazawa_266_310_165_198.png,3
kanazawa_266_310_85_291.png,5
kanazawa_266_310_22_85.png,6
kanazawa_266_310_88_52.png,6
kanazawa_266_310_95_249.png,5
kanazawa_266_310_92_129.png,3
kanazawa_266_310_76_211.png,3
kanazawa_266_310_236_170.png,3
kanazawa_266_310_253_194.png,3
kanazawa_266_310_126_45.png,6
kanazawa_266_310_211_34.png,5
kanazawa_266_310_81_228.png,5
kanazawa_266_310_229_75.png,3
kanazawa_266_310_39_209.png,3
kanazawa_266_310_201_116.png,3
kanazawa_266_310_150_110.png,1
kanazawa_266_310_35_222.png,6
kanazawa_266_310_78_205.png,3
kanazawa_266_310_114_130.png,3
kanazawa_266_310_43_262.png,6
kanazawa_266_310_183_24.png,6
kanazawa_266_310_218_138.png,3
kanazawa_266_310_177_171.png,3
kanazawa_266_310_76_274.png,6
kanazawa_266_310_233_166.png,3
kanazawa_266_310_211_157.png,3
kanazawa_266_310_80_101.png,6
kanazawa_266_310_68_273.png,6
kanazawa_266_310_54_170.png,3
kanazawa_266_310_70_132.png,5
kanazawa_266_310_39_90.png,6
kanazawa_266_310_127_119.png,3
kanazawa_266_310_223_93.png,3
kanazawa_266_310_153_187.png,5
kanazawa_266_310_128_82.png,3
kanazawa_266_310_164_79.png,5
kanazawa_266_310_159_220.png,3
kanazawa_266_310_42_61.png,6
kanazawa_266_310_188_100.png,3
kanazawa_266_310_55_131.png,3
kanazawa_266_310_46_211.png,6
kanazawa_266_310_49_119.png,6
kanazawa_266_310_38_69.png,6
kanazawa_266_310_87_222.png,1
kanazawa_266_310_165_233.png,3
kanazawa_266_310_76_236.png,3
kanazawa_266_310_23_111.png,6
kanazawa_266_310_167_190.png,3
kanazawa_266_310_119_260.png,1
kanazawa_266_310_160_73.png,1
kanazawa_266_310_69_267.png,6
kanazawa_266_310_81_94.png,6
kanazawa_266_310_227_205.png,3
kanazawa_266_310_51_87.png,6
kanazawa_266_310_172_58.png,5
kanazawa_266_310_197_91.png,5
kanazawa_266_310_84_57.png,6
kanazawa_266_310_242_161.png,6
kanazawa_266_310_71_62.png,6
kanazawa_266_310_231_86.png,3
kanazawa_266_310_81_225.png,1
kanazawa_266_310_214_187.png,3
kanazawa_266_310_39_108.png,6
kanazawa_266_310_148_47.png,6
kanazawa_266_310_66_184.png,3
kanazawa_266_310_217_14.png,5
kanazawa_266_310_206_215.png,3
kanazawa_266_310_177_195.png,3
kanazawa_266_310_61_72.png,6
kanazawa_266_310_114_90.png,6
kanazawa_266_310_204_249.png,3
kanazawa_266_310_69_79.png,6
kanazawa_266_310_66_151.png,3
kanazawa_266_310_82_294.png,3
kanazawa_266_310_147_27.png,6
kanazawa_266_310_155_267.png,3
kanazawa_266_310_59_266.png,6
kanazawa_266_310_239_177.png,3
kanazawa_266_310_178_188.png,3
kanazawa_266_310_227_172.png,3
kanazawa_266_310_130_76.png,3
kanazawa_266_310_217_117.png,3
kanazawa_266_310_39_191.png,3
kanazawa_266_310_14_93.png,6
kanazawa_266_310_25_121.png,6
kanazawa_266_310_141_133.png,5
kanazawa_266_310_119_90.png,3
kanazawa_266_310_187_184.png,3
kanazawa_266_310_136_49.png,6
kanazawa_266_310_135_209.png,3
kanazawa_266_310_77_120.png,3
kanazawa_266_310_88_70.png,6
kanazawa_266_310_35_229.png,6
kanazawa_266_310_24_123.png,6
kanazawa_266_310_211_130.png,3
kanazawa_266_310_242_192.png,3
kanazawa_266_310_95_74.png,6
kanazawa_266_310_143_37.png,6
kanazawa_266_310_164_220.png,3
kanazawa_266_310_159_99.png,3
kanazawa_266_310_144_63.png,6
kanazawa_266_310_245_152.png,3
kanazawa_266_310_207_159.png,3
kanazawa_266_310_54_285.png,6
kanazawa_266_310_251_199.png,3
kanazawa_266_310_249_237.png,3
kanazawa_266_310_104_100.png,3
kanazawa_266_310_217_205.png,3
kanazawa_266_310_241_128.png,3
kanazawa_266_310_164_262.png,3
kanazawa_266_310_17_86.png,6
kanazawa_266_310_238_168.png,3
kanazawa_266_310_44_160.png,3
kanazawa_266_310_248_180.png,3
kanazawa_266_310_229_89.png,3
kanazawa_266_310_153_32.png,6
kanazawa_266_310_69_168.png,3
kanazawa_266_310_61_129.png,3
kanazawa_266_310_169_232.png,3
kanazawa_266_310_133_52.png,6
kanazawa_266_310_186_129.png,3
kanazawa_266_310_113_256.png,5
kanazawa_266_310_51_68.png,6
kanazawa_266_310_74_81.png,6
kanazawa_266_310_125_90.png,5
kanazawa_266_310_167_256.png,3
kanazawa_266_310_46_67.png,6
kanazawa_266_310_191_56.png,5
kanazawa_266_310_220_198.png,3
kanazawa_266_310_68_198.png,5
kanazawa_266_310_116_198.png,5
kanazawa_266_310_32_117.png,6
kanazawa_266_310_247_181.png,3
kanazawa_266_310_190_56.png,5
kanazawa_266_310_157_72.png,1
kanazawa_266_310_46_112.png,6
kanazawa_266_310_208_146.png,3
kanazawa_266_310_232_247.png,3
kanazawa_266_310_203_108.png,3
kanazawa_266_310_90_67.png,6
kanazawa_266_310_70_238.png,6
kanazawa_266_310_75_278.png,6
kanazawa_266_310_199_105.png,3
kanazawa_266_310_242_149.png,3
kanazawa_266_310_83_170.png,3
kanazawa_266_310_151_228.png,3
kanazawa_266_310_22_88.png,6
kanazawa_266_310_61_52.png,6
kanazawa_266_310_230_89.png,3
kanazawa_266_310_54_92.png,6
kanazawa_266_310_142_176.png,5
kanazawa_266_310_48_240.png,6
kanazawa_266_310_67_162.png,3
kanazawa_266_310_57_272.png,6
kanazawa_266_310_242_184.png,3
kanazawa_266_310_113_254.png,5
kanazawa_266_310_199_13.png,6
kanazawa_266_310_204_229.png,3
kanazawa_266_310_251_227.png,3
kanazawa_266_310_227_239.png,3
kanazawa_266_310_32_181.png,3
kanazawa_266_310_204_221.png,3
kanazawa_266_310_61_70.png,6
kanazawa_266_310_224_53.png,3
kanazawa_266_310_217_161.png,3
kanazawa_266_310_42_87.png,6
kanazawa_266_310_158_147.png,3
kanazawa_266_310_102_237.png,1
kanazawa_266_310_135_42.png,6
kanazawa_266_310_165_96.png,3
kanazawa_266_310_210_139.png,3
kanazawa_266_310_59_278.png,6
kanazawa_266_310_132_68.png,3
kanazawa_266_310_64_240.png,6
kanazawa_266_310_244_191.png,3
kanazawa_266_310_29_115.png,6
kanazawa_266_310_128_42.png,6
kanazawa_266_310_180_117.png,3
kanazawa_266_310_176_121.png,3
kanazawa_266_310_56_231.png,6
kanazawa_266_310_98_138.png,3
kanazawa_266_310_183_181.png,3
kanazawa_266_310_135_181.png,5
kanazawa_266_310_128_92.png,1
kanazawa_266_310_227_79.png,3
kanazawa_266_310_161_221.png,3
kanazawa_266_310_17_107.png,6
kanazawa_266_310_39_116.png,6
kanazawa_266_310_202_239.png,3
kanazawa_266_310_108_86.png,6
kanazawa_266_310_59_149.png,3
kanazawa_266_310_181_48.png,5
kanazawa_266_310_211_20.png,5
kanazawa_266_310_132_160.png,3
kanazawa_266_310_115_165.png,5
kanazawa_266_310_75_50.png,6
kanazawa_266_310_169_194.png,3
kanazawa_266_310_12_88.png,6
kanazawa_266_310_222_116.png,3
kanazawa_266_310_198_237.png,3
kanazawa_266_310_181_130.png,3
kanazawa_266_310_132_49.png,6
kanazawa_266_310_113_209.png,5
kanazawa_266_310_191_191.png,3
kanazawa_266_310_183_116.png,3
kanazawa_266_310_134_79.png,3
kanazawa_266_310_251_234.png,3
kanazawa_266_310_169_64.png,5
kanazawa_266_310_64_221.png,6
kanazawa_266_310_61_143.png,3
kanazawa_266_310_201_45.png,5
kanazawa_266_310_59_68.png,6
kanazawa_266_310_95_117.png,1
kanazawa_266_310_231_195.png,3
kanazawa_266_310_118_172.png,5
kanazawa_266_310_218_176.png,3
kanazawa_266_310_113_196.png,5
kanazawa_266_310_152_182.png,5
kanazawa_266_310_72_281.png,6
kanazawa_266_310_104_276.png,1
kanazawa_266_310_184_202.png,3
kanazawa_266_310_57_104.png,6
kanazawa_266_310_213_123.png,3
kanazawa_266_310_231_237.png,3
kanazawa_266_310_93_42.png,6
kanazawa_266_310_205_128.png,3
kanazawa_266_310_150_149.png,3
kanazawa_266_310_170_36.png,6
kanazawa_266_310_42_227.png,6
kanazawa_266_310_216_154.png,3
kanazawa_266_310_213_148.png,3
kanazawa_266_310_70_93.png,6
kanazawa_266_310_13_102.png,6
kanazawa_266_310_205_236.png,3
kanazawa_266_310_139_213.png,3
kanazawa_266_310_44_172.png,3
kanazawa_266_310_138_199.png,5
kanazawa_266_310_30_208.png,3
kanazawa_266_310_47_251.png,6
kanazawa_266_310_196_106.png,3
kanazawa_266_310_11_71.png,6
kanazawa_266_310_199_260.png,3
kanazawa_266_310_70_280.png,6
kanazawa_266_310_233_218.png,3
kanazawa_266_310_177_73.png,2
kanazawa_266_310_210_116.png,3
kanazawa_266_310_68_291.png,6
kanazawa_266_310_164_201.png,3
kanazawa_266_310_30_115.png,6
kanazawa_266_310_172_124.png,3
kanazawa_266_310_188_217.png,3
kanazawa_266_310_243_180.png,3
kanazawa_266_310_157_67.png,1
kanazawa_266_310_208_252.png,3
kanazawa_266_310_162_218.png,3
kanazawa_266_310_184_55.png,5
kanazawa_266_310_216_164.png,3
kanazawa_266_310_157_181.png,5
kanazawa_266_310_26_71.png,6
kanazawa_266_310_239_143.png,3
kanazawa_266_310_150_231.png,3
kanazawa_266_310_244_231.png,3
kanazawa_266_310_186_103.png,3
kanazawa_266_310_172_215.png,3
kanazawa_266_310_162_51.png,3
kanazawa_266_310_246_178.png,3
kanazawa_266_310_28_116.png,6
kanazawa_266_310_200_162.png,3
kanazawa_266_310_93_90.png,6
kanazawa_266_310_68_71.png,6
kanazawa_266_310_93_221.png,1
kanazawa_266_310_120_73.png,6
kanazawa_266_310_123_129.png,3
kanazawa_266_310_217_192.png,3
kanazawa_266_310_167_239.png,3
kanazawa_266_310_94_210.png,1
kanazawa_266_310_203_33.png,1
kanazawa_266_310_213_163.png,3
kanazawa_266_310_129_84.png,2
kanazawa_266_310_54_277.png,6
kanazawa_266_310_163_256.png,3
kanazawa_266_310_116_199.png,1
kanazawa_266_310_98_247.png,1
kanazawa_266_310_233_101.png,3
kanazawa_266_310_172_263.png,3
kanazawa_266_310_70_162.png,3
kanazawa_266_310_161_99.png,3
kanazawa_266_310_126_128.png,3
kanazawa_266_310_118_40.png,6
kanazawa_266_310_125_38.png,6
kanazawa_266_310_152_67.png,5
kanazawa_266_310_237_223.png,3
kanazawa_266_310_215_76.png,3
kanazawa_266_310_132_154.png,3
kanazawa_266_310_223_193.png,3
kanazawa_266_310_128_219.png,3
kanazawa_266_310_219_108.png,3
kanazawa_266_310_136_181.png,5
kanazawa_266_310_222_204.png,3
kanazawa_266_310_48_134.png,3
kanazawa_266_310_168_233.png,3
kanazawa_266_310_145_96.png,1
kanazawa_266_310_58_155.png,3
kanazawa_266_310_97_193.png,1
kanazawa_266_310_58_276.png,6
kanazawa_266_310_237_230.png,3
kanazawa_266_310_208_21.png,5
kanazawa_266_310_161_39.png,6
kanazawa_266_310_92_208.png,1
kanazawa_266_310_32_78.png,6
kanazawa_266_310_83_268.png,3
kanazawa_266_310_110_167.png,1
kanazawa_266_310_55_176.png,3
kanazawa_266_310_194_226.png,3
kanazawa_266_310_49_166.png,3
kanazawa_266_310_45_265.png,6
kanazawa_266_310_126_49.png,6
kanazawa_266_310_48_84.png,6
kanazawa_266_310_212_51.png,3
kanazawa_266_310_83_44.png,6
kanazawa_266_310_156_135.png,3
kanazawa_266_310_152_103.png,1
kanazawa_266_310_16_113.png,6
kanazawa_266_310_262_240.png,3
kanazawa_266_310_75_66.png,6
kanazawa_266_310_199_164.png,3
kanazawa_266_310_109_288.png,1
kanazawa_266_310_196_101.png,3
kanazawa_266_310_247_162.png,3
kanazawa_266_310_123_49.png,6
kanazawa_266_310_96_45.png,6
kanazawa_266_310_20_114.png,6
kanazawa_266_310_43_177.png,3
kanazawa_266_310_228_132.png,3
kanazawa_266_310_152_263.png,3
kanazawa_266_310_207_93.png,3
kanazawa_266_310_198_165.png,3
kanazawa_266_310_198_101.png,3
kanazawa_266_310_111_174.png,5
kanazawa_266_310_68_120.png,6
kanazawa_266_310_188_17.png,6
kanazawa_266_310_161_194.png,3
kanazawa_266_310_155_21.png,6
kanazawa_266_310_49_127.png,6
kanazawa_266_310_250_191.png,3
kanazawa_266_310_166_258.png,3
kanazawa_266_310_54_249.png,6
kanazawa_266_310_155_175.png,5
kanazawa_266_310_49_278.png,6
kanazawa_266_310_42_229.png,6
kanazawa_266_310_35_151.png,5
kanazawa_266_310_97_278.png,1
kanazawa_266_310_202_153.png,3
kanazawa_266_310_129_151.png,5
kanazawa_266_310_204_205.png,3
kanazawa_266_310_192_201.png,3
kanazawa_266_310_52_118.png,6
kanazawa_266_310_42_79.png,6
kanazawa_266_310_74_72.png,6
kanazawa_266_310_228_112.png,3
kanazawa_266_310_255_244.png,3
kanazawa_266_310_199_213.png,3
kanazawa_266_310_66_139.png,5
kanazawa_266_310_207_147.png,3
kanazawa_266_310_17_81.png,6
kanazawa_266_310_111_209.png,5
kanazawa_266_310_146_198.png,5
kanazawa_266_310_210_133.png,3
kanazawa_266_310_135_107.png,1
kanazawa_266_310_186_260.png,3
kanazawa_266_310_49_124.png,6
kanazawa_266_310_121_106.png,3
kanazawa_266_310_163_22.png,6
kanazawa_266_310_234_126.png,3
kanazawa_266_310_163_155.png,3
kanazawa_266_310_60_186.png,3
kanazawa_266_310_42_279.png,6
kanazawa_266_310_66_214.png,5
kanazawa_266_310_196_110.png,3
kanazawa_266_310_162_20.png,6
kanazawa_266_310_57_247.png,6
kanazawa_266_310_110_186.png,5
kanazawa_266_310_173_127.png,3
kanazawa_266_310_234_192.png,3
kanazawa_266_310_73_268.png,6
kanazawa_266_310_163_202.png,3
kanazawa_266_310_69_92.png,6
kanazawa_266_310_76_278.png,6
kanazawa_266_310_159_41.png,6
kanazawa_266_310_183_240.png,3
kanazawa_266_310_135_113.png,3
kanazawa_266_310_116_179.png,5
kanazawa_266_310_157_95.png,1
kanazawa_266_310_218_222.png,3
kanazawa_266_310_4_79.png,6
kanazawa_266_310_185_138.png,3
kanazawa_266_310_144_177.png,5
kanazawa_266_310_47_289.png,6
kanazawa_266_310_23_88.png,6
kanazawa_266_310_195_134.png,3
kanazawa_266_310_187_151.png,3
kanazawa_266_310_250_225.png,3
kanazawa_266_310_103_264.png,1
kanazawa_266_310_226_216.png,3
kanazawa_266_310_145_257.png,3
kanazawa_266_310_199_193.png,3
kanazawa_266_310_246_165.png,6
kanazawa_266_310_99_99.png,6
kanazawa_266_310_62_117.png,6
kanazawa_266_310_178_181.png,3
kanazawa_266_310_89_278.png,5
kanazawa_266_310_220_242.png,3
kanazawa_266_310_170_154.png,3
kanazawa_266_310_100_70.png,6
kanazawa_266_310_87_156.png,3
kanazawa_266_310_44_220.png,6
kanazawa_266_310_58_206.png,1
kanazawa_266_310_68_227.png,6
kanazawa_266_310_88_266.png,5
kanazawa_266_310_63_260.png,6
kanazawa_266_310_177_167.png,3
kanazawa_266_310_127_109.png,5
kanazawa_266_310_186_132.png,3
kanazawa_266_310_64_70.png,6
kanazawa_266_310_81_210.png,1
kanazawa_266_310_133_65.png,6
kanazawa_266_310_214_167.png,3
kanazawa_266_310_216_100.png,3
kanazawa_266_310_234_149.png,3
kanazawa_266_310_113_279.png,1
kanazawa_266_310_252_203.png,3
kanazawa_266_310_58_128.png,3
kanazawa_266_310_64_118.png,6
kanazawa_266_310_248_177.png,3
kanazawa_266_310_75_90.png,6
kanazawa_266_310_72_293.png,6
kanazawa_266_310_198_146.png,3
kanazawa_266_310_117_232.png,3
kanazawa_266_310_39_140.png,1
kanazawa_266_310_173_237.png,3
kanazawa_266_310_227_198.png,3
kanazawa_266_310_228_111.png,3
kanazawa_266_310_182_175.png,3
kanazawa_266_310_169_70.png,5
kanazawa_266_310_117_100.png,1
kanazawa_266_310_211_242.png,3
kanazawa_266_310_186_114.png,3
kanazawa_266_310_144_153.png,3
kanazawa_266_310_215_131.png,3
kanazawa_266_310_79_184.png,3
kanazawa_266_310_27_62.png,6
kanazawa_266_310_31_68.png,6
kanazawa_266_310_256_231.png,3
kanazawa_266_310_220_94.png,3
kanazawa_266_310_81_79.png,6
kanazawa_266_310_231_83.png,3
kanazawa_266_310_195_74.png,3
kanazawa_266_310_207_46.png,3
kanazawa_266_310_191_22.png,6
kanazawa_266_310_174_81.png,5
kanazawa_266_310_72_262.png,6
kanazawa_266_310_110_87.png,6
kanazawa_266_310_168_190.png,3
kanazawa_266_310_76_71.png,6
kanazawa_266_310_28_69.png,6
kanazawa_266_310_43_62.png,6
kanazawa_266_310_177_19.png,6
kanazawa_266_310_193_260.png,3
kanazawa_266_310_182_185.png,3
kanazawa_266_310_201_11.png,6
kanazawa_266_310_208_20.png,5
kanazawa_266_310_199_241.png,3
kanazawa_266_310_89_273.png,5
kanazawa_266_310_186_232.png,3
kanazawa_266_310_150_79.png,1
kanazawa_266_310_73_261.png,6
kanazawa_266_310_103_79.png,6
kanazawa_266_310_240_234.png,3
kanazawa_266_310_218_155.png,3
kanazawa_266_310_81_106.png,6
kanazawa_266_310_94_255.png,5
kanazawa_266_310_206_103.png,3
kanazawa_266_310_176_28.png,6
kanazawa_266_310_176_230.png,3
kanazawa_266_310_227_214.png,3
kanazawa_266_310_32_101.png,6
kanazawa_266_310_69_292.png,6
kanazawa_266_310_56_216.png,6
kanazawa_266_310_45_95.png,6
kanazawa_266_310_117_272.png,1
kanazawa_266_310_210_8.png,5
kanazawa_266_310_207_125.png,3
kanazawa_266_310_223_85.png,3
kanazawa_266_310_122_77.png,6
kanazawa_266_310_95_284.png,1
kanazawa_266_310_96_201.png,5
kanazawa_266_310_90_251.png,5
kanazawa_266_310_158_166.png,5
kanazawa_266_310_18_123.png,6
kanazawa_266_310_199_14.png,3
kanazawa_266_310_23_146.png,3
kanazawa_266_310_163_191.png,3
kanazawa_266_310_200_104.png,3
kanazawa_266_310_180_166.png,3
kanazawa_266_310_130_181.png,5
kanazawa_266_310_64_111.png,6
kanazawa_266_310_245_239.png,3
kanazawa_266_310_77_269.png,6
kanazawa_266_310_244_151.png,3
kanazawa_266_310_131_131.png,3
kanazawa_266_310_255_209.png,3
kanazawa_266_310_206_135.png,3
kanazawa_266_310_91_256.png,5
kanazawa_266_310_79_284.png,6
kanazawa_266_310_191_57.png,5
kanazawa_266_310_221_108.png,3
kanazawa_266_310_60_55.png,6
kanazawa_266_310_46_124.png,6
kanazawa_266_310_66_287.png,6
kanazawa_266_310_104_200.png,5
kanazawa_266_310_129_199.png,5
kanazawa_266_310_230_236.png,3
kanazawa_266_310_230_232.png,3
kanazawa_266_310_77_179.png,3
kanazawa_266_310_237_168.png,3
kanazawa_266_310_152_214.png,3
kanazawa_266_310_94_130.png,3
kanazawa_266_310_21_68.png,6
kanazawa_266_310_105_95.png,6
kanazawa_266_310_131_123.png,3
kanazawa_266_310_184_174.png,3
kanazawa_266_310_226_170.png,3
kanazawa_266_310_98_65.png,6
kanazawa_266_310_219_233.png,3
kanazawa_266_310_121_59.png,6
kanazawa_266_310_223_206.png,3
kanazawa_266_310_207_205.png,3
kanazawa_266_310_99_228.png,5
kanazawa_266_310_108_81.png,6
kanazawa_266_310_105_210.png,5
kanazawa_266_310_46_61.png,6
kanazawa_266_310_209_173.png,3
kanazawa_266_310_182_14.png,6
kanazawa_266_310_115_62.png,6
kanazawa_266_310_183_183.png,3
kanazawa_266_310_137_200.png,5
kanazawa_266_310_205_252.png,3
kanazawa_266_310_192_140.png,3
kanazawa_266_310_127_62.png,6
kanazawa_266_310_211_206.png,3
kanazawa_266_310_133_79.png,3
kanazawa_266_310_125_37.png,6
kanazawa_266_310_174_250.png,3
kanazawa_266_310_111_139.png,3
kanazawa_266_310_108_193.png,5
kanazawa_266_310_44_183.png,3
kanazawa_266_310_229_199.png,3
kanazawa_266_310_182_233.png,3
kanazawa_266_310_136_51.png,6
kanazawa_266_310_63_100.png,6
kanazawa_266_310_128_119.png,3
kanazawa_266_310_172_227.png,3
kanazawa_266_310_133_164.png,3
kanazawa_266_310_100_64.png,6
kanazawa_266_310_66_235.png,6
kanazawa_266_310_149_93.png,1
kanazawa_266_310_102_192.png,5
kanazawa_266_310_171_99.png,3
kanazawa_266_310_197_227.png,3
kanazawa_266_310_198_151.png,3
kanazawa_266_310_129_185.png,5
kanazawa_266_310_203_181.png,3
kanazawa_266_310_162_38.png,6
kanazawa_266_310_48_118.png,6
kanazawa_266_310_46_229.png,6
kanazawa_266_310_167_206.png,3
kanazawa_266_310_43_77.png,6
kanazawa_266_310_48_127.png,6
kanazawa_266_310_60_58.png,6
kanazawa_266_310_174_137.png,3
kanazawa_266_310_188_129.png,3
kanazawa_266_310_234_243.png,3
kanazawa_266_310_35_219.png,6
kanazawa_266_310_61_293.png,6
kanazawa_266_310_229_136.png,3
kanazawa_266_310_29_177.png,3
kanazawa_266_310_83_45.png,6
kanazawa_266_310_109_274.png,1
kanazawa_266_310_150_177.png,5
kanazawa_266_310_183_149.png,3
kanazawa_266_310_139_176.png,5
kanazawa_266_310_111_216.png,5
kanazawa_266_310_52_79.png,6
kanazawa_266_310_189_206.png,3
kanazawa_266_310_184_237.png,3
kanazawa_266_310_196_29.png,2
kanazawa_266_310_176_22.png,6
kanazawa_266_310_197_244.png,3
kanazawa_266_310_56_104.png,6
kanazawa_266_310_8_102.png,6
kanazawa_266_310_60_300.png,6
kanazawa_266_310_162_184.png,3
kanazawa_266_310_129_119.png,3
kanazawa_266_310_169_39.png,6
kanazawa_266_310_100_116.png,1
kanazawa_266_310_207_257.png,3
kanazawa_266_310_93_81.png,6
kanazawa_266_310_128_163.png,3
kanazawa_266_310_30_90.png,6
kanazawa_266_310_80_56.png,6
kanazawa_266_310_36_80.png,6
kanazawa_266_310_66_61.png,6
kanazawa_266_310_128_111.png,1
kanazawa_266_310_19_100.png,6
kanazawa_266_310_193_215.png,3
kanazawa_266_310_133_271.png,5
kanazawa_266_310_198_137.png,3
kanazawa_266_310_192_101.png,3
kanazawa_266_310_162_101.png,3
kanazawa_266_310_13_122.png,6
kanazawa_266_310_210_96.png,3
kanazawa_266_310_71_74.png,6
kanazawa_266_310_41_97.png,6
kanazawa_266_310_183_49.png,5
kanazawa_266_310_198_89.png,5
kanazawa_266_310_130_268.png,5
kanazawa_266_310_111_90.png,6
kanazawa_266_310_213_239.png,3
kanazawa_266_310_140_35.png,6
kanazawa_266_310_161_226.png,3
kanazawa_266_310_155_93.png,1
kanazawa_266_310_129_258.png,5
kanazawa_266_310_63_297.png,6
kanazawa_266_310_65_127.png,3
kanazawa_266_310_81_282.png,6
kanazawa_266_310_133_56.png,6
kanazawa_266_310_168_28.png,6
kanazawa_266_310_146_42.png,6
kanazawa_266_310_50_155.png,3
kanazawa_266_310_121_66.png,6
kanazawa_266_310_59_66.png,6
kanazawa_266_310_218_13.png,5
kanazawa_266_310_119_34.png,6
kanazawa_266_310_207_107.png,3
kanazawa_266_310_121_138.png,3
kanazawa_266_310_73_129.png,5
kanazawa_266_310_212_127.png,3
kanazawa_266_310_50_205.png,3
kanazawa_266_310_59_216.png,6
kanazawa_266_310_51_186.png,5
kanazawa_266_310_39_239.png,6
kanazawa_266_310_218_42.png,3
kanazawa_266_310_179_92.png,1
kanazawa_266_310_207_156.png,3
kanazawa_266_310_26_137.png,5
kanazawa_266_310_183_61.png,5
kanazawa_266_310_40_132.png,6
kanazawa_266_310_169_102.png,3
kanazawa_266_310_99_65.png,6
kanazawa_266_310_126_52.png,6
kanazawa_266_310_70_56.png,6
kanazawa_266_310_187_115.png,3
kanazawa_266_310_181_128.png,3
kanazawa_266_310_23_128.png,6
kanazawa_266_310_132_181.png,5
kanazawa_266_310_63_273.png,6
kanazawa_266_310_170_249.png,3
kanazawa_266_310_152_262.png,3
kanazawa_266_310_187_22.png,6
kanazawa_266_310_145_66.png,6
kanazawa_266_310_210_126.png,3
kanazawa_266_310_199_159.png,3
kanazawa_266_310_37_79.png,6
kanazawa_266_310_19_119.png,6
kanazawa_266_310_153_40.png,6
kanazawa_266_310_190_193.png,3
kanazawa_266_310_26_179.png,3
kanazawa_266_310_243_166.png,3
kanazawa_266_310_143_142.png,3
kanazawa_266_310_170_78.png,5
kanazawa_266_310_123_65.png,6
kanazawa_266_310_51_94.png,6
kanazawa_266_310_51_291.png,6
kanazawa_266_310_163_260.png,3
kanazawa_266_310_222_152.png,3
kanazawa_266_310_154_93.png,1
kanazawa_266_310_225_74.png,3
kanazawa_266_310_65_287.png,6
kanazawa_266_310_105_113.png,5
kanazawa_266_310_108_162.png,3
kanazawa_266_310_126_133.png,3
kanazawa_266_310_191_112.png,3
kanazawa_266_310_110_281.png,1
kanazawa_266_310_245_189.png,3
kanazawa_266_310_209_164.png,3
kanazawa_266_310_36_72.png,6
kanazawa_266_310_205_151.png,3
kanazawa_266_310_185_243.png,3
kanazawa_266_310_41_255.png,6
kanazawa_266_310_151_155.png,3
kanazawa_266_310_57_210.png,6
kanazawa_266_310_165_103.png,3
kanazawa_266_310_53_236.png,6
kanazawa_266_310_18_89.png,6
kanazawa_266_310_31_221.png,6
kanazawa_266_310_141_164.png,3
kanazawa_266_310_169_18.png,6
kanazawa_266_310_161_253.png,3
kanazawa_266_310_231_201.png,3
kanazawa_266_310_178_112.png,3
kanazawa_266_310_128_102.png,5
kanazawa_266_310_65_110.png,6
kanazawa_266_310_174_86.png,5
kanazawa_266_310_61_117.png,6
kanazawa_266_310_157_219.png,3
kanazawa_266_310_133_89.png,1
kanazawa_266_310_116_71.png,6
kanazawa_266_310_75_44.png,6
kanazawa_266_310_194_161.png,3
kanazawa_266_310_242_140.png,3
kanazawa_266_310_223_136.png,3
kanazawa_266_310_87_265.png,5
kanazawa_266_310_248_167.png,3
kanazawa_266_310_242_128.png,3
kanazawa_266_310_222_186.png,3
kanazawa_266_310_100_276.png,1
kanazawa_266_310_200_112.png,3
kanazawa_266_310_116_270.png,1
kanazawa_266_310_240_199.png,3
kanazawa_266_310_220_153.png,3
kanazawa_266_310_96_197.png,5
kanazawa_266_310_245_238.png,3
kanazawa_266_310_187_237.png,3
kanazawa_266_310_84_264.png,3
kanazawa_266_310_177_259.png,3
kanazawa_266_310_101_277.png,1
kanazawa_266_310_168_241.png,3
kanazawa_266_310_113_54.png,6
kanazawa_266_310_104_250.png,5
kanazawa_266_310_203_218.png,3
kanazawa_266_310_205_247.png,3
kanazawa_266_310_86_133.png,3
kanazawa_266_310_168_102.png,3
kanazawa_266_310_185_227.png,3
kanazawa_266_310_193_83.png,3
kanazawa_266_310_114_66.png,6
kanazawa_266_310_152_233.png,3
kanazawa_266_310_97_224.png,5
kanazawa_266_310_229_112.png,3
kanazawa_266_310_215_111.png,3
kanazawa_266_310_90_199.png,1
kanazawa_266_310_113_144.png,3
kanazawa_266_310_228_190.png,3
kanazawa_266_310_47_69.png,6
kanazawa_266_310_167_22.png,6
kanazawa_266_310_58_222.png,6
kanazawa_266_310_155_190.png,3
kanazawa_266_310_164_268.png,3
kanazawa_266_310_220_54.png,3
kanazawa_266_310_193_125.png,3
kanazawa_266_310_128_68.png,6
kanazawa_266_310_107_72.png,6
kanazawa_266_310_158_134.png,3
kanazawa_266_310_236_160.png,3
kanazawa_266_310_124_212.png,5
kanazawa_266_310_222_215.png,3
kanazawa_266_310_242_137.png,3
kanazawa_266_310_122_36.png,6
kanazawa_266_310_82_62.png,6
kanazawa_266_310_137_27.png,6
kanazawa_266_310_46_281.png,6
kanazawa_266_310_106_52.png,6
kanazawa_266_310_201_32.png,5
kanazawa_266_310_241_237.png,3
kanazawa_266_310_119_173.png,5
kanazawa_266_310_178_197.png,3
kanazawa_266_310_191_132.png,3
kanazawa_266_310_92_106.png,6
kanazawa_266_310_232_154.png,5
kanazawa_266_310_60_118.png,6
kanazawa_266_310_216_231.png,3
kanazawa_266_310_24_64.png,6
kanazawa_266_310_95_152.png,3
kanazawa_266_310_219_188.png,3
kanazawa_266_310_235_181.png,3
kanazawa_266_310_30_154.png,5
kanazawa_266_310_42_95.png,6
kanazawa_266_310_200_135.png,3
kanazawa_266_310_143_53.png,6
kanazawa_266_310_245_158.png,3
kanazawa_266_310_93_92.png,6
kanazawa_266_310_150_144.png,3
kanazawa_266_310_155_193.png,3
kanazawa_266_310_212_20.png,5
kanazawa_266_310_88_221.png,1
kanazawa_266_310_133_260.png,5
kanazawa_266_310_38_135.png,3
kanazawa_266_310_170_178.png,3
kanazawa_266_310_137_220.png,3
kanazawa_266_310_77_282.png,6
kanazawa_266_310_129_79.png,3
kanazawa_266_310_250_206.png,3
kanazawa_266_310_210_168.png,3
kanazawa_266_310_47_88.png,6
kanazawa_266_310_63_264.png,6
kanazawa_266_310_224_216.png,3
kanazawa_266_310_145_72.png,1
kanazawa_266_310_168_191.png,3
kanazawa_266_310_259_243.png,3
kanazawa_266_310_70_170.png,3
kanazawa_266_310_84_282.png,1
kanazawa_266_310_221_31.png,3
kanazawa_266_310_107_284.png,1
kanazawa_266_310_185_49.png,5
kanazawa_266_310_54_71.png,6
kanazawa_266_310_104_152.png,3
kanazawa_266_310_62_234.png,6
kanazawa_266_310_223_97.png,3
kanazawa_266_310_174_188.png,3
kanazawa_266_310_145_192.png,5
kanazawa_266_310_62_231.png,6
kanazawa_266_310_169_250.png,3
kanazawa_266_310_178_158.png,3
kanazawa_266_310_53_57.png,6
kanazawa_266_310_158_72.png,1
kanazawa_266_310_204_90.png,3
kanazawa_266_310_170_182.png,3
kanazawa_266_310_210_57.png,3
kanazawa_266_310_130_46.png,6
kanazawa_266_310_213_97.png,3
kanazawa_266_310_51_86.png,6
kanazawa_266_310_153_154.png,3
kanazawa_266_310_88_77.png,6
kanazawa_266_310_60_167.png,3
kanazawa_266_310_151_269.png,3
kanazawa_266_310_139_84.png,5
kanazawa_266_310_47_72.png,6
kanazawa_266_310_24_172.png,5
kanazawa_266_310_93_62.png,6
kanazawa_266_310_76_153.png,3
kanazawa_266_310_54_83.png,6
kanazawa_266_310_73_119.png,3
kanazawa_266_310_105_266.png,5
kanazawa_266_310_47_273.png,6
kanazawa_266_310_43_278.png,6
kanazawa_266_310_208_248.png,3
kanazawa_266_310_150_176.png,5
kanazawa_266_310_213_238.png,3
kanazawa_266_310_157_258.png,3
kanazawa_266_310_176_157.png,3
kanazawa_266_310_215_155.png,3
kanazawa_266_310_221_160.png,3
kanazawa_266_310_93_50.png,6
kanazawa_266_310_65_227.png,6
kanazawa_266_310_44_269.png,6
kanazawa_266_310_249_179.png,3
kanazawa_266_310_177_23.png,6
kanazawa_266_310_161_175.png,5
kanazawa_266_310_236_127.png,3
kanazawa_266_310_74_187.png,3
kanazawa_266_310_155_70.png,1
kanazawa_266_310_237_117.png,3
kanazawa_266_310_154_149.png,3
kanazawa_266_310_83_62.png,6
kanazawa_266_310_166_190.png,3
kanazawa_266_310_130_166.png,3
kanazawa_266_310_194_262.png,3
kanazawa_266_310_116_50.png,6
kanazawa_266_310_217_114.png,3
kanazawa_266_310_209_127.png,3
kanazawa_266_310_143_115.png,3
kanazawa_266_310_143_60.png,1
kanazawa_266_310_53_117.png,6
kanazawa_266_310_145_49.png,6
kanazawa_266_310_90_280.png,1
kanazawa_266_310_33_82.png,6
kanazawa_266_310_142_75.png,1
kanazawa_266_310_42_111.png,6
kanazawa_266_310_29_92.png,6
kanazawa_266_310_29_111.png,6
kanazawa_266_310_88_131.png,3
kanazawa_266_310_60_98.png,6
kanazawa_266_310_133_206.png,5
kanazawa_266_310_21_84.png,6
kanazawa_266_310_46_105.png,6
kanazawa_266_310_205_104.png,3
kanazawa_266_310_190_161.png,3
kanazawa_266_310_150_200.png,3
kanazawa_266_310_105_79.png,6
kanazawa_266_310_172_91.png,3
kanazawa_266_310_69_71.png,6
kanazawa_266_310_206_71.png,3
kanazawa_266_310_34_87.png,6
kanazawa_266_310_35_129.png,6
kanazawa_266_310_246_181.png,3
kanazawa_266_310_146_134.png,3
kanazawa_266_310_70_260.png,6
kanazawa_266_310_137_271.png,1
kanazawa_266_310_210_230.png,3
kanazawa_266_310_162_209.png,3
kanazawa_266_310_129_34.png,6
kanazawa_266_310_121_99.png,5
kanazawa_266_310_134_111.png,1
kanazawa_266_310_129_144.png,3
kanazawa_266_310_217_123.png,3
kanazawa_266_310_19_98.png,6
kanazawa_266_310_119_161.png,5
kanazawa_266_310_196_188.png,3
kanazawa_266_310_51_181.png,3
kanazawa_266_310_27_183.png,3
kanazawa_266_310_140_91.png,1
kanazawa_266_310_55_64.png,6
kanazawa_266_310_145_172.png,5
kanazawa_266_310_77_227.png,1
kanazawa_266_310_127_50.png,6
kanazawa_266_310_83_89.png,6
kanazawa_266_310_211_126.png,3
kanazawa_266_310_123_185.png,5
kanazawa_266_310_88_219.png,1
kanazawa_266_310_52_86.png,6
kanazawa_266_310_167_45.png,3
kanazawa_266_310_72_173.png,3
kanazawa_266_310_190_164.png,3
kanazawa_266_310_168_225.png,3
kanazawa_266_310_158_112.png,1
kanazawa_266_310_50_246.png,6
kanazawa_266_310_95_99.png,6
kanazawa_266_310_161_271.png,3
kanazawa_266_310_92_48.png,6
kanazawa_266_310_244_150.png,4
kanazawa_266_310_100_201.png,5
kanazawa_266_310_163_33.png,6
kanazawa_266_310_109_86.png,6
kanazawa_266_310_218_137.png,3
kanazawa_266_310_171_267.png,3
kanazawa_266_310_223_225.png,3
kanazawa_266_310_217_106.png,3
kanazawa_266_310_159_58.png,1
kanazawa_266_310_253_226.png,3
kanazawa_266_310_127_69.png,6
kanazawa_266_310_211_231.png,3
kanazawa_266_310_242_153.png,3
kanazawa_266_310_98_261.png,1
kanazawa_266_310_93_243.png,5
kanazawa_266_310_43_268.png,6
kanazawa_266_310_12_108.png,6
kanazawa_266_310_179_39.png,1
kanazawa_266_310_60_283.png,6
kanazawa_266_310_14_124.png,6
kanazawa_266_310_58_56.png,6
kanazawa_266_310_192_80.png,3
kanazawa_266_310_129_255.png,5
kanazawa_266_310_100_82.png,6
kanazawa_266_310_95_100.png,6
kanazawa_266_310_109_87.png,6
kanazawa_266_310_79_87.png,6
kanazawa_266_310_222_217.png,3
kanazawa_266_310_61_241.png,6
kanazawa_266_310_39_117.png,6
kanazawa_266_310_44_186.png,3
kanazawa_266_310_147_168.png,1
kanazawa_266_310_135_89.png,1
kanazawa_266_310_68_55.png,6
kanazawa_266_310_187_214.png,3
kanazawa_266_310_155_233.png,3
kanazawa_266_310_213_88.png,3
kanazawa_266_310_150_209.png,3
kanazawa_266_310_101_208.png,5
kanazawa_266_310_195_37.png,1
kanazawa_266_310_45_156.png,3
kanazawa_266_310_72_92.png,6
kanazawa_266_310_18_80.png,6
kanazawa_266_310_180_152.png,3
kanazawa_266_310_159_251.png,3
kanazawa_266_310_159_256.png,3
kanazawa_266_310_238_141.png,3
kanazawa_266_310_116_278.png,1
kanazawa_266_310_49_87.png,6
kanazawa_266_310_105_183.png,5
kanazawa_266_310_133_198.png,5
kanazawa_266_310_133_205.png,5
kanazawa_266_310_234_193.png,6
kanazawa_266_310_17_87.png,6
kanazawa_266_310_219_238.png,3
kanazawa_266_310_63_196.png,5
kanazawa_266_310_57_49.png,6
kanazawa_266_310_197_38.png,1
kanazawa_266_310_91_202.png,1
kanazawa_266_310_18_88.png,6
kanazawa_266_310_179_181.png,3
kanazawa_266_310_169_246.png,3
kanazawa_266_310_219_186.png,3
kanazawa_266_310_43_215.png,6
kanazawa_266_310_91_64.png,6
kanazawa_266_310_22_136.png,4
kanazawa_266_310_220_145.png,3
kanazawa_266_310_259_222.png,3
kanazawa_266_310_67_175.png,3
kanazawa_266_310_130_31.png,6
kanazawa_266_310_172_199.png,3
kanazawa_266_310_107_278.png,1
kanazawa_266_310_141_97.png,1
kanazawa_266_310_14_105.png,6
kanazawa_266_310_52_244.png,6
kanazawa_266_310_56_215.png,6
kanazawa_266_310_81_189.png,3
kanazawa_266_310_50_301.png,6
kanazawa_266_310_67_224.png,3
kanazawa_266_310_193_89.png,3
kanazawa_266_310_41_231.png,6
kanazawa_266_310_96_159.png,3
kanazawa_266_310_134_73.png,6
kanazawa_266_310_227_173.png,3
kanazawa_266_310_229_114.png,3
kanazawa_266_310_78_195.png,3
kanazawa_266_310_94_281.png,1
kanazawa_266_310_80_254.png,6
kanazawa_266_310_179_99.png,3
kanazawa_266_310_233_131.png,3
kanazawa_266_310_58_109.png,6
kanazawa_266_310_42_248.png,6
kanazawa_266_310_48_247.png,6
kanazawa_266_310_209_182.png,3
kanazawa_266_310_47_278.png,6
kanazawa_266_310_205_117.png,3
kanazawa_266_310_74_111.png,6
kanazawa_266_310_91_102.png,6
kanazawa_266_310_91_259.png,5
kanazawa_266_310_191_101.png,3
kanazawa_266_310_152_32.png,6
kanazawa_266_310_136_183.png,1
kanazawa_266_310_174_261.png,3
kanazawa_266_310_93_182.png,3
kanazawa_266_310_227_126.png,3
kanazawa_266_310_123_39.png,6
kanazawa_266_310_59_94.png,6
kanazawa_266_310_197_162.png,3
kanazawa_266_310_196_86.png,3
kanazawa_266_310_95_56.png,6
kanazawa_266_310_228_94.png,3
kanazawa_266_310_72_50.png,6
kanazawa_266_310_205_111.png,3
kanazawa_266_310_169_195.png,3
kanazawa_266_310_248_193.png,3
kanazawa_266_310_24_78.png,6
kanazawa_266_310_221_114.png,3
kanazawa_266_310_40_260.png,6
kanazawa_266_310_46_298.png,6
kanazawa_266_310_50_110.png,6
kanazawa_266_310_188_229.png,3
kanazawa_266_310_34_134.png,3
kanazawa_266_310_34_95.png,6
kanazawa_266_310_215_20.png,5
kanazawa_266_310_32_222.png,6
kanazawa_266_310_180_265.png,3
kanazawa_266_310_197_222.png,3
kanazawa_266_310_178_212.png,3
kanazawa_266_310_214_256.png,3
kanazawa_266_310_73_270.png,6
kanazawa_266_310_249_241.png,3
kanazawa_266_310_65_122.png,6
kanazawa_266_310_205_146.png,3
kanazawa_266_310_87_262.png,5
kanazawa_266_310_155_186.png,5
kanazawa_266_310_98_275.png,1
kanazawa_266_310_114_52.png,6
kanazawa_266_310_131_155.png,3
kanazawa_266_310_181_192.png,3
kanazawa_266_310_136_92.png,1
kanazawa_266_310_195_138.png,3
kanazawa_266_310_109_159.png,3
kanazawa_266_310_201_110.png,3
kanazawa_266_310_144_104.png,1
kanazawa_266_310_234_103.png,3
kanazawa_266_310_119_192.png,5
kanazawa_266_310_246_171.png,3
kanazawa_266_310_55_95.png,6
kanazawa_266_310_61_222.png,6
kanazawa_266_310_80_103.png,6
kanazawa_266_310_176_185.png,3
kanazawa_266_310_140_50.png,6
kanazawa_266_310_209_145.png,3
kanazawa_266_310_83_240.png,1
kanazawa_266_310_38_248.png,6
kanazawa_266_310_164_140.png,3
kanazawa_266_310_189_112.png,3
kanazawa_266_310_176_244.png,3
kanazawa_266_310_158_141.png,3
kanazawa_266_310_72_181.png,3
kanazawa_266_310_29_129.png,6
kanazawa_266_310_239_194.png,3
kanazawa_266_310_78_277.png,6
kanazawa_266_310_89_293.png,5
kanazawa_266_310_99_198.png,5
kanazawa_266_310_252_205.png,3
kanazawa_266_310_91_112.png,3
kanazawa_266_310_134_51.png,6
kanazawa_266_310_69_118.png,6
kanazawa_266_310_90_45.png,6
kanazawa_266_310_166_229.png,3
kanazawa_266_310_77_251.png,6
kanazawa_266_310_117_265.png,5
kanazawa_266_310_194_25.png,5
kanazawa_266_310_217_244.png,3
kanazawa_266_310_146_224.png,3
kanazawa_266_310_15_100.png,6
kanazawa_266_310_111_201.png,2
kanazawa_266_310_109_121.png,5
kanazawa_266_310_151_170.png,5
kanazawa_266_310_235_153.png,3
kanazawa_266_310_228_83.png,3
kanazawa_266_310_107_95.png,6
kanazawa_266_310_63_50.png,6
kanazawa_266_310_183_15.png,6
kanazawa_266_310_120_107.png,3
kanazawa_266_310_248_161.png,3
kanazawa_266_310_48_64.png,6
kanazawa_266_310_167_184.png,3
kanazawa_266_310_42_147.png,1
kanazawa_266_310_52_257.png,6
kanazawa_266_310_87_279.png,1
kanazawa_266_310_189_85.png,3
kanazawa_266_310_215_80.png,3
kanazawa_266_310_162_46.png,6
kanazawa_266_310_253_197.png,3
kanazawa_266_310_61_242.png,6
kanazawa_266_310_58_130.png,3
kanazawa_266_310_39_226.png,6
kanazawa_266_310_144_56.png,6
kanazawa_266_310_112_111.png,5
kanazawa_266_310_72_140.png,3
kanazawa_266_310_161_231.png,3
kanazawa_266_310_176_191.png,3
kanazawa_266_310_58_91.png,6
kanazawa_266_310_221_175.png,3
kanazawa_266_310_113_57.png,6
kanazawa_266_310_162_237.png,3
kanazawa_266_310_19_118.png,6
kanazawa_266_310_18_99.png,6
kanazawa_266_310_199_15.png,3
kanazawa_266_310_23_113.png,6
kanazawa_266_310_255_203.png,3
kanazawa_266_310_175_106.png,3
kanazawa_266_310_206_48.png,3
kanazawa_266_310_153_38.png,6
kanazawa_266_310_76_53.png,6
kanazawa_266_310_56_80.png,6
kanazawa_266_310_44_236.png,6
kanazawa_266_310_74_273.png,6
kanazawa_266_310_74_244.png,6
kanazawa_266_310_179_17.png,6
kanazawa_266_310_229_170.png,3
kanazawa_266_310_129_152.png,5
kanazawa_266_310_41_221.png,6
kanazawa_266_310_47_295.png,6
kanazawa_266_310_23_114.png,6
kanazawa_266_310_65_103.png,6
kanazawa_266_310_229_86.png,3
kanazawa_266_310_85_214.png,1
kanazawa_266_310_80_129.png,5
kanazawa_266_310_178_115.png,3
kanazawa_266_310_86_69.png,6
kanazawa_266_310_201_27.png,5
kanazawa_266_310_50_207.png,6
kanazawa_266_310_120_175.png,5
kanazawa_266_310_46_62.png,6
kanazawa_266_310_195_38.png,1
kanazawa_266_310_16_129.png,6
kanazawa_266_310_101_98.png,6
kanazawa_266_310_112_205.png,5
kanazawa_266_310_235_90.png,3
kanazawa_266_310_56_136.png,3
kanazawa_266_310_100_45.png,6
kanazawa_266_310_119_69.png,6
kanazawa_266_310_199_202.png,3
kanazawa_266_310_223_248.png,3
kanazawa_266_310_233_91.png,3
kanazawa_266_310_237_146.png,3
kanazawa_266_310_94_282.png,1
kanazawa_266_310_71_221.png,3
kanazawa_266_310_102_168.png,3
kanazawa_266_310_27_170.png,5
kanazawa_266_310_215_223.png,3
kanazawa_266_310_54_145.png,3
kanazawa_266_310_34_152.png,5
kanazawa_266_310_260_223.png,3
kanazawa_266_310_102_270.png,1
kanazawa_266_310_229_142.png,3
kanazawa_266_310_49_280.png,6
kanazawa_266_310_183_155.png,3
kanazawa_266_310_259_220.png,3
kanazawa_266_310_179_248.png,3
kanazawa_266_310_114_121.png,5
kanazawa_266_310_208_23.png,5
kanazawa_266_310_168_50.png,1
kanazawa_266_310_121_86.png,3
kanazawa_266_310_223_70.png,3
kanazawa_266_310_170_219.png,3
kanazawa_266_310_99_66.png,6
kanazawa_266_310_46_132.png,3
kanazawa_266_310_64_223.png,6
kanazawa_266_310_150_74.png,5
kanazawa_266_310_40_232.png,6
kanazawa_266_310_258_230.png,3
kanazawa_266_310_173_239.png,3
kanazawa_266_310_153_162.png,5
kanazawa_266_310_168_162.png,3
kanazawa_266_310_13_74.png,6
kanazawa_266_310_197_100.png,3
kanazawa_266_310_22_103.png,6
kanazawa_266_310_145_61.png,6
kanazawa_266_310_165_167.png,3
kanazawa_266_310_84_191.png,3
kanazawa_266_310_123_63.png,6
kanazawa_266_310_241_223.png,3
kanazawa_266_310_111_39.png,6
kanazawa_266_310_78_130.png,5
kanazawa_266_310_47_217.png,6
kanazawa_266_310_90_106.png,6
kanazawa_266_310_211_154.png,3
kanazawa_266_310_127_198.png,5
kanazawa_266_310_131_157.png,3
kanazawa_266_310_56_121.png,6
kanazawa_266_310_14_113.png,6
kanazawa_266_310_76_84.png,6
kanazawa_266_310_107_162.png,3
kanazawa_266_310_52_181.png,3
kanazawa_266_310_45_277.png,6
kanazawa_266_310_121_175.png,5
kanazawa_266_310_150_232.png,3
kanazawa_266_310_41_227.png,6
kanazawa_266_310_181_102.png,3
kanazawa_266_310_189_52.png,5
kanazawa_266_310_173_243.png,3
kanazawa_266_310_190_176.png,3
kanazawa_266_310_110_180.png,5
kanazawa_266_310_201_220.png,3
kanazawa_266_310_62_121.png,6
kanazawa_266_310_133_46.png,6
kanazawa_266_310_151_133.png,3
kanazawa_266_310_78_202.png,3
kanazawa_266_310_194_159.png,3
kanazawa_266_310_52_204.png,1
kanazawa_266_310_166_226.png,3
kanazawa_266_310_11_105.png,6
kanazawa_266_310_205_118.png,3
kanazawa_266_310_175_36.png,6
kanazawa_266_310_214_98.png,3
kanazawa_266_310_39_86.png,6
kanazawa_266_310_61_121.png,6
kanazawa_266_310_61_279.png,6
kanazawa_266_310_45_212.png,6
kanazawa_266_310_156_29.png,6
kanazawa_266_310_96_161.png,3
kanazawa_266_310_216_222.png,3
kanazawa_266_310_40_121.png,6
kanazawa_266_310_66_56.png,6
kanazawa_266_310_52_276.png,6
kanazawa_266_310_246_202.png,3
kanazawa_266_310_214_223.png,3
kanazawa_266_310_111_260.png,1
kanazawa_266_310_208_118.png,3
kanazawa_266_310_67_48.png,6
kanazawa_266_310_112_179.png,5
kanazawa_266_310_162_145.png,3
kanazawa_266_310_178_43.png,1
kanazawa_266_310_104_277.png,1
kanazawa_266_310_57_65.png,6
kanazawa_266_310_141_125.png,3
kanazawa_266_310_156_91.png,1
kanazawa_266_310_153_130.png,3
kanazawa_266_310_95_107.png,3
kanazawa_266_310_57_57.png,6
kanazawa_266_310_144_78.png,1
kanazawa_266_310_224_167.png,3
kanazawa_266_310_226_138.png,3
kanazawa_266_310_91_68.png,6
kanazawa_266_310_206_237.png,6
kanazawa_266_310_196_103.png,3
kanazawa_266_310_204_181.png,3
kanazawa_266_310_80_96.png,6
kanazawa_266_310_72_234.png,6
kanazawa_266_310_211_251.png,3
kanazawa_266_310_67_261.png,6
kanazawa_266_310_31_61.png,6
kanazawa_266_310_37_223.png,6
kanazawa_266_310_183_164.png,3
kanazawa_266_310_115_81.png,6
kanazawa_266_310_236_246.png,3
kanazawa_266_310_180_192.png,3
kanazawa_266_310_214_239.png,3
kanazawa_266_310_233_191.png,3
kanazawa_266_310_95_47.png,6
kanazawa_266_310_138_197.png,5
kanazawa_266_310_167_223.png,3
kanazawa_266_310_145_32.png,6
kanazawa_266_310_227_175.png,3
kanazawa_266_310_33_194.png,3
kanazawa_266_310_205_211.png,3
kanazawa_266_310_197_48.png,1
kanazawa_266_310_38_234.png,6
kanazawa_266_310_201_191.png,3
kanazawa_266_310_158_25.png,6
kanazawa_266_310_155_254.png,3
kanazawa_266_310_132_192.png,5
kanazawa_266_310_77_279.png,1
kanazawa_266_310_83_84.png,6
kanazawa_266_310_19_149.png,3
kanazawa_266_310_114_57.png,6
kanazawa_266_310_135_200.png,5
kanazawa_266_310_60_251.png,6
kanazawa_266_310_231_80.png,3
kanazawa_266_310_146_50.png,6
kanazawa_266_310_58_149.png,3
kanazawa_266_310_227_150.png,3
kanazawa_266_310_51_143.png,5
kanazawa_266_310_47_187.png,3
kanazawa_266_310_175_41.png,3
kanazawa_266_310_107_145.png,3
kanazawa_266_310_126_67.png,6
kanazawa_266_310_139_190.png,5
kanazawa_266_310_174_24.png,6
kanazawa_266_310_93_79.png,6
kanazawa_266_310_49_68.png,6
kanazawa_266_310_196_234.png,3
kanazawa_266_310_214_240.png,3
kanazawa_266_310_179_69.png,5
kanazawa_266_310_195_157.png,3
kanazawa_266_310_89_212.png,1
kanazawa_266_310_141_150.png,3
kanazawa_266_310_203_40.png,5
kanazawa_266_310_178_162.png,3
kanazawa_266_310_106_60.png,6
kanazawa_266_310_108_204.png,1
kanazawa_266_310_213_237.png,3
kanazawa_266_310_2_68.png,6
kanazawa_266_310_206_196.png,3
kanazawa_266_310_240_151.png,3
kanazawa_266_310_45_79.png,6
kanazawa_266_310_6_81.png,6
kanazawa_266_310_80_148.png,3
kanazawa_266_310_90_84.png,6
kanazawa_266_310_44_118.png,6
kanazawa_266_310_45_229.png,6
kanazawa_266_310_166_92.png,3
kanazawa_266_310_180_107.png,3
kanazawa_266_310_31_159.png,5
kanazawa_266_310_71_236.png,6
kanazawa_266_310_69_181.png,3
kanazawa_266_310_240_126.png,3
kanazawa_266_310_168_72.png,5
kanazawa_266_310_62_146.png,3
kanazawa_266_310_234_124.png,3
kanazawa_266_310_58_269.png,6
kanazawa_266_310_245_213.png,3
kanazawa_266_310_185_211.png,3
kanazawa_266_310_26_104.png,6
kanazawa_266_310_151_58.png,6
kanazawa_266_310_191_237.png,3
kanazawa_266_310_10_76.png,6
kanazawa_266_310_169_229.png,3
kanazawa_266_310_30_72.png,6
kanazawa_266_310_30_134.png,3
kanazawa_266_310_167_213.png,3
kanazawa_266_310_30_157.png,5
kanazawa_266_310_52_93.png,6
kanazawa_266_310_121_169.png,5
kanazawa_266_310_229_94.png,3
kanazawa_266_310_150_99.png,1
kanazawa_266_310_205_86.png,1
kanazawa_266_310_86_168.png,3
kanazawa_266_310_183_257.png,3
kanazawa_266_310_195_193.png,3
kanazawa_266_310_76_254.png,6
kanazawa_266_310_118_32.png,6
kanazawa_266_310_182_257.png,3
kanazawa_266_310_21_140.png,5
kanazawa_266_310_125_35.png,6
kanazawa_266_310_162_270.png,3
kanazawa_266_310_82_91.png,6
kanazawa_266_310_68_289.png,6
kanazawa_266_310_46_170.png,3
kanazawa_266_310_60_253.png,6
kanazawa_266_310_182_164.png,3
kanazawa_266_310_139_118.png,3
kanazawa_266_310_116_147.png,3
kanazawa_266_310_203_107.png,3
kanazawa_266_310_253_201.png,3
kanazawa_266_310_83_218.png,1
kanazawa_266_310_122_158.png,5
kanazawa_266_310_251_213.png,3
kanazawa_266_310_205_200.png,3
kanazawa_266_310_260_232.png,3
kanazawa_266_310_146_144.png,3
kanazawa_266_310_186_223.png,3
kanazawa_266_310_91_66.png,6
kanazawa_266_310_150_109.png,1
kanazawa_266_310_66_118.png,6
kanazawa_266_310_248_187.png,3
kanazawa_266_310_141_28.png,6
kanazawa_266_310_141_105.png,1
kanazawa_266_310_193_246.png,3
kanazawa_266_310_120_61.png,6
kanazawa_266_310_144_55.png,6
kanazawa_266_310_121_103.png,1
kanazawa_266_310_212_194.png,3
kanazawa_266_310_82_190.png,3
kanazawa_266_310_176_205.png,3
kanazawa_266_310_106_95.png,6
kanazawa_266_310_67_47.png,6
kanazawa_266_310_111_156.png,3
kanazawa_266_310_251_186.png,3
kanazawa_266_310_42_80.png,6
kanazawa_266_310_59_126.png,6
kanazawa_266_310_225_181.png,3
kanazawa_266_310_180_32.png,6
kanazawa_266_310_239_229.png,3
kanazawa_266_310_26_197.png,3
kanazawa_266_310_43_69.png,6
kanazawa_266_310_141_195.png,5
kanazawa_266_310_32_178.png,3
kanazawa_266_310_158_253.png,3
kanazawa_266_310_69_119.png,6
kanazawa_266_310_31_211.png,3
kanazawa_266_310_119_187.png,5
kanazawa_266_310_33_68.png,6
kanazawa_266_310_60_203.png,5
kanazawa_266_310_47_233.png,6
kanazawa_266_310_259_225.png,3
kanazawa_266_310_43_106.png,6
kanazawa_266_310_116_201.png,5
kanazawa_266_310_199_205.png,3
kanazawa_266_310_61_142.png,3
kanazawa_266_310_5_75.png,6
kanazawa_266_310_249_211.png,3
kanazawa_266_310_185_116.png,3
kanazawa_266_310_181_82.png,1
kanazawa_266_310_199_80.png,3
kanazawa_266_310_46_265.png,6
kanazawa_266_310_210_177.png,3
kanazawa_266_310_119_133.png,3
kanazawa_266_310_86_76.png,6
kanazawa_266_310_152_41.png,6
kanazawa_266_310_177_131.png,3
kanazawa_266_310_121_172.png,5
kanazawa_266_310_183_151.png,3
kanazawa_266_310_117_176.png,5
kanazawa_266_310_37_135.png,3
kanazawa_266_310_177_219.png,3
kanazawa_266_310_201_184.png,3
kanazawa_266_310_132_215.png,3
kanazawa_266_310_151_204.png,3
kanazawa_266_310_79_240.png,1
kanazawa_266_310_97_243.png,1
kanazawa_266_310_133_255.png,5
kanazawa_266_310_206_241.png,3
kanazawa_266_310_117_59.png,6
kanazawa_266_310_222_125.png,3
kanazawa_266_310_75_64.png,6
kanazawa_266_310_24_124.png,6
kanazawa_266_310_96_39.png,6
kanazawa_266_310_230_249.png,3
kanazawa_266_310_53_183.png,5
kanazawa_266_310_213_184.png,3
kanazawa_266_310_147_98.png,1
kanazawa_266_310_122_141.png,3
kanazawa_266_310_81_84.png,6
kanazawa_266_310_251_208.png,3
kanazawa_266_310_180_258.png,3
kanazawa_266_310_167_66.png,5
kanazawa_266_310_113_61.png,6
kanazawa_266_310_75_63.png,6
kanazawa_266_310_164_22.png,6
kanazawa_266_310_107_87.png,6
kanazawa_266_310_33_131.png,6
kanazawa_266_310_111_132.png,3
kanazawa_266_310_246_191.png,3
kanazawa_266_310_199_166.png,3
kanazawa_266_310_243_162.png,3
kanazawa_266_310_85_247.png,1
kanazawa_266_310_73_248.png,6
kanazawa_266_310_232_176.png,3
kanazawa_266_310_218_237.png,3
kanazawa_266_310_122_85.png,3
kanazawa_266_310_122_252.png,5
kanazawa_266_310_219_159.png,3
kanazawa_266_310_137_257.png,3
kanazawa_266_310_196_223.png,3
kanazawa_266_310_165_265.png,3
kanazawa_266_310_163_238.png,3
kanazawa_266_310_57_268.png,6
kanazawa_266_310_62_120.png,6
kanazawa_266_310_67_168.png,3
kanazawa_266_310_108_188.png,5
kanazawa_266_310_60_237.png,6
kanazawa_266_310_224_89.png,3
kanazawa_266_310_162_240.png,3
kanazawa_266_310_27_187.png,3
kanazawa_266_310_168_242.png,3
kanazawa_266_310_159_106.png,3
kanazawa_266_310_164_158.png,3
kanazawa_266_310_153_43.png,6
kanazawa_266_310_151_35.png,6
kanazawa_266_310_240_220.png,3
kanazawa_266_310_69_260.png,6
kanazawa_266_310_84_165.png,3
kanazawa_266_310_116_231.png,3
kanazawa_266_310_152_269.png,3
kanazawa_266_310_117_52.png,6
kanazawa_266_310_79_62.png,6
kanazawa_266_310_151_191.png,5
kanazawa_266_310_140_36.png,6
kanazawa_266_310_146_28.png,6
kanazawa_266_310_36_114.png,6
kanazawa_266_310_6_69.png,6
kanazawa_266_310_223_224.png,3
kanazawa_266_310_140_139.png,3
kanazawa_266_310_200_163.png,3
kanazawa_266_310_197_187.png,3
kanazawa_266_310_112_236.png,5
kanazawa_266_310_197_163.png,3
kanazawa_266_310_209_159.png,3
kanazawa_266_310_49_111.png,6
kanazawa_266_310_132_63.png,6
kanazawa_266_310_105_205.png,5
kanazawa_266_310_247_243.png,3
kanazawa_266_310_191_259.png,3
kanazawa_266_310_229_242.png,3
kanazawa_266_310_133_115.png,3
kanazawa_266_310_221_232.png,3
kanazawa_266_310_212_173.png,3
kanazawa_266_310_42_86.png,6
kanazawa_266_310_215_107.png,3
kanazawa_266_310_176_135.png,3
kanazawa_266_310_121_111.png,5
kanazawa_266_310_47_240.png,6
kanazawa_266_310_165_31.png,6
kanazawa_266_310_237_128.png,3
kanazawa_266_310_80_221.png,1
kanazawa_266_310_20_87.png,6
kanazawa_266_310_253_242.png,3
kanazawa_266_310_179_106.png,3
kanazawa_266_310_16_92.png,6
kanazawa_266_310_198_193.png,3
kanazawa_266_310_12_81.png,6
kanazawa_266_310_235_161.png,3
kanazawa_266_310_230_103.png,3
kanazawa_266_310_198_258.png,3
kanazawa_266_310_199_132.png,3
kanazawa_266_310_232_209.png,3
kanazawa_266_310_62_264.png,6
kanazawa_266_310_85_294.png,1
kanazawa_266_310_212_252.png,3
kanazawa_266_310_138_35.png,6
kanazawa_266_310_36_91.png,6
kanazawa_266_310_36_247.png,6
kanazawa_266_310_225_147.png,3
kanazawa_266_310_224_128.png,3
kanazawa_266_310_216_191.png,3
kanazawa_266_310_43_157.png,5
kanazawa_266_310_16_62.png,6
kanazawa_266_310_10_105.png,6
kanazawa_266_310_204_231.png,3
kanazawa_266_310_96_283.png,1
kanazawa_266_310_235_220.png,3
kanazawa_266_310_78_267.png,6
kanazawa_266_310_55_224.png,6
kanazawa_266_310_167_266.png,3
kanazawa_266_310_56_295.png,6
kanazawa_266_310_82_84.png,6
kanazawa_266_310_81_262.png,6
kanazawa_266_310_224_185.png,3
kanazawa_266_310_107_223.png,5
kanazawa_266_310_44_74.png,6
kanazawa_266_310_197_191.png,3
kanazawa_266_310_225_62.png,3
kanazawa_266_310_240_164.png,3
kanazawa_266_310_136_204.png,5
kanazawa_266_310_38_142.png,5
kanazawa_266_310_110_61.png,6
kanazawa_266_310_166_246.png,3
kanazawa_266_310_211_175.png,3
kanazawa_266_310_160_256.png,3
kanazawa_266_310_61_265.png,6
kanazawa_266_310_57_282.png,6
kanazawa_266_310_116_128.png,3
kanazawa_266_310_165_90.png,1
kanazawa_266_310_188_157.png,3
kanazawa_266_310_47_75.png,6
kanazawa_266_310_145_188.png,5
kanazawa_266_310_153_163.png,5
kanazawa_266_310_70_109.png,6
kanazawa_266_310_106_258.png,3
kanazawa_266_310_187_258.png,3
kanazawa_266_310_178_53.png,1
kanazawa_266_310_34_160.png,5
kanazawa_266_310_232_178.png,3
kanazawa_266_310_97_229.png,5
kanazawa_266_310_62_88.png,6
kanazawa_266_310_71_239.png,6
kanazawa_266_310_189_125.png,3
kanazawa_266_310_203_208.png,3
kanazawa_266_310_59_83.png,6
kanazawa_266_310_32_156.png,5
kanazawa_266_310_100_100.png,6
kanazawa_266_310_183_47.png,5
kanazawa_266_310_190_180.png,3
kanazawa_266_310_64_201.png,5
kanazawa_266_310_151_127.png,5
kanazawa_266_310_89_263.png,5
kanazawa_266_310_45_76.png,6
kanazawa_266_310_122_222.png,3
kanazawa_266_310_192_185.png,3
kanazawa_266_310_36_245.png,6
kanazawa_266_310_59_239.png,6
kanazawa_266_310_200_208.png,3
kanazawa_266_310_192_110.png,3
kanazawa_266_310_9_72.png,6
kanazawa_266_310_24_95.png,6
kanazawa_266_310_150_61.png,3
kanazawa_266_310_55_281.png,6
kanazawa_266_310_51_107.png,6
kanazawa_266_310_189_251.png,3
kanazawa_266_310_194_154.png,3
kanazawa_266_310_227_241.png,3
kanazawa_266_310_254_244.png,3
kanazawa_266_310_119_182.png,5
kanazawa_266_310_245_173.png,3
kanazawa_266_310_50_249.png,6
kanazawa_266_310_20_113.png,6
kanazawa_266_310_25_85.png,6
kanazawa_266_310_76_217.png,3
kanazawa_266_310_60_81.png,6
kanazawa_266_310_188_127.png,3
kanazawa_266_310_113_157.png,5
kanazawa_266_310_32_102.png,6
kanazawa_266_310_148_125.png,3
kanazawa_266_310_179_178.png,3
kanazawa_266_310_44_105.png,6
kanazawa_266_310_191_164.png,3
kanazawa_266_310_10_111.png,6
kanazawa_266_310_163_189.png,3
kanazawa_266_310_199_167.png,3
kanazawa_266_310_152_40.png,6
kanazawa_266_310_190_237.png,3
kanazawa_266_310_43_226.png,6
kanazawa_266_310_227_84.png,3
kanazawa_266_310_243_157.png,3
kanazawa_266_310_201_113.png,3
kanazawa_266_310_190_88.png,3
kanazawa_266_310_194_26.png,5
kanazawa_266_310_127_231.png,3
kanazawa_266_310_226_87.png,3
kanazawa_266_310_147_77.png,5
kanazawa_266_310_92_72.png,6
kanazawa_266_310_133_87.png,1
kanazawa_266_310_251_239.png,3
kanazawa_266_310_69_240.png,6
kanazawa_266_310_219_46.png,3
kanazawa_266_310_238_188.png,3
kanazawa_266_310_22_119.png,6
kanazawa_266_310_121_249.png,5
kanazawa_266_310_73_117.png,6
kanazawa_266_310_197_233.png,3
kanazawa_266_310_207_157.png,3
kanazawa_266_310_223_146.png,3
kanazawa_266_310_98_103.png,6
kanazawa_266_310_181_205.png,3
kanazawa_266_310_83_291.png,3
kanazawa_266_310_168_35.png,6
kanazawa_266_310_169_87.png,5
kanazawa_266_310_101_90.png,6
kanazawa_266_310_189_63.png,3
kanazawa_266_310_44_113.png,6
kanazawa_266_310_38_230.png,6
kanazawa_266_310_135_202.png,5
kanazawa_266_310_129_67.png,6
kanazawa_266_310_231_139.png,3
kanazawa_266_310_245_205.png,3
kanazawa_266_310_66_258.png,6
kanazawa_266_310_155_176.png,5
kanazawa_266_310_106_39.png,6
kanazawa_266_310_144_117.png,3
kanazawa_266_310_170_25.png,6
kanazawa_266_310_117_102.png,3
kanazawa_266_310_235_146.png,3
kanazawa_266_310_55_127.png,6
kanazawa_266_310_68_262.png,6
kanazawa_266_310_158_50.png,6
kanazawa_266_310_141_81.png,5
kanazawa_266_310_76_292.png,6
kanazawa_266_310_126_173.png,5
kanazawa_266_310_69_108.png,6
kanazawa_266_310_176_20.png,6
kanazawa_266_310_174_242.png,3
kanazawa_266_310_95_121.png,5
kanazawa_266_310_47_52.png,6
kanazawa_266_310_173_41.png,6
kanazawa_266_310_185_240.png,3
kanazawa_266_310_27_94.png,6
kanazawa_266_310_114_254.png,5
kanazawa_266_310_178_40.png,1
kanazawa_266_310_116_34.png,6
kanazawa_266_310_210_144.png,3
kanazawa_266_310_241_217.png,3
kanazawa_266_310_53_257.png,6
kanazawa_266_310_119_102.png,6
kanazawa_266_310_182_140.png,3
kanazawa_266_310_157_232.png,3
kanazawa_266_310_188_50.png,5
kanazawa_266_310_125_222.png,3
kanazawa_266_310_74_281.png,6
kanazawa_266_310_157_98.png,1
kanazawa_266_310_174_243.png,3
kanazawa_266_310_117_110.png,3
kanazawa_266_310_108_187.png,5
kanazawa_266_310_111_63.png,6
kanazawa_266_310_205_105.png,3
kanazawa_266_310_28_131.png,3
kanazawa_266_310_234_119.png,3
kanazawa_266_310_74_269.png,6
kanazawa_266_310_84_60.png,6
kanazawa_266_310_223_201.png,3
kanazawa_266_310_176_161.png,3
kanazawa_266_310_140_193.png,5
kanazawa_266_310_207_247.png,3
kanazawa_266_310_248_176.png,3
kanazawa_266_310_125_105.png,5
kanazawa_266_310_54_88.png,6
kanazawa_266_310_116_90.png,3
kanazawa_266_310_45_55.png,6
kanazawa_266_310_95_80.png,6
kanazawa_266_310_223_86.png,3
kanazawa_266_310_161_68.png,5
kanazawa_266_310_233_96.png,3
kanazawa_266_310_200_120.png,3
kanazawa_266_310_224_117.png,3
kanazawa_266_310_153_99.png,1
kanazawa_266_310_64_65.png,6
kanazawa_266_310_197_36.png,1
kanazawa_266_310_79_137.png,3
kanazawa_266_310_250_218.png,3
kanazawa_266_310_247_188.png,3
kanazawa_266_310_223_138.png,3
kanazawa_266_310_64_227.png,6
kanazawa_266_310_229_91.png,3
kanazawa_266_310_42_257.png,6
kanazawa_266_310_128_271.png,5
kanazawa_266_310_105_165.png,5
kanazawa_266_310_165_257.png,3
kanazawa_266_310_236_97.png,3
kanazawa_266_310_80_293.png,6
kanazawa_266_310_183_197.png,3
kanazawa_266_310_63_232.png,6
kanazawa_266_310_92_153.png,3
kanazawa_266_310_132_221.png,3
kanazawa_266_310_179_192.png,3
kanazawa_266_310_148_132.png,3
kanazawa_266_310_48_226.png,6
kanazawa_266_310_67_264.png,6
kanazawa_266_310_56_275.png,6
kanazawa_266_310_191_122.png,3
kanazawa_266_310_179_31.png,6
kanazawa_266_310_66_121.png,6
kanazawa_266_310_48_214.png,6
kanazawa_266_310_86_89.png,6
kanazawa_266_310_80_240.png,3
kanazawa_266_310_53_91.png,6
kanazawa_266_310_116_192.png,5
kanazawa_266_310_165_105.png,3
kanazawa_266_310_99_217.png,5
kanazawa_266_310_243_201.png,3
kanazawa_266_310_47_281.png,6
kanazawa_266_310_234_197.png,6
kanazawa_266_310_56_243.png,6
kanazawa_266_310_206_29.png,1
kanazawa_266_310_121_260.png,5
kanazawa_266_310_50_229.png,6
kanazawa_266_310_10_93.png,6
kanazawa_266_310_107_46.png,6
kanazawa_266_310_220_105.png,3
kanazawa_266_310_192_20.png,6
kanazawa_266_310_60_85.png,6
kanazawa_266_310_138_144.png,3
kanazawa_266_310_186_139.png,3
kanazawa_266_310_104_60.png,6
kanazawa_266_310_198_209.png,3
kanazawa_266_310_218_107.png,3
kanazawa_266_310_231_188.png,3
kanazawa_266_310_27_110.png,6
kanazawa_266_310_110_214.png,5
kanazawa_266_310_76_164.png,3
kanazawa_266_310_26_67.png,6
kanazawa_266_310_61_210.png,2
kanazawa_266_310_185_244.png,3
kanazawa_266_310_58_262.png,6
kanazawa_266_310_227_71.png,3
kanazawa_266_310_235_250.png,3
kanazawa_266_310_79_261.png,6
kanazawa_266_310_64_115.png,6
kanazawa_266_310_110_173.png,5
kanazawa_266_310_181_265.png,3
kanazawa_266_310_212_231.png,3
kanazawa_266_310_92_238.png,5
kanazawa_266_310_129_37.png,6
kanazawa_266_310_117_80.png,6
kanazawa_266_310_143_67.png,6
kanazawa_266_310_196_228.png,3
kanazawa_266_310_193_102.png,3
kanazawa_266_310_211_35.png,5
kanazawa_266_310_102_187.png,5
kanazawa_266_310_105_39.png,6
kanazawa_266_310_66_113.png,6
kanazawa_266_310_239_144.png,3
kanazawa_266_310_136_186.png,1
kanazawa_266_310_155_88.png,1
kanazawa_266_310_124_138.png,3
kanazawa_266_310_65_191.png,3
kanazawa_266_310_221_128.png,3
kanazawa_266_310_254_230.png,3
kanazawa_266_310_189_14.png,6
kanazawa_266_310_61_224.png,6
kanazawa_266_310_134_116.png,3
kanazawa_266_310_224_81.png,3
kanazawa_266_310_206_138.png,3
kanazawa_266_310_191_133.png,3
kanazawa_266_310_204_147.png,3
kanazawa_266_310_103_99.png,6
kanazawa_266_310_223_228.png,3
kanazawa_266_310_47_89.png,6
kanazawa_266_310_214_184.png,3
kanazawa_266_310_197_250.png,3
kanazawa_266_310_59_122.png,6
kanazawa_266_310_56_91.png,6
kanazawa_266_310_190_13.png,6
kanazawa_266_310_237_238.png,3
kanazawa_266_310_65_255.png,6
kanazawa_266_310_172_55.png,5
kanazawa_266_310_34_232.png,6
kanazawa_266_310_22_64.png,6
kanazawa_266_310_198_177.png,3
kanazawa_266_310_164_196.png,3
kanazawa_266_310_88_220.png,1
kanazawa_266_310_154_215.png,3
kanazawa_266_310_213_49.png,3
kanazawa_266_310_255_223.png,3
kanazawa_266_310_88_94.png,6
kanazawa_266_310_196_231.png,3
kanazawa_266_310_106_74.png,6
kanazawa_266_310_93_214.png,1
kanazawa_266_310_236_206.png,6
kanazawa_266_310_65_276.png,6
kanazawa_266_310_25_100.png,6
kanazawa_266_310_143_174.png,5
kanazawa_266_310_227_162.png,3
kanazawa_266_310_195_231.png,3
kanazawa_266_310_210_217.png,3
kanazawa_266_310_150_225.png,3
kanazawa_266_310_214_80.png,3
kanazawa_266_310_96_87.png,6
kanazawa_266_310_59_75.png,6
kanazawa_266_310_205_38.png,6
kanazawa_266_310_131_177.png,5
kanazawa_266_310_194_219.png,3
kanazawa_266_310_183_21.png,6
kanazawa_266_310_198_155.png,3
kanazawa_266_310_163_103.png,3
kanazawa_266_310_98_192.png,5
kanazawa_266_310_98_49.png,6
kanazawa_266_310_47_114.png,6
kanazawa_266_310_220_177.png,3
kanazawa_266_310_234_208.png,3
kanazawa_266_310_245_207.png,3
kanazawa_266_310_153_29.png,6
kanazawa_266_310_63_180.png,3
kanazawa_266_310_216_153.png,3
kanazawa_266_310_190_37.png,5
kanazawa_266_310_19_94.png,6
kanazawa_266_310_202_214.png,3
kanazawa_266_310_35_68.png,6
kanazawa_266_310_125_149.png,3
kanazawa_266_310_42_113.png,6
kanazawa_266_310_139_47.png,6
kanazawa_266_310_133_61.png,6
kanazawa_266_310_15_122.png,6
kanazawa_266_310_152_75.png,5
kanazawa_266_310_77_276.png,3
kanazawa_266_310_196_217.png,3
kanazawa_266_310_129_156.png,3
kanazawa_266_310_106_59.png,6
kanazawa_266_310_243_215.png,3
kanazawa_266_310_192_58.png,5
kanazawa_266_310_178_220.png,3
kanazawa_266_310_144_176.png,5
kanazawa_266_310_186_176.png,3
kanazawa_266_310_35_123.png,6
kanazawa_266_310_35_98.png,6
kanazawa_266_310_62_293.png,6
kanazawa_266_310_144_28.png,6
kanazawa_266_310_199_109.png,3
kanazawa_266_310_259_221.png,3
kanazawa_266_310_224_107.png,3
kanazawa_266_310_77_84.png,6
kanazawa_266_310_246_160.png,3
kanazawa_266_310_129_142.png,3
kanazawa_266_310_113_91.png,6
kanazawa_266_310_186_180.png,3
kanazawa_266_310_15_130.png,6
kanazawa_266_310_86_180.png,3
kanazawa_266_310_218_250.png,3
kanazawa_266_310_146_36.png,6
kanazawa_266_310_99_163.png,3
kanazawa_266_310_46_147.png,5
kanazawa_266_310_13_113.png,6
kanazawa_266_310_32_106.png,6
kanazawa_266_310_95_128.png,3
kanazawa_266_310_246_177.png,3
kanazawa_266_310_45_60.png,6
kanazawa_266_310_201_159.png,3
kanazawa_266_310_189_38.png,5
kanazawa_266_310_145_63.png,6
kanazawa_266_310_144_90.png,1
kanazawa_266_310_60_107.png,6
kanazawa_266_310_136_191.png,5
kanazawa_266_310_130_42.png,6
kanazawa_266_310_172_252.png,3
kanazawa_266_310_134_63.png,6
kanazawa_266_310_214_70.png,3
kanazawa_266_310_229_81.png,3
kanazawa_266_310_118_253.png,5
kanazawa_266_310_229_74.png,3
kanazawa_266_310_23_117.png,6
kanazawa_266_310_198_167.png,3
kanazawa_266_310_204_176.png,3
kanazawa_266_310_234_106.png,3
kanazawa_266_310_55_258.png,6
kanazawa_266_310_250_190.png,3
kanazawa_266_310_175_174.png,3
kanazawa_266_310_153_195.png,3
kanazawa_266_310_191_228.png,3
kanazawa_266_310_99_55.png,6
kanazawa_266_310_104_36.png,6
kanazawa_266_310_164_91.png,1
kanazawa_266_310_65_200.png,5
kanazawa_266_310_136_34.png,6
kanazawa_266_310_162_265.png,3
kanazawa_266_310_18_102.png,6
kanazawa_266_310_52_301.png,6
kanazawa_266_310_106_45.png,6
kanazawa_266_310_81_68.png,6
kanazawa_266_310_95_42.png,6
kanazawa_266_310_131_61.png,6
kanazawa_266_310_31_71.png,6
kanazawa_266_310_129_127.png,3
kanazawa_266_310_244_213.png,3
kanazawa_266_310_48_129.png,3
kanazawa_266_310_253_209.png,3
kanazawa_266_310_44_222.png,6
kanazawa_266_310_73_217.png,3
kanazawa_266_310_73_75.png,6
kanazawa_266_310_97_70.png,6
kanazawa_266_310_57_111.png,6
kanazawa_266_310_193_253.png,3
kanazawa_266_310_167_26.png,6
kanazawa_266_310_142_219.png,3
kanazawa_266_310_159_21.png,6
kanazawa_266_310_44_267.png,6
kanazawa_266_310_160_270.png,3
kanazawa_266_310_221_36.png,3
kanazawa_266_310_221_202.png,3
kanazawa_266_310_62_239.png,6
kanazawa_266_310_136_99.png,1
kanazawa_266_310_51_125.png,6
kanazawa_266_310_183_120.png,3
kanazawa_266_310_205_145.png,3
kanazawa_266_310_30_58.png,6
kanazawa_266_310_107_91.png,6
kanazawa_266_310_141_44.png,6
kanazawa_266_310_178_182.png,3
kanazawa_266_310_105_268.png,1
kanazawa_266_310_88_292.png,5
kanazawa_266_310_64_224.png,6
kanazawa_266_310_228_165.png,3
kanazawa_266_310_88_279.png,1
kanazawa_266_310_174_211.png,3
kanazawa_266_310_38_245.png,6
kanazawa_266_310_144_170.png,5
kanazawa_266_310_43_55.png,6
kanazawa_266_310_255_207.png,3
kanazawa_266_310_177_99.png,3
kanazawa_266_310_193_120.png,3
kanazawa_266_310_20_122.png,6
kanazawa_266_310_4_65.png,6
kanazawa_266_310_146_113.png,3
kanazawa_266_310_157_139.png,3
kanazawa_266_310_6_84.png,6
kanazawa_266_310_61_71.png,6
kanazawa_266_310_81_72.png,6
kanazawa_266_310_103_274.png,1
kanazawa_266_310_161_220.png,3
kanazawa_266_310_226_109.png,3
kanazawa_266_310_170_247.png,3
kanazawa_266_310_95_288.png,5
kanazawa_266_310_77_57.png,6
kanazawa_266_310_43_252.png,6
kanazawa_266_310_51_147.png,5
kanazawa_266_310_146_52.png,6
kanazawa_266_310_32_77.png,6
kanazawa_266_310_65_136.png,5
kanazawa_266_310_125_249.png,5
kanazawa_266_310_203_235.png,3
kanazawa_266_310_135_134.png,3
kanazawa_266_310_85_127.png,3
kanazawa_266_310_100_97.png,6
kanazawa_266_310_75_111.png,6
kanazawa_266_310_78_109.png,6
kanazawa_266_310_111_189.png,5
kanazawa_266_310_179_233.png,3
kanazawa_266_310_55_62.png,6
kanazawa_266_310_96_62.png,6
kanazawa_266_310_204_118.png,3
kanazawa_266_310_235_140.png,3
kanazawa_266_310_245_161.png,3
kanazawa_266_310_13_105.png,6
kanazawa_266_310_205_218.png,3
kanazawa_266_310_81_50.png,6
kanazawa_266_310_42_105.png,6
kanazawa_266_310_33_62.png,6
kanazawa_266_310_105_96.png,6
kanazawa_266_310_73_219.png,3
kanazawa_266_310_183_52.png,1
kanazawa_266_310_214_163.png,3
kanazawa_266_310_204_82.png,3
kanazawa_266_310_226_148.png,3
kanazawa_266_310_43_129.png,6
kanazawa_266_310_73_264.png,6
kanazawa_266_310_182_204.png,3
kanazawa_266_310_159_200.png,3
kanazawa_266_310_153_125.png,3
kanazawa_266_310_44_59.png,6
kanazawa_266_310_154_164.png,5
kanazawa_266_310_137_146.png,3
kanazawa_266_310_184_43.png,5
kanazawa_266_310_127_44.png,6
kanazawa_266_310_232_131.png,3
kanazawa_266_310_56_225.png,6
kanazawa_266_310_166_222.png,3
kanazawa_266_310_80_171.png,3
kanazawa_266_310_164_23.png,6
kanazawa_266_310_185_145.png,3
kanazawa_266_310_202_35.png,1
kanazawa_266_310_226_194.png,3
kanazawa_266_310_132_177.png,5
kanazawa_266_310_234_142.png,3
kanazawa_266_310_52_214.png,6
kanazawa_266_310_209_224.png,3
kanazawa_266_310_53_255.png,6
kanazawa_266_310_59_301.png,6
kanazawa_266_310_57_97.png,6
kanazawa_266_310_254_209.png,3
kanazawa_266_310_227_85.png,3
kanazawa_266_310_203_80.png,3
kanazawa_266_310_32_165.png,3
kanazawa_266_310_221_200.png,3
kanazawa_266_310_112_220.png,5
kanazawa_266_310_76_249.png,6
kanazawa_266_310_92_139.png,3
kanazawa_266_310_25_93.png,6
kanazawa_266_310_117_153.png,3
kanazawa_266_310_203_10.png,6
kanazawa_266_310_99_128.png,3
kanazawa_266_310_99_290.png,1
kanazawa_266_310_100_65.png,6
kanazawa_266_310_181_135.png,3
kanazawa_266_310_164_89.png,1
kanazawa_266_310_66_259.png,6
kanazawa_266_310_214_162.png,3
kanazawa_266_310_48_210.png,6
kanazawa_266_310_85_132.png,3
kanazawa_266_310_103_146.png,3
kanazawa_266_310_74_287.png,6
kanazawa_266_310_51_201.png,5
kanazawa_266_310_172_62.png,5
kanazawa_266_310_62_292.png,6
kanazawa_266_310_58_120.png,6
kanazawa_266_310_181_179.png,3
kanazawa_266_310_223_221.png,3
kanazawa_266_310_99_75.png,6
kanazawa_266_310_218_43.png,3
kanazawa_266_310_131_58.png,6
kanazawa_266_310_192_119.png,3
kanazawa_266_310_175_113.png,3
kanazawa_266_310_151_115.png,1
kanazawa_266_310_125_94.png,1
kanazawa_266_310_201_50.png,3
kanazawa_266_310_103_48.png,6
kanazawa_266_310_220_184.png,3
kanazawa_266_310_237_182.png,3
kanazawa_266_310_237_211.png,3
kanazawa_266_310_41_140.png,1
kanazawa_266_310_175_195.png,3
kanazawa_266_310_47_234.png,6
kanazawa_266_310_41_249.png,6
kanazawa_266_310_42_65.png,6
kanazawa_266_310_236_239.png,3
kanazawa_266_310_206_208.png,3
kanazawa_266_310_220_108.png,3
kanazawa_266_310_64_197.png,5
kanazawa_266_310_49_201.png,5
kanazawa_266_310_139_87.png,1
kanazawa_266_310_101_123.png,3
kanazawa_266_310_149_205.png,3
kanazawa_266_310_47_239.png,6
kanazawa_266_310_105_160.png,3
kanazawa_266_310_239_191.png,3
kanazawa_266_310_174_27.png,6
kanazawa_266_310_128_259.png,5
kanazawa_266_310_155_227.png,3
kanazawa_266_310_210_226.png,3
kanazawa_266_310_143_66.png,6
kanazawa_266_310_205_165.png,3
kanazawa_266_310_163_42.png,6
kanazawa_266_310_196_9.png,6
kanazawa_266_310_91_220.png,1
kanazawa_266_310_128_280.png,5
kanazawa_266_310_124_216.png,5
kanazawa_266_310_77_203.png,3
kanazawa_266_310_180_21.png,6
kanazawa_266_310_226_159.png,3
kanazawa_266_310_116_280.png,1
kanazawa_266_310_101_256.png,5
kanazawa_266_310_184_156.png,3
kanazawa_266_310_118_200.png,5
kanazawa_266_310_198_216.png,3
kanazawa_266_310_57_263.png,6
kanazawa_266_310_62_125.png,6
kanazawa_266_310_67_227.png,6
kanazawa_266_310_66_105.png,6
kanazawa_266_310_143_36.png,6
kanazawa_266_310_209_110.png,3
kanazawa_266_310_75_241.png,6
kanazawa_266_310_210_184.png,3
kanazawa_266_310_75_259.png,6
kanazawa_266_310_234_214.png,3
kanazawa_266_310_40_235.png,6
kanazawa_266_310_117_111.png,3
kanazawa_266_310_105_83.png,6
kanazawa_266_310_173_92.png,3
kanazawa_266_310_158_119.png,3
kanazawa_266_310_75_263.png,6
kanazawa_266_310_217_214.png,3
kanazawa_266_310_83_264.png,6
kanazawa_266_310_218_182.png,3
kanazawa_266_310_207_220.png,3
kanazawa_266_310_141_101.png,1
kanazawa_266_310_95_234.png,1
kanazawa_266_310_102_279.png,1
kanazawa_266_310_18_117.png,6
kanazawa_266_310_82_268.png,3
kanazawa_266_310_109_279.png,1
kanazawa_266_310_138_71.png,3
kanazawa_266_310_233_135.png,3
kanazawa_266_310_183_236.png,3
kanazawa_266_310_37_231.png,6
kanazawa_266_310_71_238.png,1
kanazawa_266_310_189_237.png,3
kanazawa_266_310_234_163.png,3
kanazawa_266_310_218_235.png,3
kanazawa_266_310_167_54.png,1
kanazawa_266_310_65_84.png,6
kanazawa_266_310_175_234.png,3
kanazawa_266_310_48_250.png,6
kanazawa_266_310_33_128.png,6
kanazawa_266_310_9_100.png,6
kanazawa_266_310_238_202.png,3
kanazawa_266_310_43_270.png,6
kanazawa_266_310_171_247.png,3
kanazawa_266_310_107_57.png,6
kanazawa_266_310_113_220.png,5
kanazawa_266_310_51_263.png,6
kanazawa_266_310_202_190.png,3
kanazawa_266_310_161_145.png,3
kanazawa_266_310_203_81.png,3
kanazawa_266_310_113_81.png,6
kanazawa_266_310_124_149.png,3
kanazawa_266_310_24_81.png,6
kanazawa_266_310_225_168.png,3
kanazawa_266_310_80_66.png,6
kanazawa_266_310_141_59.png,6
kanazawa_266_310_58_116.png,6
kanazawa_266_310_139_32.png,6
kanazawa_266_310_114_47.png,6
kanazawa_266_310_73_256.png,6
kanazawa_266_310_51_114.png,6
kanazawa_266_310_146_122.png,3
kanazawa_266_310_203_86.png,5
kanazawa_266_310_220_245.png,3
kanazawa_266_310_201_12.png,6
kanazawa_266_310_257_225.png,3
kanazawa_266_310_27_191.png,3
kanazawa_266_310_154_73.png,1
kanazawa_266_310_202_121.png,3
kanazawa_266_310_28_103.png,6
kanazawa_266_310_177_215.png,3
kanazawa_266_310_202_206.png,3
kanazawa_266_310_215_30.png,1
kanazawa_266_310_163_254.png,3
kanazawa_266_310_120_60.png,6
kanazawa_266_310_20_121.png,6
kanazawa_266_310_252_206.png,3
kanazawa_266_310_67_276.png,6
kanazawa_266_310_201_38.png,1
kanazawa_266_310_7_74.png,6
kanazawa_266_310_111_158.png,3
kanazawa_266_310_172_61.png,5
kanazawa_266_310_203_205.png,3
kanazawa_266_310_192_102.png,3
kanazawa_266_310_84_68.png,6
kanazawa_266_310_202_145.png,3
kanazawa_266_310_124_137.png,3
kanazawa_266_310_167_218.png,3
kanazawa_266_310_199_16.png,3
kanazawa_266_310_164_200.png,3
kanazawa_266_310_245_149.png,3
kanazawa_266_310_166_26.png,6
kanazawa_266_310_72_108.png,6
kanazawa_266_310_49_286.png,6
kanazawa_266_310_136_83.png,5
kanazawa_266_310_143_175.png,5
kanazawa_266_310_217_177.png,3
kanazawa_266_310_16_79.png,6
kanazawa_266_310_75_160.png,3
kanazawa_266_310_174_143.png,3
kanazawa_266_310_48_291.png,6
kanazawa_266_310_235_119.png,3
kanazawa_266_310_193_233.png,3
kanazawa_266_310_196_236.png,3
kanazawa_266_310_211_193.png,3
kanazawa_266_310_117_70.png,6
kanazawa_266_310_71_233.png,6
kanazawa_266_310_156_95.png,1
kanazawa_266_310_103_38.png,6
kanazawa_266_310_27_77.png,6
kanazawa_266_310_135_105.png,5
kanazawa_266_310_223_231.png,3
kanazawa_266_310_77_281.png,6
kanazawa_266_310_19_156.png,3
kanazawa_266_310_76_135.png,3
kanazawa_266_310_130_260.png,5
kanazawa_266_310_45_85.png,6
kanazawa_266_310_85_135.png,3
kanazawa_266_310_178_130.png,3
kanazawa_266_310_190_165.png,3
kanazawa_266_310_247_238.png,3
kanazawa_266_310_75_193.png,3
kanazawa_266_310_52_64.png,6
kanazawa_266_310_56_244.png,6
kanazawa_266_310_42_215.png,6
kanazawa_266_310_70_249.png,6
kanazawa_266_310_43_107.png,6
kanazawa_266_310_74_162.png,3
kanazawa_266_310_44_104.png,6
kanazawa_266_310_45_168.png,3
kanazawa_266_310_89_88.png,6
kanazawa_266_310_222_198.png,3
kanazawa_266_310_92_287.png,5
kanazawa_266_310_66_125.png,3
kanazawa_266_310_200_191.png,3
kanazawa_266_310_98_40.png,6
kanazawa_266_310_186_202.png,3
kanazawa_266_310_202_126.png,3
kanazawa_266_310_121_45.png,6
kanazawa_266_310_31_218.png,3
kanazawa_266_310_108_197.png,5
kanazawa_266_310_155_30.png,6
kanazawa_266_310_145_94.png,1
kanazawa_266_310_231_235.png,3
kanazawa_266_310_57_70.png,6
kanazawa_266_310_48_236.png,6
kanazawa_266_310_209_228.png,3
kanazawa_266_310_31_96.png,6
kanazawa_266_310_146_105.png,1
kanazawa_266_310_169_185.png,3
kanazawa_266_310_169_78.png,5
kanazawa_266_310_180_151.png,3
kanazawa_266_310_216_221.png,3
kanazawa_266_310_108_47.png,6
kanazawa_266_310_200_119.png,3
kanazawa_266_310_69_251.png,6
kanazawa_266_310_43_232.png,6
kanazawa_266_310_215_154.png,3
kanazawa_266_310_110_46.png,6
kanazawa_266_310_201_35.png,1
kanazawa_266_310_165_69.png,5
kanazawa_266_310_158_59.png,5
kanazawa_266_310_194_45.png,5
kanazawa_266_310_202_43.png,5
kanazawa_266_310_30_218.png,3
kanazawa_266_310_179_191.png,3
kanazawa_266_310_143_178.png,5
kanazawa_266_310_119_268.png,1
kanazawa_266_310_177_142.png,3
kanazawa_266_310_158_86.png,1
kanazawa_266_310_213_43.png,3
kanazawa_266_310_83_79.png,6
kanazawa_266_310_53_298.png,6
kanazawa_266_310_182_61.png,5
kanazawa_266_310_93_218.png,1
kanazawa_266_310_255_196.png,3
kanazawa_266_310_53_222.png,6
kanazawa_266_310_210_161.png,3
kanazawa_266_310_132_93.png,1
kanazawa_266_310_165_19.png,6
kanazawa_266_310_144_43.png,6
kanazawa_266_310_192_22.png,3
kanazawa_266_310_160_230.png,3
kanazawa_266_310_28_77.png,6
kanazawa_266_310_157_52.png,6
kanazawa_266_310_79_133.png,3
kanazawa_266_310_147_107.png,1
kanazawa_266_310_104_45.png,6
kanazawa_266_310_32_228.png,6
kanazawa_266_310_71_254.png,6
kanazawa_266_310_72_66.png,6
kanazawa_266_310_236_244.png,3
kanazawa_266_310_157_64.png,5
kanazawa_266_310_180_189.png,3
kanazawa_266_310_179_87.png,5
kanazawa_266_310_173_33.png,6
kanazawa_266_310_138_79.png,1
kanazawa_266_310_93_47.png,6
kanazawa_266_310_44_265.png,6
kanazawa_266_310_138_155.png,3
kanazawa_266_310_61_272.png,6
kanazawa_266_310_66_101.png,6
kanazawa_266_310_216_199.png,3
kanazawa_266_310_196_38.png,1
kanazawa_266_310_227_54.png,3
kanazawa_266_310_140_213.png,3
kanazawa_266_310_216_127.png,3
kanazawa_266_310_214_38.png,3
kanazawa_266_310_111_181.png,5
kanazawa_266_310_143_91.png,1
kanazawa_266_310_227_247.png,3
kanazawa_266_310_110_154.png,3
kanazawa_266_310_202_17.png,3
kanazawa_266_310_76_232.png,1
kanazawa_266_310_150_218.png,3
kanazawa_266_310_126_282.png,5
kanazawa_266_310_25_79.png,6
kanazawa_266_310_185_114.png,3
kanazawa_266_310_83_271.png,3
kanazawa_266_310_55_285.png,6
kanazawa_266_310_113_273.png,1
kanazawa_266_310_91_46.png,6
kanazawa_266_310_154_240.png,3
kanazawa_266_310_115_282.png,1
kanazawa_266_310_43_70.png,6
kanazawa_266_310_218_234.png,3
kanazawa_266_310_249_206.png,3
kanazawa_266_310_162_151.png,3
kanazawa_266_310_64_108.png,6
kanazawa_266_310_133_128.png,3
kanazawa_266_310_48_289.png,6
kanazawa_266_310_38_223.png,6
kanazawa_266_310_214_228.png,6
kanazawa_266_310_47_112.png,6
kanazawa_266_310_41_152.png,5
kanazawa_266_310_27_199.png,3
kanazawa_266_310_190_175.png,3
kanazawa_266_310_64_186.png,3
kanazawa_266_310_27_90.png,6
kanazawa_266_310_195_153.png,3
kanazawa_266_310_204_178.png,3
kanazawa_266_310_162_195.png,3
kanazawa_266_310_155_251.png,3
kanazawa_266_310_218_215.png,3
kanazawa_266_310_25_166.png,5
kanazawa_266_310_110_248.png,5
kanazawa_266_310_146_150.png,3
kanazawa_266_310_65_72.png,6
kanazawa_266_310_42_78.png,6
kanazawa_266_310_129_187.png,5
kanazawa_266_310_20_69.png,6
kanazawa_266_310_158_211.png,3
kanazawa_266_310_19_78.png,6
kanazawa_266_310_33_226.png,6
kanazawa_266_310_214_186.png,3
kanazawa_266_310_252_236.png,3
kanazawa_266_310_132_112.png,3
kanazawa_266_310_131_203.png,5
kanazawa_266_310_72_233.png,6
kanazawa_266_310_94_193.png,5
kanazawa_266_310_78_78.png,6
kanazawa_266_310_42_69.png,6
kanazawa_266_310_106_46.png,6
kanazawa_266_310_91_49.png,6
kanazawa_266_310_223_211.png,3
kanazawa_266_310_188_125.png,3
kanazawa_266_310_220_72.png,3
kanazawa_266_310_46_178.png,3
kanazawa_266_310_198_190.png,3
kanazawa_266_310_145_124.png,3
kanazawa_266_310_225_75.png,3
kanazawa_266_310_212_246.png,3
kanazawa_266_310_158_66.png,1
kanazawa_266_310_139_73.png,3
kanazawa_266_310_126_97.png,5
kanazawa_266_310_53_109.png,6
kanazawa_266_310_168_209.png,3
kanazawa_266_310_164_46.png,6
kanazawa_266_310_228_89.png,3
kanazawa_266_310_44_272.png,6
kanazawa_266_310_191_231.png,3
kanazawa_266_310_98_250.png,5
kanazawa_266_310_228_100.png,3
kanazawa_266_310_130_61.png,6
kanazawa_266_310_147_164.png,5
kanazawa_266_310_123_182.png,5
kanazawa_266_310_131_71.png,3
kanazawa_266_310_92_79.png,6
kanazawa_266_310_59_223.png,6
kanazawa_266_310_230_117.png,3
kanazawa_266_310_91_191.png,5
kanazawa_266_310_77_292.png,6
kanazawa_266_310_225_138.png,3
kanazawa_266_310_183_156.png,3
kanazawa_266_310_72_94.png,6
kanazawa_266_310_173_29.png,6
kanazawa_266_310_165_44.png,6
kanazawa_266_310_186_146.png,3
kanazawa_266_310_129_50.png,6
kanazawa_266_310_139_46.png,6
kanazawa_266_310_191_206.png,3
kanazawa_266_310_188_126.png,3
kanazawa_266_310_255_240.png,3
kanazawa_266_310_160_65.png,5
kanazawa_266_310_126_253.png,5
kanazawa_266_310_118_137.png,3
kanazawa_266_310_142_28.png,6
kanazawa_266_310_54_205.png,1
kanazawa_266_310_137_42.png,6
kanazawa_266_310_218_113.png,3
kanazawa_266_310_232_223.png,3
kanazawa_266_310_139_28.png,6
kanazawa_266_310_180_28.png,6
kanazawa_266_310_237_193.png,3
kanazawa_266_310_115_87.png,6
kanazawa_266_310_162_64.png,5
kanazawa_266_310_148_84.png,1
kanazawa_266_310_205_186.png,3
kanazawa_266_310_157_253.png,3
kanazawa_266_310_224_226.png,3
kanazawa_266_310_184_248.png,3
kanazawa_266_310_218_231.png,3
kanazawa_266_310_173_43.png,3
kanazawa_266_310_135_210.png,3
kanazawa_266_310_109_100.png,3
kanazawa_266_310_197_86.png,3
kanazawa_266_310_93_196.png,5
kanazawa_266_310_35_111.png,6
kanazawa_266_310_37_71.png,6
kanazawa_266_310_247_180.png,3
kanazawa_266_310_80_224.png,1
kanazawa_266_310_32_196.png,3
kanazawa_266_310_30_197.png,3
kanazawa_266_310_167_255.png,3
kanazawa_266_310_44_71.png,6
kanazawa_266_310_209_106.png,3
kanazawa_266_310_39_123.png,6
kanazawa_266_310_56_210.png,3
kanazawa_266_310_63_253.png,6
kanazawa_266_310_148_226.png,3
kanazawa_266_310_145_194.png,5
kanazawa_266_310_46_228.png,6
kanazawa_266_310_44_119.png,6
kanazawa_266_310_178_206.png,3
kanazawa_266_310_148_31.png,6
kanazawa_266_310_60_96.png,6
kanazawa_266_310_99_254.png,5
kanazawa_266_310_50_78.png,6
kanazawa_266_310_107_286.png,1
kanazawa_266_310_67_258.png,6
kanazawa_266_310_140_153.png,3
kanazawa_266_310_43_83.png,6
kanazawa_266_310_213_103.png,3
kanazawa_266_310_214_215.png,3
kanazawa_266_310_86_274.png,1
kanazawa_266_310_196_262.png,3
kanazawa_266_310_37_57.png,6
kanazawa_266_310_215_78.png,3
kanazawa_266_310_224_112.png,3
kanazawa_266_310_67_248.png,6
kanazawa_266_310_11_115.png,6
kanazawa_266_310_112_51.png,6
kanazawa_266_310_231_234.png,3
kanazawa_266_310_109_278.png,1
kanazawa_266_310_259_236.png,3
kanazawa_266_310_104_95.png,6
kanazawa_266_310_56_214.png,6
kanazawa_266_310_176_88.png,5
kanazawa_266_310_58_103.png,6
kanazawa_266_310_148_103.png,1
kanazawa_266_310_182_251.png,3
kanazawa_266_310_57_50.png,6
kanazawa_266_310_247_194.png,3
kanazawa_266_310_124_150.png,3
kanazawa_266_310_85_269.png,1
kanazawa_266_310_220_181.png,3
kanazawa_266_310_172_202.png,3
kanazawa_266_310_228_197.png,3
kanazawa_266_310_60_76.png,6
kanazawa_266_310_158_195.png,3
kanazawa_266_310_41_153.png,5
kanazawa_266_310_193_55.png,1
kanazawa_266_310_217_102.png,3
kanazawa_266_310_39_66.png,6
kanazawa_266_310_109_107.png,5
kanazawa_266_310_47_288.png,6
kanazawa_266_310_78_251.png,1
kanazawa_266_310_258_228.png,3
kanazawa_266_310_113_72.png,6
kanazawa_266_310_149_91.png,1
kanazawa_266_310_104_137.png,3
kanazawa_266_310_77_254.png,6
kanazawa_266_310_197_54.png,1
kanazawa_266_310_64_194.png,5
kanazawa_266_310_245_227.png,3
kanazawa_266_310_159_92.png,1
kanazawa_266_310_127_256.png,5
kanazawa_266_310_12_112.png,6
kanazawa_266_310_236_242.png,3
kanazawa_266_310_253_205.png,3
kanazawa_266_310_166_141.png,3
kanazawa_266_310_174_52.png,5
kanazawa_266_310_37_89.png,6
kanazawa_266_310_178_229.png,3
kanazawa_266_310_187_106.png,3
kanazawa_266_310_148_180.png,5
kanazawa_266_310_163_71.png,5
kanazawa_266_310_41_82.png,6
kanazawa_266_310_40_77.png,6
kanazawa_266_310_162_146.png,3
kanazawa_266_310_90_227.png,1
kanazawa_266_310_95_221.png,5
kanazawa_266_310_110_274.png,1
kanazawa_266_310_115_155.png,3
kanazawa_266_310_179_253.png,3
kanazawa_266_310_120_226.png,3
kanazawa_266_310_222_156.png,3
kanazawa_266_310_65_86.png,6
kanazawa_266_310_129_252.png,5
kanazawa_266_310_73_288.png,6
kanazawa_266_310_210_242.png,3
kanazawa_266_310_102_221.png,5
kanazawa_266_310_205_52.png,3
kanazawa_266_310_35_172.png,3
kanazawa_266_310_204_259.png,3
kanazawa_266_310_94_145.png,3
kanazawa_266_310_111_154.png,3
kanazawa_266_310_123_64.png,6
kanazawa_266_310_103_132.png,3
kanazawa_266_310_122_34.png,6
kanazawa_266_310_146_176.png,5
kanazawa_266_310_230_124.png,3
kanazawa_266_310_210_187.png,3
kanazawa_266_310_143_173.png,5
kanazawa_266_310_168_214.png,3
kanazawa_266_310_24_132.png,6
kanazawa_266_310_152_225.png,3
kanazawa_266_310_31_74.png,6
kanazawa_266_310_118_57.png,6
kanazawa_266_310_181_233.png,3
kanazawa_266_310_75_80.png,6
kanazawa_266_310_190_134.png,3
kanazawa_266_310_101_75.png,6
kanazawa_266_310_84_45.png,6
kanazawa_266_310_20_104.png,6
kanazawa_266_310_60_281.png,6
kanazawa_266_310_106_82.png,6
kanazawa_266_310_109_284.png,1
kanazawa_266_310_232_232.png,3
kanazawa_266_310_34_103.png,6
kanazawa_266_310_169_116.png,3
kanazawa_266_310_78_71.png,6
kanazawa_266_310_140_55.png,6
kanazawa_266_310_36_217.png,6
kanazawa_266_310_133_54.png,6
kanazawa_266_310_140_110.png,1
kanazawa_266_310_203_186.png,3
kanazawa_266_310_66_291.png,6
kanazawa_266_310_20_125.png,6
kanazawa_266_310_170_106.png,3
kanazawa_266_310_202_249.png,3
kanazawa_266_310_69_275.png,6
kanazawa_266_310_36_157.png,5
kanazawa_266_310_98_45.png,6
kanazawa_266_310_135_77.png,3
kanazawa_266_310_28_155.png,5
kanazawa_266_310_219_164.png,3
kanazawa_266_310_218_71.png,3
kanazawa_266_310_175_27.png,6
kanazawa_266_310_191_119.png,3
kanazawa_266_310_105_244.png,5
kanazawa_266_310_140_63.png,3
kanazawa_266_310_156_190.png,3
kanazawa_266_310_93_94.png,6
kanazawa_266_310_235_238.png,3
kanazawa_266_310_222_161.png,3
kanazawa_266_310_194_102.png,3
kanazawa_266_310_86_275.png,5
kanazawa_266_310_232_165.png,3
kanazawa_266_310_40_105.png,6
kanazawa_266_310_73_115.png,6
kanazawa_266_310_206_181.png,3
kanazawa_266_310_48_104.png,6
kanazawa_266_310_167_100.png,3
kanazawa_266_310_180_34.png,6
kanazawa_266_310_261_233.png,3
kanazawa_266_310_166_39.png,6
kanazawa_266_310_123_194.png,1
kanazawa_266_310_153_266.png,3
kanazawa_266_310_220_26.png,4
kanazawa_266_310_153_104.png,1
kanazawa_266_310_185_239.png,3
kanazawa_266_310_160_200.png,3
kanazawa_266_310_90_105.png,6
kanazawa_266_310_20_124.png,6
kanazawa_266_310_139_35.png,6
kanazawa_266_310_239_214.png,3
kanazawa_266_310_253_227.png,3
kanazawa_266_310_79_113.png,6
kanazawa_266_310_197_116.png,3
kanazawa_266_310_79_269.png,6
kanazawa_266_310_52_273.png,6
kanazawa_266_310_86_288.png,1
kanazawa_266_310_71_66.png,6
kanazawa_266_310_20_112.png,6
kanazawa_266_310_130_229.png,3
kanazawa_266_310_32_121.png,6
kanazawa_266_310_63_78.png,6
kanazawa_266_310_195_224.png,3
kanazawa_266_310_64_252.png,6
kanazawa_266_310_180_15.png,6
kanazawa_266_310_60_176.png,3
kanazawa_266_310_62_81.png,6
kanazawa_266_310_97_135.png,3
kanazawa_266_310_180_116.png,3
kanazawa_266_310_29_66.png,6
kanazawa_266_310_26_120.png,6
kanazawa_266_310_243_221.png,3
kanazawa_266_310_134_157.png,3
kanazawa_266_310_234_110.png,3
kanazawa_266_310_138_253.png,1
kanazawa_266_310_222_237.png,3
kanazawa_266_310_41_183.png,3
kanazawa_266_310_56_81.png,6
kanazawa_266_310_57_125.png,6
kanazawa_266_310_130_193.png,5
kanazawa_266_310_67_256.png,6
kanazawa_266_310_21_113.png,6
kanazawa_266_310_44_185.png,3
kanazawa_266_310_181_133.png,3
kanazawa_266_310_205_124.png,3
kanazawa_266_310_114_65.png,6
kanazawa_266_310_105_64.png,6
kanazawa_266_310_201_215.png,3
kanazawa_266_310_162_197.png,3
kanazawa_266_310_70_118.png,6
kanazawa_266_310_37_148.png,5
kanazawa_266_310_55_300.png,6
kanazawa_266_310_91_58.png,6
kanazawa_266_310_216_113.png,3
kanazawa_266_310_225_95.png,3
kanazawa_266_310_140_117.png,3
kanazawa_266_310_106_72.png,6
kanazawa_266_310_166_103.png,3
kanazawa_266_310_233_83.png,3
kanazawa_266_310_232_117.png,3
kanazawa_266_310_216_253.png,3
kanazawa_266_310_227_202.png,3
kanazawa_266_310_136_59.png,6
kanazawa_266_310_182_121.png,3
kanazawa_266_310_71_199.png,3
kanazawa_266_310_107_125.png,3
kanazawa_266_310_183_29.png,6
kanazawa_266_310_144_88.png,1
kanazawa_266_310_57_278.png,6
kanazawa_266_310_151_140.png,3
kanazawa_266_310_182_55.png,1
kanazawa_266_310_153_66.png,5
kanazawa_266_310_73_106.png,6
kanazawa_266_310_161_244.png,3
kanazawa_266_310_59_265.png,6
kanazawa_266_310_44_130.png,3
kanazawa_266_310_81_110.png,6
kanazawa_266_310_51_58.png,6
kanazawa_266_310_49_148.png,3
kanazawa_266_310_179_204.png,3
kanazawa_266_310_217_231.png,3
kanazawa_266_310_170_143.png,3
kanazawa_266_310_49_235.png,6
kanazawa_266_310_167_57.png,5
kanazawa_266_310_24_71.png,6
kanazawa_266_310_157_70.png,1
kanazawa_266_310_194_151.png,3
kanazawa_266_310_75_126.png,3
kanazawa_266_310_150_174.png,5
kanazawa_266_310_45_77.png,6
kanazawa_266_310_66_72.png,6
kanazawa_266_310_56_66.png,6
kanazawa_266_310_163_143.png,3
kanazawa_266_310_80_228.png,5
kanazawa_266_310_187_243.png,3
kanazawa_266_310_122_67.png,6
kanazawa_266_310_137_150.png,5
kanazawa_266_310_110_228.png,3
kanazawa_266_310_125_119.png,3
kanazawa_266_310_94_104.png,6
kanazawa_266_310_194_170.png,3
kanazawa_266_310_80_262.png,6
kanazawa_266_310_121_151.png,3
kanazawa_266_310_217_85.png,3
kanazawa_266_310_185_120.png,3
kanazawa_266_310_206_255.png,3
kanazawa_266_310_131_233.png,3
kanazawa_266_310_69_154.png,3
kanazawa_266_310_27_65.png,6
kanazawa_266_310_258_234.png,3
kanazawa_266_310_132_74.png,6
kanazawa_266_310_163_41.png,6
kanazawa_266_310_209_213.png,3
kanazawa_266_310_69_299.png,6
kanazawa_266_310_231_202.png,3
kanazawa_266_310_151_265.png,3
kanazawa_266_310_30_61.png,6
kanazawa_266_310_48_303.png,6
kanazawa_266_310_158_30.png,6
kanazawa_266_310_28_72.png,6
kanazawa_266_310_179_196.png,3
kanazawa_266_310_244_172.png,3
kanazawa_266_310_30_69.png,6
kanazawa_266_310_77_96.png,6
kanazawa_266_310_19_63.png,6
kanazawa_266_310_210_18.png,5
kanazawa_266_310_145_39.png,6
kanazawa_266_310_33_160.png,5
kanazawa_266_310_111_179.png,5
kanazawa_266_310_105_80.png,6
kanazawa_266_310_216_240.png,3
kanazawa_266_310_186_110.png,3
kanazawa_266_310_83_93.png,6
kanazawa_266_310_98_199.png,5
kanazawa_266_310_71_84.png,6
kanazawa_266_310_48_274.png,6
kanazawa_266_310_54_243.png,6
kanazawa_266_310_24_76.png,6
kanazawa_266_310_227_170.png,3
kanazawa_266_310_45_161.png,3
kanazawa_266_310_198_218.png,3
kanazawa_266_310_143_74.png,1
kanazawa_266_310_80_83.png,6
kanazawa_266_310_188_161.png,3
kanazawa_266_310_220_159.png,3
kanazawa_266_310_170_100.png,3
kanazawa_266_310_86_82.png,6
kanazawa_266_310_46_162.png,5
kanazawa_266_310_32_180.png,3
kanazawa_266_310_117_220.png,5
kanazawa_266_310_173_263.png,3
kanazawa_266_310_172_218.png,3
kanazawa_266_310_167_31.png,6
kanazawa_266_310_75_176.png,3
kanazawa_266_310_165_195.png,3
kanazawa_266_310_73_225.png,1
kanazawa_266_310_160_252.png,3
kanazawa_266_310_117_66.png,6
kanazawa_266_310_240_182.png,3
kanazawa_266_310_109_157.png,3
kanazawa_266_310_70_253.png,6
kanazawa_266_310_176_167.png,3
kanazawa_266_310_231_138.png,3
kanazawa_266_310_226_237.png,3
kanazawa_266_310_163_245.png,3
kanazawa_266_310_100_119.png,5
kanazawa_266_310_90_68.png,6
kanazawa_266_310_186_167.png,3
kanazawa_266_310_49_190.png,5
kanazawa_266_310_28_89.png,6
kanazawa_266_310_77_234.png,1
kanazawa_266_310_39_210.png,3
kanazawa_266_310_185_230.png,3
kanazawa_266_310_207_162.png,3
kanazawa_266_310_59_217.png,6
kanazawa_266_310_223_251.png,3
kanazawa_266_310_35_230.png,6
kanazawa_266_310_57_249.png,6
kanazawa_266_310_245_179.png,3
kanazawa_266_310_113_38.png,6
kanazawa_266_310_197_148.png,3
kanazawa_266_310_160_32.png,6
kanazawa_266_310_124_106.png,5
kanazawa_266_310_178_131.png,3
kanazawa_266_310_110_287.png,1
kanazawa_266_310_178_108.png,3
kanazawa_266_310_164_28.png,6
kanazawa_266_310_216_238.png,3
kanazawa_266_310_150_270.png,3
kanazawa_266_310_127_63.png,6
kanazawa_266_310_244_148.png,3
kanazawa_266_310_36_71.png,6
kanazawa_266_310_254_202.png,3
kanazawa_266_310_64_74.png,6
kanazawa_266_310_147_141.png,3
kanazawa_266_310_260_231.png,3
kanazawa_266_310_215_113.png,3
kanazawa_266_310_82_63.png,6
kanazawa_266_310_24_126.png,6
kanazawa_266_310_65_151.png,3
kanazawa_266_310_24_99.png,6
kanazawa_266_310_224_103.png,3
kanazawa_266_310_108_119.png,5
kanazawa_266_310_34_141.png,5
kanazawa_266_310_177_161.png,3
kanazawa_266_310_169_245.png,3
kanazawa_266_310_70_91.png,6
kanazawa_266_310_206_143.png,3
kanazawa_266_310_85_75.png,6
kanazawa_266_310_48_261.png,6
kanazawa_266_310_226_150.png,3
kanazawa_266_310_54_130.png,6
kanazawa_266_310_75_229.png,1
kanazawa_266_310_14_133.png,6
kanazawa_266_310_60_268.png,6
kanazawa_266_310_175_84.png,5
kanazawa_266_310_150_194.png,6
kanazawa_266_310_71_294.png,6
kanazawa_266_310_236_229.png,3
kanazawa_266_310_218_209.png,3
kanazawa_266_310_99_115.png,1
kanazawa_266_310_99_83.png,6
kanazawa_266_310_169_231.png,3
kanazawa_266_310_159_255.png,3
kanazawa_266_310_228_198.png,3
kanazawa_266_310_187_187.png,3
kanazawa_266_310_214_22.png,5
kanazawa_266_310_40_179.png,3
kanazawa_266_310_128_104.png,5
kanazawa_266_310_253_189.png,3
kanazawa_266_310_219_237.png,3
kanazawa_266_310_61_190.png,3
kanazawa_266_310_178_61.png,5
kanazawa_266_310_182_206.png,3
kanazawa_266_310_121_81.png,3
kanazawa_266_310_221_225.png,6
kanazawa_266_310_72_81.png,6
kanazawa_266_310_94_262.png,5
kanazawa_266_310_86_259.png,5
kanazawa_266_310_65_202.png,5
kanazawa_266_310_65_64.png,6
kanazawa_266_310_219_250.png,3
kanazawa_266_310_247_199.png,3
kanazawa_266_310_114_160.png,3
kanazawa_266_310_31_117.png,6
kanazawa_266_310_133_28.png,6
kanazawa_266_310_153_164.png,5
kanazawa_266_310_149_188.png,5
kanazawa_266_310_34_146.png,5
kanazawa_266_310_231_85.png,3
kanazawa_266_310_56_96.png,6
kanazawa_266_310_229_202.png,3
kanazawa_266_310_237_134.png,3
kanazawa_266_310_167_191.png,3
kanazawa_266_310_175_208.png,3
kanazawa_266_310_39_259.png,6
kanazawa_266_310_73_99.png,6
kanazawa_266_310_176_258.png,3
kanazawa_266_310_90_63.png,6
kanazawa_266_310_63_115.png,6
kanazawa_266_310_147_213.png,3
kanazawa_266_310_74_77.png,6
kanazawa_266_310_232_237.png,3
kanazawa_266_310_113_228.png,3
kanazawa_266_310_117_250.png,5
kanazawa_266_310_35_99.png,6
kanazawa_266_310_148_117.png,3
kanazawa_266_310_167_234.png,3
kanazawa_266_310_104_37.png,6
kanazawa_266_310_85_213.png,1
kanazawa_266_310_67_232.png,6
kanazawa_266_310_48_281.png,6
kanazawa_266_310_105_267.png,1
kanazawa_266_310_180_124.png,3
kanazawa_266_310_226_160.png,3
kanazawa_266_310_210_31.png,1
kanazawa_266_310_158_213.png,3
kanazawa_266_310_136_45.png,6
kanazawa_266_310_105_38.png,6
kanazawa_266_310_26_88.png,6
kanazawa_266_310_183_128.png,3
kanazawa_266_310_224_105.png,3
kanazawa_266_310_126_35.png,6
kanazawa_266_310_116_139.png,3
kanazawa_266_310_106_288.png,1
kanazawa_266_310_196_160.png,3
kanazawa_266_310_129_247.png,5
kanazawa_266_310_36_88.png,6
kanazawa_266_310_109_88.png,6
kanazawa_266_310_239_129.png,3
kanazawa_266_310_203_255.png,3
kanazawa_266_310_162_120.png,3
kanazawa_266_310_40_244.png,6
kanazawa_266_310_70_73.png,6
kanazawa_266_310_152_188.png,5
kanazawa_266_310_219_190.png,3
kanazawa_266_310_75_57.png,6
kanazawa_266_310_238_109.png,3
kanazawa_266_310_174_71.png,5
kanazawa_266_310_98_73.png,6
kanazawa_266_310_124_33.png,6
kanazawa_266_310_94_70.png,6
kanazawa_266_310_55_228.png,6
kanazawa_266_310_48_267.png,6
kanazawa_266_310_190_166.png,3
kanazawa_266_310_184_73.png,3
kanazawa_266_310_69_93.png,6
kanazawa_266_310_103_220.png,5
kanazawa_266_310_116_190.png,5
kanazawa_266_310_182_149.png,3
kanazawa_266_310_68_285.png,6
kanazawa_266_310_134_29.png,6
kanazawa_266_310_188_149.png,3
kanazawa_266_310_50_120.png,6
kanazawa_266_310_199_70.png,3
kanazawa_266_310_228_203.png,3
kanazawa_266_310_141_48.png,6
kanazawa_266_310_114_257.png,1
kanazawa_266_310_204_209.png,3
kanazawa_266_310_83_238.png,1
kanazawa_266_310_89_147.png,3
kanazawa_266_310_128_173.png,5
kanazawa_266_310_154_217.png,3
kanazawa_266_310_93_242.png,5
kanazawa_266_310_167_246.png,3
kanazawa_266_310_237_136.png,3
kanazawa_266_310_159_46.png,6
kanazawa_266_310_147_45.png,6
kanazawa_266_310_132_270.png,5
kanazawa_266_310_123_160.png,5
kanazawa_266_310_40_149.png,5
kanazawa_266_310_63_270.png,6
kanazawa_266_310_172_89.png,5
kanazawa_266_310_169_202.png,3
kanazawa_266_310_132_157.png,3
kanazawa_266_310_206_251.png,3
kanazawa_266_310_35_107.png,6
kanazawa_266_310_237_166.png,3
kanazawa_266_310_141_270.png,5
kanazawa_266_310_171_77.png,5
kanazawa_266_310_161_191.png,3
kanazawa_266_310_244_196.png,3
kanazawa_266_310_185_226.png,3
kanazawa_266_310_197_40.png,1
kanazawa_266_310_215_247.png,3
kanazawa_266_310_193_123.png,3
kanazawa_266_310_256_216.png,3
kanazawa_266_310_35_61.png,6
kanazawa_266_310_200_59.png,3
kanazawa_266_310_108_180.png,5
kanazawa_266_310_48_305.png,6
kanazawa_266_310_28_95.png,6
kanazawa_266_310_140_202.png,5
kanazawa_266_310_197_210.png,3
kanazawa_266_310_148_229.png,3
kanazawa_266_310_28_104.png,6
kanazawa_266_310_174_70.png,5
kanazawa_266_310_128_49.png,6
kanazawa_266_310_118_88.png,3
kanazawa_266_310_40_241.png,6
kanazawa_266_310_72_298.png,6
kanazawa_266_310_220_133.png,3
kanazawa_266_310_225_87.png,3
kanazawa_266_310_61_93.png,6
kanazawa_266_310_242_218.png,3
kanazawa_266_310_112_35.png,6
kanazawa_266_310_196_241.png,3
kanazawa_266_310_128_223.png,3
kanazawa_266_310_154_34.png,6
kanazawa_266_310_211_238.png,3
kanazawa_266_310_150_88.png,1
kanazawa_266_310_235_154.png,3
kanazawa_266_310_94_62.png,6
kanazawa_266_310_210_33.png,5
kanazawa_266_310_79_85.png,6
kanazawa_266_310_75_76.png,6
kanazawa_266_310_56_291.png,6
kanazawa_266_310_165_77.png,5
kanazawa_266_310_225_204.png,3
kanazawa_266_310_132_98.png,1
kanazawa_266_310_88_156.png,3
kanazawa_266_310_78_281.png,6
kanazawa_266_310_127_248.png,5
kanazawa_266_310_240_120.png,3
kanazawa_266_310_227_185.png,3
kanazawa_266_310_57_82.png,6
kanazawa_266_310_224_137.png,3
kanazawa_266_310_53_234.png,6
kanazawa_266_310_58_62.png,6
kanazawa_266_310_41_270.png,6
kanazawa_266_310_112_195.png,5
kanazawa_266_310_230_159.png,3
kanazawa_266_310_208_202.png,3
kanazawa_266_310_214_159.png,3
kanazawa_266_310_194_220.png,3
kanazawa_266_310_115_91.png,3
kanazawa_266_310_54_295.png,6
kanazawa_266_310_219_69.png,3
kanazawa_266_310_176_260.png,3
kanazawa_266_310_161_38.png,6
kanazawa_266_310_200_113.png,3
kanazawa_266_310_183_145.png,3
kanazawa_266_310_100_95.png,6
kanazawa_266_310_30_151.png,5
kanazawa_266_310_87_96.png,6
kanazawa_266_310_131_69.png,3
kanazawa_266_310_240_233.png,3
kanazawa_266_310_175_260.png,3
kanazawa_266_310_56_50.png,6
kanazawa_266_310_156_153.png,3
kanazawa_266_310_190_150.png,3
kanazawa_266_310_168_226.png,3
kanazawa_266_310_134_191.png,5
kanazawa_266_310_83_278.png,3
kanazawa_266_310_128_257.png,5
kanazawa_266_310_33_144.png,5
kanazawa_266_310_149_243.png,3
kanazawa_266_310_70_83.png,6
kanazawa_266_310_162_45.png,6
kanazawa_266_310_111_211.png,1
kanazawa_266_310_70_255.png,6
kanazawa_266_310_134_66.png,3
kanazawa_266_310_226_229.png,3
kanazawa_266_310_205_209.png,3
kanazawa_266_310_215_116.png,3
kanazawa_266_310_63_266.png,6
kanazawa_266_310_171_30.png,6
kanazawa_266_310_75_154.png,3
kanazawa_266_310_226_62.png,3
kanazawa_266_310_93_211.png,1
kanazawa_266_310_230_106.png,3
kanazawa_266_310_241_224.png,3
kanazawa_266_310_48_220.png,6
kanazawa_266_310_138_202.png,5
kanazawa_266_310_219_197.png,3
kanazawa_266_310_62_122.png,6
kanazawa_266_310_64_121.png,6
kanazawa_266_310_182_142.png,3
kanazawa_266_310_242_144.png,6
kanazawa_266_310_7_70.png,6
kanazawa_266_310_211_212.png,3
kanazawa_266_310_40_171.png,3
kanazawa_266_310_113_252.png,5
kanazawa_266_310_223_190.png,3
kanazawa_266_310_99_119.png,5
kanazawa_266_310_167_203.png,3
kanazawa_266_310_88_260.png,5
kanazawa_266_310_178_45.png,5
kanazawa_266_310_243_150.png,3
kanazawa_266_310_166_211.png,3
kanazawa_266_310_240_133.png,3
kanazawa_266_310_87_47.png,6
kanazawa_266_310_129_137.png,3
kanazawa_266_310_208_128.png,3
kanazawa_266_310_220_125.png,3
kanazawa_266_310_41_233.png,6
kanazawa_266_310_122_276.png,1
kanazawa_266_310_114_78.png,6
kanazawa_266_310_142_46.png,6
kanazawa_266_310_105_35.png,6
kanazawa_266_310_231_151.png,3
kanazawa_266_310_174_35.png,6
kanazawa_266_310_55_88.png,6
kanazawa_266_310_58_55.png,6
kanazawa_266_310_87_114.png,3
kanazawa_266_310_199_88.png,5
kanazawa_266_310_73_108.png,6
kanazawa_266_310_74_95.png,6
kanazawa_266_310_74_224.png,1
kanazawa_266_310_243_153.png,3
kanazawa_266_310_221_138.png,3
kanazawa_266_310_40_181.png,3
kanazawa_266_310_81_114.png,6
kanazawa_266_310_31_109.png,6
kanazawa_266_310_151_74.png,5
kanazawa_266_310_223_84.png,3
kanazawa_266_310_19_109.png,6
kanazawa_266_310_188_26.png,6
kanazawa_266_310_213_181.png,3
kanazawa_266_310_183_117.png,3
kanazawa_266_310_34_96.png,6
kanazawa_266_310_179_126.png,3
kanazawa_266_310_38_89.png,6
kanazawa_266_310_45_291.png,6
kanazawa_266_310_30_106.png,6
kanazawa_266_310_154_182.png,5
kanazawa_266_310_65_281.png,6
kanazawa_266_310_106_65.png,6
kanazawa_266_310_33_215.png,3
kanazawa_266_310_215_117.png,3
kanazawa_266_310_237_199.png,3
kanazawa_266_310_80_44.png,6
kanazawa_266_310_15_95.png,6
kanazawa_266_310_253_244.png,3
kanazawa_266_310_2_66.png,6
kanazawa_266_310_112_274.png,1
kanazawa_266_310_64_282.png,6
kanazawa_266_310_178_190.png,3
kanazawa_266_310_211_148.png,3
kanazawa_266_310_215_215.png,6
kanazawa_266_310_245_146.png,3
kanazawa_266_310_86_87.png,6
kanazawa_266_310_221_122.png,3
kanazawa_266_310_234_162.png,3
kanazawa_266_310_206_218.png,3
kanazawa_266_310_145_24.png,6
kanazawa_266_310_56_65.png,6
kanazawa_266_310_99_104.png,3
kanazawa_266_310_94_133.png,3
kanazawa_266_310_231_198.png,3
kanazawa_266_310_247_179.png,3
kanazawa_266_310_222_110.png,3
kanazawa_266_310_139_120.png,3
kanazawa_266_310_60_284.png,6
kanazawa_266_310_90_113.png,3
kanazawa_266_310_120_34.png,6
kanazawa_266_310_120_254.png,5
kanazawa_266_310_218_76.png,3
kanazawa_266_310_157_201.png,3
kanazawa_266_310_188_182.png,3
kanazawa_266_310_2_67.png,6
kanazawa_266_310_220_228.png,3
kanazawa_266_310_72_163.png,3
kanazawa_266_310_27_167.png,5
kanazawa_266_310_224_47.png,3
kanazawa_266_310_87_286.png,1
kanazawa_266_310_45_70.png,6
kanazawa_266_310_59_93.png,6
kanazawa_266_310_66_142.png,3
kanazawa_266_310_70_276.png,6
kanazawa_266_310_112_93.png,6
kanazawa_266_310_45_257.png,6
kanazawa_266_310_188_244.png,3
kanazawa_266_310_94_280.png,1
kanazawa_266_310_118_214.png,5
kanazawa_266_310_231_70.png,3
kanazawa_266_310_73_241.png,6
kanazawa_266_310_57_85.png,6
kanazawa_266_310_97_40.png,6
kanazawa_266_310_89_256.png,5
kanazawa_266_310_43_105.png,6
kanazawa_266_310_162_210.png,3
kanazawa_266_310_48_242.png,6
kanazawa_266_310_178_236.png,3
kanazawa_266_310_210_183.png,3
kanazawa_266_310_218_226.png,3
kanazawa_266_310_81_102.png,6
kanazawa_266_310_232_107.png,3
kanazawa_266_310_126_283.png,5
kanazawa_266_310_159_95.png,1
kanazawa_266_310_74_60.png,6
kanazawa_266_310_40_116.png,6
kanazawa_266_310_136_190.png,5
kanazawa_266_310_241_152.png,3
kanazawa_266_310_72_275.png,6
kanazawa_266_310_101_190.png,5
kanazawa_266_310_175_158.png,3
kanazawa_266_310_194_112.png,3
kanazawa_266_310_249_174.png,3
kanazawa_266_310_217_165.png,3
kanazawa_266_310_21_97.png,6
kanazawa_266_310_21_95.png,6
kanazawa_266_310_252_199.png,3
kanazawa_266_310_75_71.png,6
kanazawa_266_310_225_121.png,3
kanazawa_266_310_154_221.png,3
kanazawa_266_310_108_285.png,1
kanazawa_266_310_153_132.png,3
kanazawa_266_310_77_188.png,3
kanazawa_266_310_121_255.png,5
kanazawa_266_310_192_248.png,3
kanazawa_266_310_223_114.png,3
kanazawa_266_310_255_219.png,3
kanazawa_266_310_9_67.png,6
kanazawa_266_310_52_294.png,6
kanazawa_266_310_164_104.png,3
kanazawa_266_310_152_83.png,1
kanazawa_266_310_213_177.png,3
kanazawa_266_310_177_143.png,3
kanazawa_266_310_209_146.png,3
kanazawa_266_310_75_244.png,6
kanazawa_266_310_78_47.png,6
kanazawa_266_310_67_65.png,6
kanazawa_266_310_122_212.png,5
kanazawa_266_310_157_184.png,5
kanazawa_266_310_138_45.png,6
kanazawa_266_310_16_97.png,6
kanazawa_266_310_81_116.png,3
kanazawa_266_310_93_61.png,6
kanazawa_266_310_76_161.png,3
kanazawa_266_310_149_27.png,6
kanazawa_266_310_104_93.png,6
kanazawa_266_310_41_120.png,6
kanazawa_266_310_99_245.png,5
kanazawa_266_310_59_250.png,6
kanazawa_266_310_136_91.png,1
kanazawa_266_310_182_79.png,3
kanazawa_266_310_98_271.png,1
kanazawa_266_310_229_233.png,3
kanazawa_266_310_68_95.png,6
kanazawa_266_310_109_277.png,1
kanazawa_266_310_204_224.png,3
kanazawa_266_310_204_254.png,3
kanazawa_266_310_223_54.png,3
kanazawa_266_310_102_171.png,3
kanazawa_266_310_55_254.png,6
kanazawa_266_310_72_204.png,3
kanazawa_266_310_73_55.png,6
kanazawa_266_310_129_202.png,5
kanazawa_266_310_153_150.png,3
kanazawa_266_310_177_16.png,6
kanazawa_266_310_130_176.png,5
kanazawa_266_310_176_129.png,3
kanazawa_266_310_167_44.png,6
kanazawa_266_310_178_163.png,3
kanazawa_266_310_149_82.png,1
kanazawa_266_310_36_130.png,3
kanazawa_266_310_87_250.png,5
kanazawa_266_310_117_179.png,5
kanazawa_266_310_93_280.png,1
kanazawa_266_310_195_107.png,3
kanazawa_266_310_182_143.png,3
kanazawa_266_310_23_125.png,6
kanazawa_266_310_206_113.png,3
kanazawa_266_310_172_191.png,3
kanazawa_266_310_205_216.png,3
kanazawa_266_310_227_140.png,3
kanazawa_266_310_165_125.png,3
kanazawa_266_310_126_60.png,6
kanazawa_266_310_187_159.png,3
kanazawa_266_310_119_126.png,3
kanazawa_266_310_156_133.png,3
kanazawa_266_310_57_119.png,6
kanazawa_266_310_35_202.png,3
kanazawa_266_310_53_285.png,6
kanazawa_266_310_101_213.png,5
kanazawa_266_310_24_120.png,6
kanazawa_266_310_101_164.png,3
kanazawa_266_310_55_289.png,6
kanazawa_266_310_184_233.png,3
kanazawa_266_310_154_155.png,3
kanazawa_266_310_61_274.png,6
kanazawa_266_310_189_231.png,3
kanazawa_266_310_57_67.png,6
kanazawa_266_310_84_241.png,1
kanazawa_266_310_130_108.png,5
kanazawa_266_310_109_192.png,5
kanazawa_266_310_209_117.png,3
kanazawa_266_310_15_131.png,6
kanazawa_266_310_246_211.png,3
kanazawa_266_310_73_91.png,6
kanazawa_266_310_241_236.png,3
kanazawa_266_310_169_217.png,3
kanazawa_266_310_85_67.png,6
kanazawa_266_310_80_89.png,6
kanazawa_266_310_98_116.png,1
kanazawa_266_310_197_180.png,3
kanazawa_266_310_110_193.png,5
kanazawa_266_310_113_108.png,5
kanazawa_266_310_111_215.png,5
kanazawa_266_310_177_261.png,3
kanazawa_266_310_15_112.png,6
kanazawa_266_310_223_102.png,3
kanazawa_266_310_131_33.png,6
kanazawa_266_310_135_99.png,1
kanazawa_266_310_177_89.png,5
kanazawa_266_310_32_111.png,6
kanazawa_266_310_195_20.png,3
kanazawa_266_310_166_29.png,6
kanazawa_266_310_95_101.png,6
kanazawa_266_310_194_96.png,3
kanazawa_266_310_167_42.png,6
kanazawa_266_310_49_244.png,6
kanazawa_266_310_187_128.png,3
kanazawa_266_310_201_138.png,3
kanazawa_266_310_187_46.png,5
kanazawa_266_310_208_129.png,3
kanazawa_266_310_198_120.png,3
kanazawa_266_310_119_92.png,3
kanazawa_266_310_203_118.png,3
kanazawa_266_310_187_234.png,3
kanazawa_266_310_166_236.png,3
kanazawa_266_310_70_272.png,6
kanazawa_266_310_130_158.png,3
kanazawa_266_310_25_189.png,3
kanazawa_266_310_154_233.png,3
kanazawa_266_310_233_247.png,3
kanazawa_266_310_95_176.png,3
kanazawa_266_310_120_214.png,5
kanazawa_266_310_249_194.png,3
kanazawa_266_310_68_123.png,3
kanazawa_266_310_219_105.png,3
kanazawa_266_310_224_246.png,3
kanazawa_266_310_209_97.png,3
kanazawa_266_310_143_34.png,6
kanazawa_266_310_127_253.png,5
kanazawa_266_310_80_264.png,6
kanazawa_266_310_15_101.png,6
kanazawa_266_310_185_162.png,3
kanazawa_266_310_68_186.png,3
kanazawa_266_310_130_157.png,3
kanazawa_266_310_133_200.png,5
kanazawa_266_310_40_79.png,6
kanazawa_266_310_218_202.png,3
kanazawa_266_310_196_99.png,3
kanazawa_266_310_200_130.png,3
kanazawa_266_310_229_195.png,3
kanazawa_266_310_178_15.png,6
kanazawa_266_310_185_48.png,5
kanazawa_266_310_188_184.png,3
kanazawa_266_310_210_143.png,3
kanazawa_266_310_140_38.png,6
kanazawa_266_310_71_253.png,6
kanazawa_266_310_152_177.png,5
kanazawa_266_310_34_202.png,3
kanazawa_266_310_146_103.png,1
kanazawa_266_310_185_118.png,3
kanazawa_266_310_103_182.png,5
kanazawa_266_310_113_238.png,3
kanazawa_266_310_128_174.png,5
kanazawa_266_310_26_69.png,6
kanazawa_266_310_144_108.png,3
kanazawa_266_310_127_204.png,5
kanazawa_266_310_179_210.png,3
kanazawa_266_310_69_254.png,6
kanazawa_266_310_79_236.png,1
kanazawa_266_310_54_77.png,6
kanazawa_266_310_27_131.png,3
kanazawa_266_310_162_55.png,5
kanazawa_266_310_81_45.png,6
kanazawa_266_310_11_78.png,6
kanazawa_266_310_160_228.png,3
kanazawa_266_310_207_109.png,3
kanazawa_266_310_35_220.png,6
kanazawa_266_310_160_149.png,5
kanazawa_266_310_62_80.png,6
kanazawa_266_310_201_58.png,3
kanazawa_266_310_190_191.png,3
kanazawa_266_310_146_214.png,3
kanazawa_266_310_188_230.png,3
kanazawa_266_310_63_213.png,1
kanazawa_266_310_205_249.png,3
kanazawa_266_310_207_163.png,3
kanazawa_266_310_81_290.png,3
kanazawa_266_310_129_95.png,1
kanazawa_266_310_103_122.png,5
kanazawa_266_310_78_89.png,6
kanazawa_266_310_179_175.png,3
kanazawa_266_310_104_50.png,6
kanazawa_266_310_121_238.png,3
kanazawa_266_310_207_48.png,3
kanazawa_266_310_61_77.png,6
kanazawa_266_310_85_57.png,6
kanazawa_266_310_84_56.png,6
kanazawa_266_310_151_249.png,3
kanazawa_266_310_127_34.png,6
kanazawa_266_310_97_121.png,5
kanazawa_266_310_211_230.png,3
kanazawa_266_310_70_133.png,5
kanazawa_266_310_178_145.png,3
kanazawa_266_310_119_125.png,3
kanazawa_266_310_128_33.png,6
kanazawa_266_310_214_152.png,3
kanazawa_266_310_46_195.png,5
kanazawa_266_310_53_302.png,6
kanazawa_266_310_137_64.png,6
kanazawa_266_310_192_243.png,3
kanazawa_266_310_47_143.png,5
kanazawa_266_310_87_215.png,1
kanazawa_266_310_257_232.png,3
kanazawa_266_310_53_276.png,6
kanazawa_266_310_21_72.png,6
kanazawa_266_310_63_113.png,6
kanazawa_266_310_197_93.png,3
kanazawa_266_310_22_130.png,3
kanazawa_266_310_212_211.png,3
kanazawa_266_310_216_211.png,3
kanazawa_266_310_134_197.png,5
kanazawa_266_310_67_296.png,6
kanazawa_266_310_218_120.png,3
kanazawa_266_310_95_141.png,3
kanazawa_266_310_192_144.png,3
kanazawa_266_310_129_121.png,3
kanazawa_266_310_235_103.png,3
kanazawa_266_310_205_33.png,1
kanazawa_266_310_59_134.png,3
kanazawa_266_310_122_213.png,5
kanazawa_266_310_254_198.png,3
kanazawa_266_310_20_126.png,6
kanazawa_266_310_167_166.png,3
kanazawa_266_310_209_193.png,3
kanazawa_266_310_86_44.png,6
kanazawa_266_310_47_118.png,6
kanazawa_266_310_103_210.png,5
kanazawa_266_310_141_255.png,3
kanazawa_266_310_77_101.png,6
kanazawa_266_310_125_279.png,5
kanazawa_266_310_73_89.png,6
kanazawa_266_310_138_72.png,3
kanazawa_266_310_79_82.png,6
kanazawa_266_310_162_72.png,5
kanazawa_266_310_117_50.png,6
kanazawa_266_310_48_162.png,3
kanazawa_266_310_245_168.png,3
kanazawa_266_310_118_268.png,1
kanazawa_266_310_53_55.png,6
kanazawa_266_310_41_116.png,6
kanazawa_266_310_239_153.png,3
kanazawa_266_310_23_60.png,6
kanazawa_266_310_218_140.png,3
kanazawa_266_310_197_149.png,3
kanazawa_266_310_158_221.png,3
kanazawa_266_310_224_70.png,3
kanazawa_266_310_59_276.png,6
kanazawa_266_310_176_220.png,3
kanazawa_266_310_57_121.png,6
kanazawa_266_310_133_99.png,1
kanazawa_266_310_149_197.png,3
kanazawa_266_310_199_107.png,3
kanazawa_266_310_144_92.png,1
kanazawa_266_310_215_195.png,3
kanazawa_266_310_235_213.png,3
kanazawa_266_310_142_196.png,5
kanazawa_266_310_70_72.png,6
kanazawa_266_310_222_94.png,3
kanazawa_266_310_231_250.png,3
kanazawa_266_310_72_114.png,6
kanazawa_266_310_209_46.png,3
kanazawa_266_310_75_264.png,6
kanazawa_266_310_233_132.png,3
kanazawa_266_310_36_85.png,6
kanazawa_266_310_135_203.png,5
kanazawa_266_310_214_16.png,5
kanazawa_266_310_162_215.png,3
kanazawa_266_310_221_104.png,3
kanazawa_266_310_205_184.png,3
kanazawa_266_310_124_259.png,5
kanazawa_266_310_259_223.png,3
kanazawa_266_310_230_162.png,3
kanazawa_266_310_17_68.png,6
kanazawa_266_310_8_65.png,6
kanazawa_266_310_111_50.png,6
kanazawa_266_310_62_286.png,6
kanazawa_266_310_82_223.png,1
kanazawa_266_310_175_32.png,6
kanazawa_266_310_32_198.png,3
kanazawa_266_310_156_46.png,6
kanazawa_266_310_48_76.png,6
kanazawa_266_310_74_91.png,6
kanazawa_266_310_96_61.png,6
kanazawa_266_310_40_194.png,3
kanazawa_266_310_163_244.png,3
kanazawa_266_310_61_85.png,6
kanazawa_266_310_179_120.png,3
kanazawa_266_310_38_219.png,6
kanazawa_266_310_72_84.png,6
kanazawa_266_310_88_58.png,6
kanazawa_266_310_78_192.png,3
kanazawa_266_310_99_151.png,3
kanazawa_266_310_68_72.png,6
kanazawa_266_310_160_254.png,3
kanazawa_266_310_114_72.png,6
kanazawa_266_310_31_85.png,6
kanazawa_266_310_28_156.png,5
kanazawa_266_310_128_118.png,3
kanazawa_266_310_46_64.png,6
kanazawa_266_310_123_140.png,3
kanazawa_266_310_52_219.png,6
kanazawa_266_310_232_104.png,3
kanazawa_266_310_186_116.png,3
kanazawa_266_310_154_37.png,6
kanazawa_266_310_38_134.png,6
kanazawa_266_310_124_75.png,6
kanazawa_266_310_217_189.png,3
kanazawa_266_310_178_228.png,3
kanazawa_266_310_81_224.png,1
kanazawa_266_310_194_143.png,3
kanazawa_266_310_125_201.png,5
kanazawa_266_310_248_236.png,3
kanazawa_266_310_242_232.png,3
kanazawa_266_310_126_212.png,5
kanazawa_266_310_245_167.png,3
kanazawa_266_310_135_40.png,6
kanazawa_266_310_89_60.png,6
kanazawa_266_310_222_74.png,3
kanazawa_266_310_152_131.png,3
kanazawa_266_310_72_46.png,6
kanazawa_266_310_116_123.png,1
kanazawa_266_310_194_15.png,6
kanazawa_266_310_107_216.png,1
kanazawa_266_310_25_109.png,6
kanazawa_266_310_60_222.png,6
kanazawa_266_310_70_113.png,6
kanazawa_266_310_170_185.png,3
kanazawa_266_310_177_28.png,6
kanazawa_266_310_184_15.png,6
kanazawa_266_310_214_194.png,3
kanazawa_266_310_59_115.png,6
kanazawa_266_310_227_90.png,3
kanazawa_266_310_44_93.png,6
kanazawa_266_310_194_247.png,3
kanazawa_266_310_76_194.png,3
kanazawa_266_310_221_204.png,3
kanazawa_266_310_58_257.png,6
kanazawa_266_310_237_213.png,3
kanazawa_266_310_102_79.png,6
kanazawa_266_310_60_230.png,6
kanazawa_266_310_17_149.png,3
kanazawa_266_310_219_248.png,3
kanazawa_266_310_185_164.png,3
kanazawa_266_310_26_176.png,3
kanazawa_266_310_187_227.png,3
kanazawa_266_310_207_226.png,3
kanazawa_266_310_211_187.png,3
kanazawa_266_310_199_24.png,1
kanazawa_266_310_163_243.png,3
kanazawa_266_310_168_260.png,3
kanazawa_266_310_43_180.png,3
kanazawa_266_310_226_249.png,3
kanazawa_266_310_153_188.png,5
kanazawa_266_310_226_76.png,3
kanazawa_266_310_82_72.png,6
kanazawa_266_310_134_109.png,1
kanazawa_266_310_242_171.png,3
kanazawa_266_310_127_140.png,3
kanazawa_266_310_68_47.png,6
kanazawa_266_310_80_159.png,3
kanazawa_266_310_168_61.png,1
kanazawa_266_310_65_262.png,6
kanazawa_266_310_183_45.png,5
kanazawa_266_310_74_105.png,6
kanazawa_266_310_108_37.png,6
kanazawa_266_310_25_72.png,6
kanazawa_266_310_87_54.png,6
kanazawa_266_310_175_64.png,5
kanazawa_266_310_188_27.png,3
kanazawa_266_310_181_120.png,3
kanazawa_266_310_143_194.png,5
kanazawa_266_310_163_21.png,6
kanazawa_266_310_118_189.png,5
kanazawa_266_310_198_148.png,3
kanazawa_266_310_82_248.png,1
kanazawa_266_310_53_118.png,6
kanazawa_266_310_203_210.png,3
kanazawa_266_310_162_53.png,3
kanazawa_266_310_238_125.png,3
kanazawa_266_310_250_174.png,3
kanazawa_266_310_105_201.png,5
kanazawa_266_310_45_235.png,6
kanazawa_266_310_241_158.png,3
kanazawa_266_310_40_142.png,5
kanazawa_266_310_88_69.png,6
kanazawa_266_310_12_72.png,6
kanazawa_266_310_103_89.png,6
kanazawa_266_310_215_182.png,3
kanazawa_266_310_92_156.png,3
kanazawa_266_310_47_123.png,6
kanazawa_266_310_192_166.png,3
kanazawa_266_310_209_256.png,3
kanazawa_266_310_32_151.png,5
kanazawa_266_310_156_81.png,1
kanazawa_266_310_161_238.png,3
kanazawa_266_310_109_271.png,1
kanazawa_266_310_77_192.png,3
kanazawa_266_310_137_145.png,3
kanazawa_266_310_197_238.png,3
kanazawa_266_310_136_166.png,3
kanazawa_266_310_206_116.png,3
kanazawa_266_310_179_212.png,3
kanazawa_266_310_197_156.png,3
kanazawa_266_310_231_174.png,3
kanazawa_266_310_82_272.png,1
kanazawa_266_310_78_119.png,3
kanazawa_266_310_231_185.png,3
kanazawa_266_310_233_194.png,3
kanazawa_266_310_70_226.png,6
kanazawa_266_310_104_281.png,1
kanazawa_266_310_55_83.png,6
kanazawa_266_310_224_136.png,3
kanazawa_266_310_67_82.png,6
kanazawa_266_310_28_58.png,6
kanazawa_266_310_75_120.png,3
kanazawa_266_310_165_228.png,3
kanazawa_266_310_213_252.png,3
kanazawa_266_310_30_98.png,6
kanazawa_266_310_164_58.png,5
kanazawa_266_310_147_154.png,3
kanazawa_266_310_52_65.png,6
kanazawa_266_310_212_88.png,3
kanazawa_266_310_121_195.png,1
kanazawa_266_310_62_285.png,6
kanazawa_266_310_102_60.png,6
kanazawa_266_310_209_122.png,3
kanazawa_266_310_105_181.png,5
kanazawa_266_310_197_102.png,3
kanazawa_266_310_43_255.png,6
kanazawa_266_310_80_187.png,3
kanazawa_266_310_24_108.png,6
kanazawa_266_310_84_215.png,1
kanazawa_266_310_262_237.png,3
kanazawa_266_310_49_123.png,6
kanazawa_266_310_98_101.png,6
kanazawa_266_310_144_114.png,3
kanazawa_266_310_210_244.png,3
kanazawa_266_310_210_210.png,3
kanazawa_266_310_159_252.png,3
kanazawa_266_310_191_252.png,3
kanazawa_266_310_103_42.png,6
kanazawa_266_310_24_65.png,6
kanazawa_266_310_26_186.png,3
kanazawa_266_310_223_103.png,3
kanazawa_266_310_91_240.png,5
kanazawa_266_310_105_139.png,3
kanazawa_266_310_97_92.png,6
kanazawa_266_310_72_138.png,5
kanazawa_266_310_160_38.png,6
kanazawa_266_310_17_117.png,6
kanazawa_266_310_32_204.png,3
kanazawa_266_310_212_180.png,3
kanazawa_266_310_187_136.png,3
kanazawa_266_310_108_73.png,6
kanazawa_266_310_197_261.png,3
kanazawa_266_310_92_281.png,1
kanazawa_266_310_197_126.png,3
kanazawa_266_310_42_182.png,3
kanazawa_266_310_219_182.png,3
kanazawa_266_310_227_89.png,3
kanazawa_266_310_172_232.png,3
kanazawa_266_310_169_206.png,3
kanazawa_266_310_23_144.png,3
kanazawa_266_310_150_195.png,3
kanazawa_266_310_181_85.png,3
kanazawa_266_310_213_169.png,3
kanazawa_266_310_155_253.png,3
kanazawa_266_310_221_174.png,3
kanazawa_266_310_232_202.png,3
kanazawa_266_310_242_133.png,3
kanazawa_266_310_109_149.png,3
kanazawa_266_310_44_248.png,6
kanazawa_266_310_133_32.png,6
kanazawa_266_310_44_274.png,6
kanazawa_266_310_61_92.png,6
kanazawa_266_310_163_204.png,3
kanazawa_266_310_77_127.png,3
kanazawa_266_310_23_116.png,6
kanazawa_266_310_39_70.png,6
kanazawa_266_310_193_152.png,3
kanazawa_266_310_155_157.png,3
kanazawa_266_310_109_261.png,1
kanazawa_266_310_215_98.png,3
kanazawa_266_310_75_238.png,1
kanazawa_266_310_53_230.png,6
kanazawa_266_310_96_42.png,6
kanazawa_266_310_11_72.png,6
kanazawa_266_310_120_110.png,5
kanazawa_266_310_22_70.png,6
kanazawa_266_310_63_76.png,6
kanazawa_266_310_163_36.png,6
kanazawa_266_310_200_240.png,3
kanazawa_266_310_38_199.png,3
kanazawa_266_310_80_51.png,6
kanazawa_266_310_53_217.png,6
kanazawa_266_310_68_109.png,6
kanazawa_266_310_95_60.png,6
kanazawa_266_310_48_103.png,6
kanazawa_266_310_221_127.png,3
kanazawa_266_310_49_296.png,6
kanazawa_266_310_74_75.png,6
kanazawa_266_310_95_285.png,5
kanazawa_266_310_217_54.png,3
kanazawa_266_310_104_197.png,5
kanazawa_266_310_246_205.png,3
kanazawa_266_310_96_122.png,5
kanazawa_266_310_120_93.png,2
kanazawa_266_310_108_53.png,6
kanazawa_266_310_211_102.png,3
kanazawa_266_310_106_81.png,6
kanazawa_266_310_155_188.png,5
kanazawa_266_310_145_46.png,6
kanazawa_266_310_114_189.png,5
kanazawa_266_310_106_129.png,3
kanazawa_266_310_188_87.png,3
kanazawa_266_310_141_186.png,5
kanazawa_266_310_121_64.png,6
kanazawa_266_310_235_182.png,3
kanazawa_266_310_45_259.png,6
kanazawa_266_310_129_69.png,6
kanazawa_266_310_34_115.png,6
kanazawa_266_310_32_73.png,6
kanazawa_266_310_244_168.png,3
kanazawa_266_310_31_189.png,3
kanazawa_266_310_59_279.png,6
kanazawa_266_310_40_221.png,6
kanazawa_266_310_49_113.png,6
kanazawa_266_310_73_188.png,3
kanazawa_266_310_151_192.png,3
kanazawa_266_310_70_207.png,3
kanazawa_266_310_56_190.png,3
kanazawa_266_310_202_108.png,3
kanazawa_266_310_48_123.png,6
kanazawa_266_310_154_74.png,1
kanazawa_266_310_38_247.png,6
kanazawa_266_310_153_170.png,5
kanazawa_266_310_127_251.png,5
kanazawa_266_310_82_285.png,3
kanazawa_266_310_149_49.png,6
kanazawa_266_310_37_235.png,6
kanazawa_266_310_185_42.png,5
kanazawa_266_310_119_235.png,3
kanazawa_266_310_80_43.png,6
kanazawa_266_310_213_216.png,3
kanazawa_266_310_132_79.png,3
kanazawa_266_310_213_130.png,3
kanazawa_266_310_154_190.png,5
kanazawa_266_310_184_77.png,2
kanazawa_266_310_213_116.png,3
kanazawa_266_310_47_109.png,6
kanazawa_266_310_199_131.png,3
kanazawa_266_310_45_236.png,6
kanazawa_266_310_185_219.png,3
kanazawa_266_310_251_221.png,3
kanazawa_266_310_127_32.png,6
kanazawa_266_310_193_170.png,3
kanazawa_266_310_228_145.png,3
kanazawa_266_310_56_154.png,3
kanazawa_266_310_206_32.png,1
kanazawa_266_310_153_59.png,3
kanazawa_266_310_239_224.png,3
kanazawa_266_310_56_239.png,6
kanazawa_266_310_100_54.png,6
kanazawa_266_310_232_195.png,3
kanazawa_266_310_112_62.png,6
kanazawa_266_310_177_17.png,6
kanazawa_266_310_26_123.png,6
kanazawa_266_310_109_60.png,6
kanazawa_266_310_131_261.png,5
kanazawa_266_310_175_112.png,3
kanazawa_266_310_231_149.png,3
kanazawa_266_310_38_93.png,6
kanazawa_266_310_139_40.png,6
kanazawa_266_310_174_170.png,3
kanazawa_266_310_195_262.png,3
kanazawa_266_310_178_171.png,3
kanazawa_266_310_135_67.png,6
kanazawa_266_310_38_178.png,3
kanazawa_266_310_131_256.png,5
kanazawa_266_310_91_89.png,6
kanazawa_266_310_219_22.png,5
kanazawa_266_310_203_134.png,3
kanazawa_266_310_80_69.png,6
kanazawa_266_310_65_91.png,6
kanazawa_266_310_153_177.png,5
kanazawa_266_310_177_242.png,3
kanazawa_266_310_238_196.png,3
kanazawa_266_310_248_182.png,3
kanazawa_266_310_216_179.png,3
kanazawa_266_310_107_164.png,3
kanazawa_266_310_10_90.png,6
kanazawa_266_310_64_239.png,6
kanazawa_266_310_31_60.png,6
kanazawa_266_310_37_198.png,3
kanazawa_266_310_117_87.png,6
kanazawa_266_310_72_98.png,6
kanazawa_266_310_218_150.png,3
kanazawa_266_310_203_128.png,3
kanazawa_266_310_238_199.png,3
kanazawa_266_310_35_232.png,6
kanazawa_266_310_59_71.png,6
kanazawa_266_310_217_132.png,3
kanazawa_266_310_181_134.png,3
kanazawa_266_310_186_255.png,3
kanazawa_266_310_171_214.png,3
kanazawa_266_310_75_58.png,6
kanazawa_266_310_82_275.png,3
kanazawa_266_310_197_172.png,3
kanazawa_266_310_166_210.png,3
kanazawa_266_310_81_43.png,6
kanazawa_266_310_90_99.png,6
kanazawa_266_310_235_122.png,3
kanazawa_266_310_105_171.png,5
kanazawa_266_310_239_219.png,3
kanazawa_266_310_78_121.png,5
kanazawa_266_310_134_104.png,5
kanazawa_266_310_133_77.png,3
kanazawa_266_310_131_217.png,3
kanazawa_266_310_202_50.png,3
kanazawa_266_310_160_50.png,3
kanazawa_266_310_190_254.png,3
kanazawa_266_310_128_148.png,3
kanazawa_266_310_79_64.png,6
kanazawa_266_310_229_123.png,3
kanazawa_266_310_90_141.png,3
kanazawa_266_310_198_40.png,1
kanazawa_266_310_61_68.png,6
kanazawa_266_310_131_239.png,3
kanazawa_266_310_130_56.png,6
kanazawa_266_310_130_137.png,3
kanazawa_266_310_231_196.png,3
kanazawa_266_310_164_159.png,3
kanazawa_266_310_213_121.png,3
kanazawa_266_310_174_34.png,6
kanazawa_266_310_68_165.png,3
kanazawa_266_310_83_76.png,6
kanazawa_266_310_161_20.png,6
kanazawa_266_310_95_193.png,5
kanazawa_266_310_46_219.png,6
kanazawa_266_310_117_278.png,1
kanazawa_266_310_81_42.png,6
kanazawa_266_310_97_45.png,6
kanazawa_266_310_225_188.png,3
kanazawa_266_310_204_253.png,3
kanazawa_266_310_205_240.png,3
kanazawa_266_310_210_243.png,3
kanazawa_266_310_87_42.png,6
kanazawa_266_310_200_13.png,6
kanazawa_266_310_214_77.png,3
kanazawa_266_310_73_120.png,3
kanazawa_266_310_24_97.png,6
kanazawa_266_310_180_125.png,3
kanazawa_266_310_59_52.png,6
kanazawa_266_310_67_106.png,6
kanazawa_266_310_41_258.png,6
kanazawa_266_310_55_290.png,6
kanazawa_266_310_73_242.png,6
kanazawa_266_310_185_176.png,3
kanazawa_266_310_78_287.png,6
kanazawa_266_310_20_67.png,6
kanazawa_266_310_66_111.png,6
kanazawa_266_310_234_196.png,3
kanazawa_266_310_134_83.png,1
kanazawa_266_310_31_180.png,3
kanazawa_266_310_92_96.png,6
kanazawa_266_310_199_79.png,3
kanazawa_266_310_242_131.png,3
kanazawa_266_310_66_81.png,6
kanazawa_266_310_39_122.png,6
kanazawa_266_310_60_282.png,6
kanazawa_266_310_250_201.png,3
kanazawa_266_310_152_218.png,3
kanazawa_266_310_75_234.png,4
kanazawa_266_310_32_227.png,6
kanazawa_266_310_140_201.png,5
kanazawa_266_310_37_146.png,5
kanazawa_266_310_168_247.png,3
kanazawa_266_310_77_275.png,6
kanazawa_266_310_209_258.png,3
kanazawa_266_310_174_199.png,3
kanazawa_266_310_211_168.png,3
kanazawa_266_310_192_213.png,3
kanazawa_266_310_189_243.png,3
kanazawa_266_310_88_72.png,6
kanazawa_266_310_48_80.png,6
kanazawa_266_310_48_280.png,6
kanazawa_266_310_84_79.png,6
kanazawa_266_310_96_261.png,5
kanazawa_266_310_71_257.png,6
kanazawa_266_310_121_40.png,6
kanazawa_266_310_240_237.png,3
kanazawa_266_310_127_52.png,6
kanazawa_266_310_249_242.png,3
kanazawa_266_310_101_267.png,1
kanazawa_266_310_152_267.png,3
kanazawa_266_310_19_135.png,3
kanazawa_266_310_118_201.png,5
kanazawa_266_310_212_226.png,3
kanazawa_266_310_23_76.png,6
kanazawa_266_310_38_72.png,6
kanazawa_266_310_100_283.png,1
kanazawa_266_310_232_167.png,3
kanazawa_266_310_104_57.png,6
kanazawa_266_310_143_51.png,6
kanazawa_266_310_115_151.png,3
kanazawa_266_310_138_41.png,6
kanazawa_266_310_66_59.png,6
kanazawa_266_310_177_229.png,3
kanazawa_266_310_183_218.png,3
kanazawa_266_310_211_225.png,3
kanazawa_266_310_195_251.png,3
kanazawa_266_310_225_51.png,3
kanazawa_266_310_17_100.png,6
kanazawa_266_310_161_147.png,3
kanazawa_266_310_187_171.png,3
kanazawa_266_310_154_39.png,6
kanazawa_266_310_220_199.png,3
kanazawa_266_310_190_144.png,3
kanazawa_266_310_117_239.png,3
kanazawa_266_310_189_58.png,5
kanazawa_266_310_189_110.png,3
kanazawa_266_310_71_222.png,3
kanazawa_266_310_108_63.png,6
kanazawa_266_310_43_75.png,6
kanazawa_266_310_112_233.png,3
kanazawa_266_310_103_77.png,6
kanazawa_266_310_160_24.png,6
kanazawa_266_310_51_276.png,6
kanazawa_266_310_55_57.png,6
kanazawa_266_310_104_66.png,6
kanazawa_266_310_27_114.png,6
kanazawa_266_310_240_155.png,3
kanazawa_266_310_104_67.png,6
kanazawa_266_310_230_212.png,3
kanazawa_266_310_201_91.png,3
kanazawa_266_310_217_234.png,3
kanazawa_266_310_216_72.png,3
kanazawa_266_310_74_294.png,6
kanazawa_266_310_66_276.png,6
kanazawa_266_310_232_230.png,3
kanazawa_266_310_28_112.png,6
kanazawa_266_310_194_75.png,3
kanazawa_266_310_166_145.png,3
kanazawa_266_310_202_184.png,3
kanazawa_266_310_63_80.png,6
kanazawa_266_310_19_151.png,3
kanazawa_266_310_95_182.png,3
kanazawa_266_310_176_108.png,3
kanazawa_266_310_80_186.png,3
kanazawa_266_310_44_202.png,5
kanazawa_266_310_114_193.png,5
kanazawa_266_310_189_61.png,5
kanazawa_266_310_146_185.png,5
kanazawa_266_310_64_95.png,6
kanazawa_266_310_136_44.png,6
kanazawa_266_310_189_264.png,3
kanazawa_266_310_76_221.png,1
kanazawa_266_310_96_156.png,3
kanazawa_266_310_78_158.png,3
kanazawa_266_310_112_124.png,1
kanazawa_266_310_227_208.png,3
kanazawa_266_310_101_56.png,6
kanazawa_266_310_127_99.png,5
kanazawa_266_310_83_239.png,1
kanazawa_266_310_226_163.png,3
kanazawa_266_310_190_232.png,3
kanazawa_266_310_142_108.png,5
kanazawa_266_310_91_111.png,3
kanazawa_266_310_207_106.png,3
kanazawa_266_310_159_228.png,3
kanazawa_266_310_217_239.png,3
kanazawa_266_310_102_268.png,1
kanazawa_266_310_16_99.png,6
kanazawa_266_310_217_154.png,3
kanazawa_266_310_227_249.png,3
kanazawa_266_310_94_215.png,1
kanazawa_266_310_211_220.png,3
kanazawa_266_310_205_130.png,3
kanazawa_266_310_30_117.png,6
kanazawa_266_310_158_145.png,3
kanazawa_266_310_186_210.png,3
kanazawa_266_310_210_149.png,6
kanazawa_266_310_95_207.png,5
kanazawa_266_310_178_147.png,3
kanazawa_266_310_108_184.png,5
kanazawa_266_310_110_123.png,1
kanazawa_266_310_157_55.png,6
kanazawa_266_310_191_261.png,3
kanazawa_266_310_148_41.png,6
kanazawa_266_310_117_147.png,3
kanazawa_266_310_194_116.png,3
kanazawa_266_310_113_151.png,3
kanazawa_266_310_144_46.png,6
kanazawa_266_310_182_138.png,3
kanazawa_266_310_119_140.png,3
kanazawa_266_310_64_114.png,6
kanazawa_266_310_115_160.png,3
kanazawa_266_310_63_68.png,6
kanazawa_266_310_239_154.png,3
kanazawa_266_310_217_120.png,3
kanazawa_266_310_213_225.png,3
kanazawa_266_310_174_213.png,3
kanazawa_266_310_193_27.png,5
kanazawa_266_310_156_218.png,3
kanazawa_266_310_51_294.png,6
kanazawa_266_310_131_187.png,5
kanazawa_266_310_69_219.png,3
kanazawa_266_310_137_96.png,1
kanazawa_266_310_59_85.png,6
kanazawa_266_310_38_157.png,5
kanazawa_266_310_69_241.png,6
kanazawa_266_310_108_166.png,3
kanazawa_266_310_74_283.png,6
kanazawa_266_310_224_142.png,3
kanazawa_266_310_129_189.png,5
kanazawa_266_310_211_211.png,6
kanazawa_266_310_147_195.png,5
kanazawa_266_310_105_56.png,6
kanazawa_266_310_37_167.png,3
kanazawa_266_310_103_84.png,6
kanazawa_266_310_51_249.png,6
kanazawa_266_310_158_146.png,3
kanazawa_266_310_91_219.png,1
kanazawa_266_310_149_185.png,5
kanazawa_266_310_5_69.png,6
kanazawa_266_310_15_136.png,3
kanazawa_266_310_35_237.png,6
kanazawa_266_310_239_234.png,3
kanazawa_266_310_115_260.png,1
kanazawa_266_310_103_287.png,1
kanazawa_266_310_56_211.png,6
kanazawa_266_310_114_273.png,1
kanazawa_266_310_33_113.png,6
kanazawa_266_310_222_163.png,3
kanazawa_266_310_13_68.png,6
kanazawa_266_310_29_104.png,6
kanazawa_266_310_143_124.png,3
kanazawa_266_310_158_202.png,5
kanazawa_266_310_73_289.png,6
kanazawa_266_310_77_151.png,3
kanazawa_266_310_161_62.png,5
kanazawa_266_310_49_78.png,6
kanazawa_266_310_234_120.png,3
kanazawa_266_310_134_89.png,1
kanazawa_266_310_165_262.png,3
kanazawa_266_310_212_176.png,3
kanazawa_266_310_71_70.png,6
kanazawa_266_310_211_119.png,3
kanazawa_266_310_34_220.png,6
kanazawa_266_310_192_15.png,6
kanazawa_266_310_134_43.png,6
kanazawa_266_310_53_169.png,3
kanazawa_266_310_237_127.png,3
kanazawa_266_310_178_262.png,3
kanazawa_266_310_176_179.png,3
kanazawa_266_310_23_145.png,3
kanazawa_266_310_128_73.png,3
kanazawa_266_310_68_210.png,5
kanazawa_266_310_133_144.png,3
kanazawa_266_310_151_85.png,1
kanazawa_266_310_32_76.png,6
kanazawa_266_310_155_89.png,1
kanazawa_266_310_226_213.png,3
kanazawa_266_310_198_253.png,3
kanazawa_266_310_232_96.png,3
kanazawa_266_310_173_137.png,3
kanazawa_266_310_152_84.png,1
kanazawa_266_310_56_285.png,6
kanazawa_266_310_137_90.png,1
kanazawa_266_310_228_88.png,3
kanazawa_266_310_246_206.png,3
kanazawa_266_310_203_111.png,3
kanazawa_266_310_208_169.png,3
kanazawa_266_310_221_76.png,3
kanazawa_266_310_211_233.png,3
kanazawa_266_310_96_76.png,6
kanazawa_266_310_108_153.png,3
kanazawa_266_310_68_121.png,6
kanazawa_266_310_163_105.png,3
kanazawa_266_310_230_231.png,3
kanazawa_266_310_136_203.png,5
kanazawa_266_310_236_190.png,3
kanazawa_266_310_98_196.png,5
kanazawa_266_310_40_218.png,6
kanazawa_266_310_25_62.png,6
kanazawa_266_310_252_233.png,3
kanazawa_266_310_181_79.png,3
kanazawa_266_310_140_71.png,3
kanazawa_266_310_218_243.png,3
kanazawa_266_310_237_210.png,3
kanazawa_266_310_82_250.png,1
kanazawa_266_310_133_250.png,5
kanazawa_266_310_134_88.png,1
kanazawa_266_310_112_108.png,5
kanazawa_266_310_58_93.png,6
kanazawa_266_310_64_69.png,6
kanazawa_266_310_153_210.png,3
kanazawa_266_310_187_25.png,6
kanazawa_266_310_82_266.png,3
kanazawa_266_310_66_175.png,3
kanazawa_266_310_84_108.png,6
kanazawa_266_310_40_236.png,6
kanazawa_266_310_44_280.png,6
kanazawa_266_310_62_240.png,6
kanazawa_266_310_206_247.png,3
kanazawa_266_310_205_190.png,3
kanazawa_266_310_155_265.png,3
kanazawa_266_310_122_78.png,3
kanazawa_266_310_158_43.png,6
kanazawa_266_310_231_236.png,3
kanazawa_266_310_30_124.png,6
kanazawa_266_310_103_226.png,5
kanazawa_266_310_31_145.png,3
kanazawa_266_310_59_114.png,6
kanazawa_266_310_150_95.png,1
kanazawa_266_310_53_248.png,6
kanazawa_266_310_110_184.png,5
kanazawa_266_310_51_117.png,6
kanazawa_266_310_39_139.png,1
kanazawa_266_310_48_230.png,6
kanazawa_266_310_30_68.png,6
kanazawa_266_310_217_194.png,3
kanazawa_266_310_156_90.png,1
kanazawa_266_310_68_250.png,6
kanazawa_266_310_217_124.png,3
kanazawa_266_310_48_77.png,6
kanazawa_266_310_182_167.png,3
kanazawa_266_310_100_267.png,3
kanazawa_266_310_214_154.png,3
kanazawa_266_310_211_134.png,3
kanazawa_266_310_168_124.png,3
kanazawa_266_310_20_85.png,6
kanazawa_266_310_230_195.png,3
kanazawa_266_310_47_67.png,6
kanazawa_266_310_257_208.png,3
kanazawa_266_310_45_264.png,6
kanazawa_266_310_200_182.png,3
kanazawa_266_310_58_255.png,6
kanazawa_266_310_197_15.png,6
kanazawa_266_310_23_171.png,5
kanazawa_266_310_125_44.png,6
kanazawa_266_310_142_256.png,3
kanazawa_266_310_160_68.png,5
kanazawa_266_310_191_200.png,3
kanazawa_266_310_138_121.png,3
kanazawa_266_310_64_198.png,5
kanazawa_266_310_87_290.png,5
kanazawa_266_310_29_108.png,6
kanazawa_266_310_165_73.png,5
kanazawa_266_310_52_122.png,6
kanazawa_266_310_180_40.png,1
kanazawa_266_310_10_72.png,6
kanazawa_266_310_77_197.png,3
kanazawa_266_310_227_99.png,3
kanazawa_266_310_43_112.png,6
kanazawa_266_310_137_237.png,3
kanazawa_266_310_161_261.png,3
kanazawa_266_310_97_181.png,3
kanazawa_266_310_107_47.png,6
kanazawa_266_310_220_150.png,3
kanazawa_266_310_148_54.png,6
kanazawa_266_310_88_102.png,6
kanazawa_266_310_138_122.png,3
kanazawa_266_310_136_65.png,6
kanazawa_266_310_152_161.png,5
kanazawa_266_310_108_78.png,6
kanazawa_266_310_161_40.png,6
kanazawa_266_310_207_237.png,3
kanazawa_266_310_207_166.png,3
kanazawa_266_310_235_165.png,3
kanazawa_266_310_193_250.png,3
kanazawa_266_310_91_74.png,6
kanazawa_266_310_43_133.png,3
kanazawa_266_310_133_167.png,3
kanazawa_266_310_196_135.png,3
kanazawa_266_310_239_119.png,3
kanazawa_266_310_151_160.png,5
kanazawa_266_310_222_59.png,3
kanazawa_266_310_224_221.png,3
kanazawa_266_310_160_119.png,3
kanazawa_266_310_195_100.png,3
kanazawa_266_310_46_106.png,6
kanazawa_266_310_37_222.png,6
kanazawa_266_310_201_232.png,3
kanazawa_266_310_140_198.png,5
kanazawa_266_310_167_40.png,6
kanazawa_266_310_197_127.png,3
kanazawa_266_310_222_242.png,3
kanazawa_266_310_49_81.png,6
kanazawa_266_310_122_186.png,5
kanazawa_266_310_121_31.png,6
kanazawa_266_310_38_123.png,6
kanazawa_266_310_38_258.png,6
kanazawa_266_310_165_28.png,6
kanazawa_266_310_116_234.png,3
kanazawa_266_310_73_64.png,6
kanazawa_266_310_56_230.png,6
kanazawa_266_310_62_147.png,3
kanazawa_266_310_100_74.png,6
kanazawa_266_310_50_96.png,6
kanazawa_266_310_201_28.png,5
kanazawa_266_310_31_149.png,5
kanazawa_266_310_148_164.png,5
kanazawa_266_310_115_173.png,5
kanazawa_266_310_87_152.png,3
kanazawa_266_310_173_268.png,3
kanazawa_266_310_194_17.png,6
kanazawa_266_310_172_41.png,3
kanazawa_266_310_232_132.png,3
kanazawa_266_310_164_35.png,6
kanazawa_266_310_233_209.png,3
kanazawa_266_310_24_181.png,3
kanazawa_266_310_73_283.png,6
kanazawa_266_310_22_98.png,6
kanazawa_266_310_88_245.png,5
kanazawa_266_310_222_172.png,3
kanazawa_266_310_184_18.png,6
kanazawa_266_310_182_246.png,3
kanazawa_266_310_136_199.png,5
kanazawa_266_310_153_86.png,1
kanazawa_266_310_191_12.png,6
kanazawa_266_310_100_87.png,6
kanazawa_266_310_193_80.png,3
kanazawa_266_310_195_219.png,3
kanazawa_266_310_100_245.png,5
kanazawa_266_310_90_64.png,6
kanazawa_266_310_108_72.png,6
kanazawa_266_310_140_203.png,5
kanazawa_266_310_240_163.png,3
kanazawa_266_310_19_121.png,6
kanazawa_266_310_49_269.png,6
kanazawa_266_310_25_61.png,6
kanazawa_266_310_171_79.png,5
kanazawa_266_310_84_217.png,1
kanazawa_266_310_144_223.png,3
kanazawa_266_310_225_203.png,3
kanazawa_266_310_207_64.png,3
kanazawa_266_310_112_68.png,6
kanazawa_266_310_97_198.png,5
kanazawa_266_310_247_242.png,3
kanazawa_266_310_108_74.png,6
kanazawa_266_310_216_124.png,3
kanazawa_266_310_11_67.png,6
kanazawa_266_310_65_250.png,6
kanazawa_266_310_80_114.png,6
kanazawa_266_310_37_76.png,6
kanazawa_266_310_155_131.png,3
kanazawa_266_310_152_22.png,6
kanazawa_266_310_199_18.png,1
kanazawa_266_310_255_231.png,3
kanazawa_266_310_98_236.png,1
kanazawa_266_310_82_291.png,6
kanazawa_266_310_118_136.png,3
kanazawa_266_310_9_76.png,6
kanazawa_266_310_215_13.png,5
kanazawa_266_310_201_51.png,3
kanazawa_266_310_34_183.png,3
kanazawa_266_310_224_96.png,3
kanazawa_266_310_223_25.png,5
kanazawa_266_310_136_62.png,6
kanazawa_266_310_107_194.png,5
kanazawa_266_310_151_146.png,3
kanazawa_266_310_43_275.png,6
kanazawa_266_310_157_83.png,5
kanazawa_266_310_194_121.png,3
kanazawa_266_310_22_114.png,6
kanazawa_266_310_108_133.png,3
kanazawa_266_310_78_248.png,6
kanazawa_266_310_212_100.png,3
kanazawa_266_310_25_99.png,6
kanazawa_266_310_81_288.png,3
kanazawa_266_310_146_164.png,5
kanazawa_266_310_209_179.png,3
kanazawa_266_310_256_218.png,3
kanazawa_266_310_196_17.png,6
kanazawa_266_310_204_227.png,6
kanazawa_266_310_14_64.png,6
kanazawa_266_310_37_64.png,6
kanazawa_266_310_41_250.png,6
kanazawa_266_310_147_42.png,6
kanazawa_266_310_98_240.png,1
kanazawa_266_310_185_125.png,3
kanazawa_266_310_83_163.png,3
kanazawa_266_310_164_209.png,3
kanazawa_266_310_147_224.png,3
kanazawa_266_310_135_90.png,1
kanazawa_266_310_143_230.png,3
kanazawa_266_310_19_79.png,6
kanazawa_266_310_186_148.png,3
kanazawa_266_310_205_63.png,3
kanazawa_266_310_66_91.png,6
kanazawa_266_310_68_48.png,6
kanazawa_266_310_27_113.png,6
kanazawa_266_310_108_98.png,3
kanazawa_266_310_31_67.png,6
kanazawa_266_310_47_81.png,6
kanazawa_266_310_131_276.png,5
kanazawa_266_310_133_218.png,3
kanazawa_266_310_26_112.png,6
kanazawa_266_310_255_202.png,3
kanazawa_266_310_197_106.png,3
kanazawa_266_310_235_242.png,3
kanazawa_266_310_225_122.png,3
kanazawa_266_310_105_76.png,6
kanazawa_266_310_44_223.png,6
kanazawa_266_310_158_48.png,6
kanazawa_266_310_78_257.png,6
kanazawa_266_310_63_242.png,6
kanazawa_266_310_197_249.png,3
kanazawa_266_310_49_251.png,6
kanazawa_266_310_139_175.png,5
kanazawa_266_310_99_265.png,1
kanazawa_266_310_35_116.png,6
kanazawa_266_310_219_86.png,3
kanazawa_266_310_232_226.png,3
kanazawa_266_310_138_157.png,3
kanazawa_266_310_216_184.png,3
kanazawa_266_310_226_178.png,3
kanazawa_266_310_159_50.png,3
kanazawa_266_310_212_182.png,3
kanazawa_266_310_148_51.png,6
kanazawa_266_310_161_122.png,3
kanazawa_266_310_97_211.png,5
kanazawa_266_310_150_43.png,6
kanazawa_266_310_226_127.png,3
kanazawa_266_310_223_180.png,3
kanazawa_266_310_140_270.png,5
kanazawa_266_310_153_88.png,1
kanazawa_266_310_223_126.png,3
kanazawa_266_310_136_184.png,1
kanazawa_266_310_168_48.png,1
kanazawa_266_310_108_141.png,3
kanazawa_266_310_93_59.png,6
kanazawa_266_310_219_150.png,3
kanazawa_266_310_206_100.png,3
kanazawa_266_310_153_105.png,1
kanazawa_266_310_147_187.png,5
kanazawa_266_310_71_98.png,6
kanazawa_266_310_17_108.png,6
kanazawa_266_310_179_250.png,3
kanazawa_266_310_158_222.png,3
kanazawa_266_310_112_189.png,5
kanazawa_266_310_141_269.png,5
kanazawa_266_310_137_75.png,3
kanazawa_266_310_149_43.png,6
kanazawa_266_310_151_229.png,3
kanazawa_266_310_57_265.png,6
kanazawa_266_310_146_59.png,3
kanazawa_266_310_136_198.png,5
kanazawa_266_310_24_169.png,5
kanazawa_266_310_218_85.png,3
kanazawa_266_310_13_65.png,6
kanazawa_266_310_69_46.png,6
kanazawa_266_310_209_35.png,6
kanazawa_266_310_64_284.png,6
kanazawa_266_310_76_113.png,6
kanazawa_266_310_134_222.png,3
kanazawa_266_310_110_159.png,3
kanazawa_266_310_150_44.png,6
kanazawa_266_310_48_279.png,6
kanazawa_266_310_178_243.png,3
kanazawa_266_310_192_216.png,3
kanazawa_266_310_97_203.png,5
kanazawa_266_310_199_185.png,3
kanazawa_266_310_43_81.png,6
kanazawa_266_310_228_237.png,3
kanazawa_266_310_67_203.png,3
kanazawa_266_310_233_208.png,3
kanazawa_266_310_209_175.png,3
kanazawa_266_310_105_43.png,6
kanazawa_266_310_113_44.png,6
kanazawa_266_310_204_63.png,3
kanazawa_266_310_47_171.png,3
kanazawa_266_310_99_235.png,5
kanazawa_266_310_225_152.png,3
kanazawa_266_310_109_95.png,6
kanazawa_266_310_52_99.png,6
kanazawa_266_310_58_58.png,6
kanazawa_266_310_46_169.png,3
kanazawa_266_310_199_259.png,3
kanazawa_266_310_38_83.png,6
kanazawa_266_310_177_244.png,3
kanazawa_266_310_130_134.png,3
kanazawa_266_310_80_111.png,6
kanazawa_266_310_96_44.png,6
kanazawa_266_310_71_283.png,6
kanazawa_266_310_204_116.png,3
kanazawa_266_310_87_56.png,6
kanazawa_266_310_87_109.png,6
kanazawa_266_310_50_222.png,6
kanazawa_266_310_16_130.png,6
kanazawa_266_310_33_106.png,6
kanazawa_266_310_78_63.png,6
kanazawa_266_310_156_243.png,3
kanazawa_266_310_104_91.png,6
kanazawa_266_310_249_209.png,3
kanazawa_266_310_52_119.png,6
kanazawa_266_310_98_106.png,3
kanazawa_266_310_70_67.png,6
kanazawa_266_310_147_220.png,3
kanazawa_266_310_142_35.png,6
kanazawa_266_310_32_162.png,5
kanazawa_266_310_146_100.png,1
kanazawa_266_310_139_193.png,5
kanazawa_266_310_246_153.png,3
kanazawa_266_310_172_262.png,3
kanazawa_266_310_106_35.png,6
kanazawa_266_310_218_175.png,3
kanazawa_266_310_211_108.png,3
kanazawa_266_310_159_149.png,3
kanazawa_266_310_252_200.png,3
kanazawa_266_310_209_23.png,1
kanazawa_266_310_60_292.png,6
kanazawa_266_310_12_82.png,6
kanazawa_266_310_179_128.png,3
kanazawa_266_310_60_231.png,6
kanazawa_266_310_62_259.png,6
kanazawa_266_310_227_123.png,3
kanazawa_266_310_228_147.png,3
kanazawa_266_310_244_164.png,3
kanazawa_266_310_157_211.png,3
kanazawa_266_310_218_116.png,3
kanazawa_266_310_48_114.png,6
kanazawa_266_310_101_134.png,3
kanazawa_266_310_165_42.png,6
kanazawa_266_310_134_201.png,5
kanazawa_266_310_256_204.png,3
kanazawa_266_310_50_228.png,6
kanazawa_266_310_151_93.png,1
kanazawa_266_310_179_243.png,3
kanazawa_266_310_128_91.png,5
kanazawa_266_310_175_176.png,3
kanazawa_266_310_49_85.png,6
kanazawa_266_310_116_163.png,5
kanazawa_266_310_240_118.png,3
kanazawa_266_310_230_166.png,3
kanazawa_266_310_167_46.png,3
kanazawa_266_310_29_84.png,6
kanazawa_266_310_170_244.png,3
kanazawa_266_310_215_246.png,3
kanazawa_266_310_211_165.png,3
kanazawa_266_310_206_199.png,3
kanazawa_266_310_257_213.png,3
kanazawa_266_310_171_199.png,3
kanazawa_266_310_122_173.png,5
kanazawa_266_310_184_14.png,6
kanazawa_266_310_181_54.png,5
kanazawa_266_310_82_164.png,3
kanazawa_266_310_214_15.png,5
kanazawa_266_310_117_161.png,5
kanazawa_266_310_186_111.png,3
kanazawa_266_310_199_114.png,3
kanazawa_266_310_201_195.png,3
kanazawa_266_310_56_232.png,6
kanazawa_266_310_183_174.png,3
kanazawa_266_310_203_225.png,3
kanazawa_266_310_184_134.png,3
kanazawa_266_310_232_192.png,3
kanazawa_266_310_157_196.png,3
kanazawa_266_310_180_30.png,6
kanazawa_266_310_58_94.png,6
kanazawa_266_310_113_59.png,6
kanazawa_266_310_44_226.png,6
kanazawa_266_310_55_67.png,6
kanazawa_266_310_219_185.png,3
kanazawa_266_310_198_224.png,3
kanazawa_266_310_167_161.png,3
kanazawa_266_310_91_103.png,6
kanazawa_266_310_200_201.png,3
kanazawa_266_310_142_258.png,5
kanazawa_266_310_165_48.png,3
kanazawa_266_310_108_202.png,1
kanazawa_266_310_144_225.png,3
kanazawa_266_310_192_86.png,3
kanazawa_266_310_79_172.png,3
kanazawa_266_310_12_121.png,6
kanazawa_266_310_20_155.png,3
kanazawa_266_310_104_195.png,5
kanazawa_266_310_181_96.png,3
kanazawa_266_310_39_127.png,6
kanazawa_266_310_98_59.png,6
kanazawa_266_310_59_219.png,6
kanazawa_266_310_161_230.png,3
kanazawa_266_310_75_255.png,6
kanazawa_266_310_105_60.png,6
kanazawa_266_310_47_128.png,6
kanazawa_266_310_211_89.png,3
kanazawa_266_310_153_22.png,6
kanazawa_266_310_79_258.png,6
kanazawa_266_310_86_84.png,6
kanazawa_266_310_188_21.png,6
kanazawa_266_310_68_126.png,3
kanazawa_266_310_117_136.png,3
kanazawa_266_310_193_61.png,3
kanazawa_266_310_79_238.png,1
kanazawa_266_310_29_95.png,6
kanazawa_266_310_76_154.png,3
kanazawa_266_310_43_218.png,6
kanazawa_266_310_74_44.png,6
kanazawa_266_310_162_124.png,3
kanazawa_266_310_161_139.png,3
kanazawa_266_310_95_199.png,1
kanazawa_266_310_177_189.png,3
kanazawa_266_310_178_139.png,3
kanazawa_266_310_135_242.png,3
kanazawa_266_310_252_237.png,3
kanazawa_266_310_62_63.png,6
kanazawa_266_310_155_31.png,6
kanazawa_266_310_141_27.png,6
kanazawa_266_310_223_215.png,3
kanazawa_266_310_146_54.png,6
kanazawa_266_310_200_95.png,3
kanazawa_266_310_50_66.png,6
kanazawa_266_310_45_88.png,6
kanazawa_266_310_210_195.png,3
kanazawa_266_310_131_55.png,6
kanazawa_266_310_260_224.png,3
kanazawa_266_310_8_88.png,6
kanazawa_266_310_47_276.png,6
kanazawa_266_310_66_226.png,6
kanazawa_266_310_193_154.png,3
kanazawa_266_310_140_170.png,5
kanazawa_266_310_162_158.png,3
kanazawa_266_310_189_146.png,3
kanazawa_266_310_223_38.png,3
kanazawa_266_310_130_73.png,3
kanazawa_266_310_69_68.png,6
kanazawa_266_310_120_50.png,6
kanazawa_266_310_214_126.png,3
kanazawa_266_310_102_81.png,6
kanazawa_266_310_136_170.png,3
kanazawa_266_310_107_93.png,6
kanazawa_266_310_102_51.png,6
kanazawa_266_310_56_255.png,6
kanazawa_266_310_234_232.png,3
kanazawa_266_310_116_150.png,3
kanazawa_266_310_56_261.png,6
kanazawa_266_310_132_56.png,6
kanazawa_266_310_65_226.png,6
kanazawa_266_310_158_215.png,3
kanazawa_266_310_101_72.png,6
kanazawa_266_310_101_76.png,6
kanazawa_266_310_221_229.png,3
kanazawa_266_310_87_277.png,3
kanazawa_266_310_181_37.png,1
kanazawa_266_310_105_61.png,6
kanazawa_266_310_176_49.png,5
kanazawa_266_310_97_276.png,1
kanazawa_266_310_201_134.png,3
kanazawa_266_310_47_124.png,6
kanazawa_266_310_172_115.png,3
kanazawa_266_310_193_229.png,3
kanazawa_266_310_214_166.png,3
kanazawa_266_310_152_274.png,3
kanazawa_266_310_130_70.png,6
kanazawa_266_310_76_88.png,6
kanazawa_266_310_239_223.png,3
kanazawa_266_310_65_290.png,6
kanazawa_266_310_198_15.png,6
kanazawa_266_310_156_232.png,3
kanazawa_266_310_89_210.png,1
kanazawa_266_310_150_105.png,1
kanazawa_266_310_21_133.png,6
kanazawa_266_310_99_116.png,1
kanazawa_266_310_144_58.png,6
kanazawa_266_310_71_63.png,6
kanazawa_266_310_190_259.png,3
kanazawa_266_310_191_176.png,3
kanazawa_266_310_125_138.png,3
kanazawa_266_310_154_192.png,3
kanazawa_266_310_210_163.png,3
kanazawa_266_310_229_215.png,6
kanazawa_266_310_7_82.png,6
kanazawa_266_310_147_219.png,3
kanazawa_266_310_62_228.png,6
kanazawa_266_310_218_151.png,3
kanazawa_266_310_114_272.png,1
kanazawa_266_310_94_81.png,6
kanazawa_266_310_230_244.png,3
kanazawa_266_310_119_62.png,6
kanazawa_266_310_179_131.png,3
kanazawa_266_310_86_97.png,6
kanazawa_266_310_230_175.png,3
kanazawa_266_310_179_70.png,5
kanazawa_266_310_131_186.png,5
kanazawa_266_310_229_190.png,3
kanazawa_266_310_102_200.png,5
kanazawa_266_310_67_52.png,6
kanazawa_266_310_118_56.png,6
kanazawa_266_310_180_228.png,3
kanazawa_266_310_98_104.png,3
kanazawa_266_310_200_168.png,3
kanazawa_266_310_20_150.png,3
kanazawa_266_310_195_154.png,3
kanazawa_266_310_105_288.png,1
kanazawa_266_310_84_101.png,6
kanazawa_266_310_221_70.png,3
kanazawa_266_310_68_176.png,3
kanazawa_266_310_101_210.png,5
kanazawa_266_310_147_67.png,3
kanazawa_266_310_196_212.png,3
kanazawa_266_310_87_75.png,6
kanazawa_266_310_225_162.png,3
kanazawa_266_310_58_281.png,6
kanazawa_266_310_93_172.png,3
kanazawa_266_310_198_123.png,3
kanazawa_266_310_188_136.png,3
kanazawa_266_310_98_263.png,1
kanazawa_266_310_183_230.png,3
kanazawa_266_310_71_47.png,6
kanazawa_266_310_111_255.png,5
kanazawa_266_310_17_125.png,6
kanazawa_266_310_155_38.png,6
kanazawa_266_310_120_33.png,6
kanazawa_266_310_219_162.png,3
kanazawa_266_310_234_173.png,3
kanazawa_266_310_92_161.png,3
kanazawa_266_310_127_187.png,5
kanazawa_266_310_93_104.png,6
kanazawa_266_310_196_208.png,3
kanazawa_266_310_32_219.png,3
kanazawa_266_310_170_95.png,3
kanazawa_266_310_53_292.png,6
kanazawa_266_310_149_35.png,6
kanazawa_266_310_41_157.png,3
kanazawa_266_310_163_232.png,3
kanazawa_266_310_52_252.png,6
kanazawa_266_310_51_179.png,3
kanazawa_266_310_202_166.png,3
kanazawa_266_310_41_260.png,6
kanazawa_266_310_70_60.png,6
kanazawa_266_310_239_238.png,3
kanazawa_266_310_45_131.png,3
kanazawa_266_310_114_196.png,5
kanazawa_266_310_173_37.png,6
kanazawa_266_310_47_266.png,6
kanazawa_266_310_216_148.png,5
kanazawa_266_310_199_174.png,3
kanazawa_266_310_236_226.png,3
kanazawa_266_310_205_222.png,3
kanazawa_266_310_51_243.png,6
kanazawa_266_310_184_199.png,3
kanazawa_266_310_20_74.png,6
kanazawa_266_310_135_74.png,3
kanazawa_266_310_151_272.png,3
kanazawa_266_310_47_292.png,6
kanazawa_266_310_141_160.png,3
kanazawa_266_310_34_129.png,6
kanazawa_266_310_252_187.png,3
kanazawa_266_310_250_182.png,3
kanazawa_266_310_70_87.png,6
kanazawa_266_310_203_13.png,5
kanazawa_266_310_86_63.png,6
kanazawa_266_310_199_203.png,3
kanazawa_266_310_45_295.png,6
kanazawa_266_310_230_163.png,3
kanazawa_266_310_217_187.png,3
kanazawa_266_310_224_184.png,3
kanazawa_266_310_155_56.png,3
kanazawa_266_310_227_137.png,3
kanazawa_266_310_146_129.png,3
kanazawa_266_310_251_211.png,3
kanazawa_266_310_167_253.png,3
kanazawa_266_310_85_259.png,5
kanazawa_266_310_61_113.png,6
kanazawa_266_310_63_64.png,6
kanazawa_266_310_195_92.png,5
kanazawa_266_310_233_108.png,3
kanazawa_266_310_47_291.png,6
kanazawa_266_310_142_158.png,3
kanazawa_266_310_154_72.png,1
kanazawa_266_310_41_263.png,6
kanazawa_266_310_169_37.png,6
kanazawa_266_310_71_206.png,3
kanazawa_266_310_88_48.png,6
kanazawa_266_310_160_40.png,6
kanazawa_266_310_43_251.png,6
kanazawa_266_310_117_73.png,6
kanazawa_266_310_182_15.png,6
kanazawa_266_310_43_95.png,6
kanazawa_266_310_97_83.png,6
kanazawa_266_310_38_232.png,6
kanazawa_266_310_167_145.png,3
kanazawa_266_310_131_277.png,5
kanazawa_266_310_94_286.png,5
kanazawa_266_310_34_173.png,3
kanazawa_266_310_175_258.png,3
kanazawa_266_310_146_55.png,6
kanazawa_266_310_46_246.png,6
kanazawa_266_310_80_48.png,6
kanazawa_266_310_152_44.png,6
kanazawa_266_310_40_66.png,6
kanazawa_266_310_102_88.png,6
kanazawa_266_310_207_180.png,3
kanazawa_266_310_176_18.png,6
kanazawa_266_310_150_189.png,5
kanazawa_266_310_177_214.png,3
kanazawa_266_310_33_95.png,6
kanazawa_266_310_217_29.png,5
kanazawa_266_310_195_144.png,3
kanazawa_266_310_81_152.png,3
kanazawa_266_310_131_278.png,5
kanazawa_266_310_95_198.png,1
kanazawa_266_310_61_237.png,6
kanazawa_266_310_239_222.png,3
kanazawa_266_310_98_130.png,3
kanazawa_266_310_68_244.png,6
kanazawa_266_310_181_170.png,3
kanazawa_266_310_129_71.png,3
kanazawa_266_310_63_221.png,6
kanazawa_266_310_182_214.png,3
kanazawa_266_310_74_112.png,6
kanazawa_266_310_65_231.png,6
kanazawa_266_310_191_44.png,1
kanazawa_266_310_153_26.png,6
kanazawa_266_310_241_162.png,6
kanazawa_266_310_171_238.png,3
kanazawa_266_310_211_153.png,3
kanazawa_266_310_35_171.png,3
kanazawa_266_310_76_293.png,6
kanazawa_266_310_171_51.png,5
kanazawa_266_310_182_126.png,3
kanazawa_266_310_250_216.png,3
kanazawa_266_310_61_250.png,6
kanazawa_266_310_201_148.png,3
kanazawa_266_310_221_237.png,3
kanazawa_266_310_165_196.png,3
kanazawa_266_310_48_285.png,6
kanazawa_266_310_194_246.png,3
kanazawa_266_310_140_26.png,6
kanazawa_266_310_221_95.png,3
kanazawa_266_310_198_217.png,3
kanazawa_266_310_89_220.png,1
kanazawa_266_310_200_44.png,5
kanazawa_266_310_213_205.png,3
kanazawa_266_310_106_172.png,5
kanazawa_266_310_227_102.png,3
kanazawa_266_310_172_34.png,6
kanazawa_266_310_36_83.png,6
kanazawa_266_310_141_188.png,5
kanazawa_266_310_251_174.png,3
kanazawa_266_310_176_213.png,3
kanazawa_266_310_156_179.png,5
kanazawa_266_310_152_219.png,3
kanazawa_266_310_142_82.png,5
kanazawa_266_310_65_263.png,6
kanazawa_266_310_66_99.png,6
kanazawa_266_310_62_300.png,6
kanazawa_266_310_131_109.png,5
kanazawa_266_310_93_267.png,5
kanazawa_266_310_169_91.png,3
kanazawa_266_310_115_150.png,3
kanazawa_266_310_48_272.png,6
kanazawa_266_310_94_135.png,3
kanazawa_266_310_70_279.png,6
kanazawa_266_310_55_257.png,6
kanazawa_266_310_243_149.png,3
kanazawa_266_310_158_78.png,1
kanazawa_266_310_160_251.png,3
kanazawa_266_310_183_244.png,3
kanazawa_266_310_252_202.png,3
kanazawa_266_310_65_259.png,6
kanazawa_266_310_177_183.png,3
kanazawa_266_310_3_72.png,6
kanazawa_266_310_105_50.png,6
kanazawa_266_310_220_204.png,3
kanazawa_266_310_108_165.png,3
kanazawa_266_310_158_162.png,5
kanazawa_266_310_177_152.png,3
kanazawa_266_310_119_108.png,3
kanazawa_266_310_187_245.png,3
kanazawa_266_310_118_141.png,3
kanazawa_266_310_81_279.png,1
kanazawa_266_310_184_195.png,3
kanazawa_266_310_138_190.png,5
kanazawa_266_310_201_258.png,3
kanazawa_266_310_169_164.png,3
kanazawa_266_310_189_11.png,6
kanazawa_266_310_14_101.png,6
kanazawa_266_310_173_108.png,3
kanazawa_266_310_138_114.png,3
kanazawa_266_310_132_173.png,3
kanazawa_266_310_70_299.png,6
kanazawa_266_310_211_9.png,5
kanazawa_266_310_242_166.png,3
kanazawa_266_310_195_162.png,3
kanazawa_266_310_10_92.png,6
kanazawa_266_310_50_99.png,6
kanazawa_266_310_167_21.png,6
kanazawa_266_310_68_243.png,6
kanazawa_266_310_104_208.png,5
kanazawa_266_310_186_174.png,3
kanazawa_266_310_113_224.png,5
kanazawa_266_310_9_103.png,6
kanazawa_266_310_244_159.png,3
kanazawa_266_310_259_238.png,3
kanazawa_266_310_59_269.png,6
kanazawa_266_310_154_53.png,6
kanazawa_266_310_195_131.png,3
kanazawa_266_310_162_33.png,6
kanazawa_266_310_130_34.png,6
kanazawa_266_310_122_57.png,6
kanazawa_266_310_236_209.png,3
kanazawa_266_310_78_107.png,6
kanazawa_266_310_231_239.png,3
kanazawa_266_310_49_54.png,6
kanazawa_266_310_134_105.png,5
kanazawa_266_310_215_120.png,3
kanazawa_266_310_185_72.png,3
kanazawa_266_310_99_39.png,6
kanazawa_266_310_235_125.png,3
kanazawa_266_310_183_256.png,3
kanazawa_266_310_37_220.png,6
kanazawa_266_310_203_209.png,3
kanazawa_266_310_192_165.png,3
kanazawa_266_310_73_121.png,6
kanazawa_266_310_242_197.png,3
kanazawa_266_310_54_250.png,6
kanazawa_266_310_132_126.png,3
kanazawa_266_310_203_164.png,3
kanazawa_266_310_110_62.png,6
kanazawa_266_310_67_243.png,6
kanazawa_266_310_173_174.png,3
kanazawa_266_310_178_191.png,3
kanazawa_266_310_221_55.png,3
kanazawa_266_310_183_159.png,3
kanazawa_266_310_250_211.png,3
kanazawa_266_310_205_25.png,5
kanazawa_266_310_150_175.png,5
kanazawa_266_310_189_248.png,3
kanazawa_266_310_156_186.png,5
kanazawa_266_310_220_170.png,3
kanazawa_266_310_188_164.png,3
kanazawa_266_310_189_121.png,3
kanazawa_266_310_217_174.png,3
kanazawa_266_310_234_97.png,3
kanazawa_266_310_194_235.png,3
kanazawa_266_310_41_236.png,6
kanazawa_266_310_102_206.png,5
kanazawa_266_310_222_146.png,3
kanazawa_266_310_184_243.png,3
kanazawa_266_310_174_266.png,3
kanazawa_266_310_64_109.png,6
kanazawa_266_310_192_229.png,3
kanazawa_266_310_242_193.png,3
kanazawa_266_310_108_51.png,6
kanazawa_266_310_87_155.png,3
kanazawa_266_310_138_179.png,5
kanazawa_266_310_138_178.png,5
kanazawa_266_310_192_19.png,6
kanazawa_266_310_105_264.png,5
kanazawa_266_310_159_196.png,3
kanazawa_266_310_30_81.png,6
kanazawa_266_310_18_68.png,6
kanazawa_266_310_144_66.png,6
kanazawa_266_310_249_212.png,3
kanazawa_266_310_123_280.png,1
kanazawa_266_310_43_90.png,6
kanazawa_266_310_134_64.png,6
kanazawa_266_310_177_86.png,5
kanazawa_266_310_119_40.png,6
kanazawa_266_310_237_161.png,3
kanazawa_266_310_126_142.png,3
kanazawa_266_310_63_67.png,6
kanazawa_266_310_56_112.png,6
kanazawa_266_310_165_183.png,3
kanazawa_266_310_170_105.png,3
kanazawa_266_310_55_55.png,6
kanazawa_266_310_71_235.png,6
kanazawa_266_310_25_134.png,6
kanazawa_266_310_189_126.png,3
kanazawa_266_310_129_73.png,6
kanazawa_266_310_212_106.png,3
kanazawa_266_310_150_38.png,6
kanazawa_266_310_140_41.png,6
kanazawa_266_310_92_41.png,6
kanazawa_266_310_238_238.png,3
kanazawa_266_310_60_209.png,2
kanazawa_266_310_55_123.png,6
kanazawa_266_310_91_274.png,5
kanazawa_266_310_38_78.png,6
kanazawa_266_310_193_149.png,3
kanazawa_266_310_201_256.png,3
kanazawa_266_310_108_167.png,3
kanazawa_266_310_126_93.png,1
kanazawa_266_310_125_280.png,5
kanazawa_266_310_100_251.png,5
kanazawa_266_310_247_205.png,3
kanazawa_266_310_57_286.png,6
kanazawa_266_310_232_92.png,3
kanazawa_266_310_90_266.png,5
kanazawa_266_310_15_68.png,6
kanazawa_266_310_106_70.png,6
kanazawa_266_310_73_246.png,6
kanazawa_266_310_86_81.png,6
kanazawa_266_310_151_96.png,1
kanazawa_266_310_144_230.png,3
kanazawa_266_310_210_99.png,3
kanazawa_266_310_72_171.png,5
kanazawa_266_310_155_51.png,6
kanazawa_266_310_159_87.png,1
kanazawa_266_310_236_148.png,3
kanazawa_266_310_156_142.png,3
kanazawa_266_310_38_132.png,6
kanazawa_266_310_204_215.png,3
kanazawa_266_310_127_49.png,6
kanazawa_266_310_136_98.png,1
kanazawa_266_310_192_193.png,3
kanazawa_266_310_28_135.png,5
kanazawa_266_310_11_84.png,6
kanazawa_266_310_212_116.png,3
kanazawa_266_310_83_280.png,1
kanazawa_266_310_156_72.png,1
kanazawa_266_310_151_211.png,3
kanazawa_266_310_71_296.png,6
kanazawa_266_310_185_258.png,3
kanazawa_266_310_118_65.png,6
kanazawa_266_310_239_235.png,3
kanazawa_266_310_231_89.png,3
kanazawa_266_310_109_120.png,5
kanazawa_266_310_110_175.png,5
kanazawa_266_310_220_79.png,3
kanazawa_266_310_138_201.png,5
kanazawa_266_310_246_169.png,3
kanazawa_266_310_197_239.png,3
kanazawa_266_310_189_182.png,3
kanazawa_266_310_161_32.png,6
kanazawa_266_310_88_132.png,3
kanazawa_266_310_112_201.png,5
kanazawa_266_310_136_148.png,3
kanazawa_266_310_97_221.png,5
kanazawa_266_310_100_222.png,5
kanazawa_266_310_67_167.png,3
kanazawa_266_310_232_105.png,3
kanazawa_266_310_90_219.png,1
kanazawa_266_310_29_99.png,6
kanazawa_266_310_207_213.png,3
kanazawa_266_310_205_193.png,3
kanazawa_266_310_210_74.png,3
kanazawa_266_310_98_55.png,6
kanazawa_266_310_47_101.png,6
kanazawa_266_310_8_74.png,6
kanazawa_266_310_28_107.png,6
kanazawa_266_310_10_65.png,6
kanazawa_266_310_168_234.png,3
kanazawa_266_310_64_73.png,6
kanazawa_266_310_142_198.png,5
kanazawa_266_310_15_86.png,6
kanazawa_266_310_172_223.png,3
kanazawa_266_310_181_150.png,3
kanazawa_266_310_210_95.png,3
kanazawa_266_310_215_147.png,3
kanazawa_266_310_224_122.png,3
kanazawa_266_310_62_284.png,6
kanazawa_266_310_68_274.png,6
kanazawa_266_310_102_43.png,6
kanazawa_266_310_171_246.png,3
kanazawa_266_310_203_174.png,3
kanazawa_266_310_130_249.png,5
kanazawa_266_310_187_165.png,3
kanazawa_266_310_203_230.png,3
kanazawa_266_310_96_235.png,5
kanazawa_266_310_111_45.png,6
kanazawa_266_310_143_140.png,3
kanazawa_266_310_139_119.png,3
kanazawa_266_310_56_248.png,6
kanazawa_266_310_124_270.png,5
kanazawa_266_310_42_59.png,6
kanazawa_266_310_128_53.png,6
kanazawa_266_310_86_241.png,5
kanazawa_266_310_145_219.png,3
kanazawa_266_310_171_203.png,3
kanazawa_266_310_161_138.png,3
kanazawa_266_310_122_88.png,3
kanazawa_266_310_183_104.png,3
kanazawa_266_310_145_128.png,3
kanazawa_266_310_47_275.png,6
kanazawa_266_310_124_195.png,1
kanazawa_266_310_189_99.png,3
kanazawa_266_310_140_130.png,3
kanazawa_266_310_171_40.png,6
kanazawa_266_310_88_186.png,3
kanazawa_266_310_176_254.png,3
kanazawa_266_310_57_207.png,1
kanazawa_266_310_123_157.png,5
kanazawa_266_310_78_163.png,3
kanazawa_266_310_169_125.png,3
kanazawa_266_310_118_241.png,3
kanazawa_266_310_204_140.png,3
kanazawa_266_310_185_31.png,3
kanazawa_266_310_33_79.png,6
kanazawa_266_310_105_278.png,1
kanazawa_266_310_79_253.png,6
kanazawa_266_310_84_63.png,6
kanazawa_266_310_150_50.png,6
kanazawa_266_310_130_121.png,3
kanazawa_266_310_164_266.png,3
kanazawa_266_310_123_271.png,5
kanazawa_266_310_150_198.png,3
kanazawa_266_310_145_134.png,3
kanazawa_266_310_213_200.png,3
kanazawa_266_310_116_99.png,1
kanazawa_266_310_103_280.png,1
kanazawa_266_310_235_159.png,3
kanazawa_266_310_75_290.png,6
kanazawa_266_310_116_153.png,3
kanazawa_266_310_163_257.png,3
kanazawa_266_310_175_21.png,6
kanazawa_266_310_52_209.png,6
kanazawa_266_310_80_275.png,1
kanazawa_266_310_106_55.png,6
kanazawa_266_310_43_127.png,6
kanazawa_266_310_241_228.png,3
kanazawa_266_310_194_229.png,3
kanazawa_266_310_110_138.png,3
kanazawa_266_310_242_163.png,3
kanazawa_266_310_79_77.png,6
kanazawa_266_310_81_259.png,3
kanazawa_266_310_64_211.png,5
kanazawa_266_310_205_215.png,3
kanazawa_266_310_68_266.png,6
kanazawa_266_310_53_173.png,3
kanazawa_266_310_40_74.png,6
kanazawa_266_310_202_40.png,5
kanazawa_266_310_158_177.png,5
kanazawa_266_310_116_184.png,5
kanazawa_266_310_29_211.png,3
kanazawa_266_310_84_52.png,6
kanazawa_266_310_206_177.png,3
kanazawa_266_310_74_278.png,6
kanazawa_266_310_156_100.png,1
kanazawa_266_310_8_87.png,6
kanazawa_266_310_120_280.png,5
kanazawa_266_310_256_217.png,3
kanazawa_266_310_90_57.png,6
kanazawa_266_310_99_165.png,3
kanazawa_266_310_101_154.png,3
kanazawa_266_310_217_15.png,5
kanazawa_266_310_87_97.png,6
kanazawa_266_310_203_242.png,3
kanazawa_266_310_210_165.png,3
kanazawa_266_310_36_230.png,6
kanazawa_266_310_51_74.png,6
kanazawa_266_310_144_184.png,5
kanazawa_266_310_82_101.png,6
kanazawa_266_310_98_80.png,6
kanazawa_266_310_17_105.png,6
kanazawa_266_310_102_120.png,5
kanazawa_266_310_212_152.png,3
kanazawa_266_310_224_153.png,3
kanazawa_266_310_144_82.png,1
kanazawa_266_310_246_193.png,3
kanazawa_266_310_225_211.png,3
kanazawa_266_310_113_255.png,5
kanazawa_266_310_51_71.png,6
kanazawa_266_310_104_198.png,5
kanazawa_266_310_192_123.png,3
kanazawa_266_310_211_191.png,3
kanazawa_266_310_101_57.png,6
kanazawa_266_310_45_109.png,6
kanazawa_266_310_188_216.png,3
kanazawa_266_310_106_181.png,5
kanazawa_266_310_225_247.png,3
kanazawa_266_310_36_148.png,5
kanazawa_266_310_200_74.png,3
kanazawa_266_310_149_163.png,5
kanazawa_266_310_90_87.png,6
kanazawa_266_310_121_201.png,5
kanazawa_266_310_168_215.png,3
kanazawa_266_310_194_238.png,3
kanazawa_266_310_44_227.png,6
kanazawa_266_310_26_165.png,5
kanazawa_266_310_135_50.png,6
kanazawa_266_310_5_78.png,6
kanazawa_266_310_103_237.png,1
kanazawa_266_310_191_180.png,3
kanazawa_266_310_216_234.png,3
kanazawa_266_310_192_179.png,3
kanazawa_266_310_51_288.png,6
kanazawa_266_310_213_255.png,3
kanazawa_266_310_225_115.png,3
kanazawa_266_310_249_181.png,3
kanazawa_266_310_66_289.png,6
kanazawa_266_310_146_102.png,1
kanazawa_266_310_221_148.png,3
kanazawa_266_310_118_234.png,3
kanazawa_266_310_232_83.png,3
kanazawa_266_310_120_127.png,3
kanazawa_266_310_74_157.png,3
kanazawa_266_310_114_96.png,3
kanazawa_266_310_69_95.png,6
kanazawa_266_310_107_180.png,5
kanazawa_266_310_27_195.png,3
kanazawa_266_310_29_61.png,6
kanazawa_266_310_33_233.png,6
kanazawa_266_310_218_145.png,3
kanazawa_266_310_171_189.png,3
kanazawa_266_310_145_176.png,5
kanazawa_266_310_257_239.png,3
kanazawa_266_310_164_31.png,6
kanazawa_266_310_66_51.png,6
kanazawa_266_310_221_182.png,3
kanazawa_266_310_242_220.png,3
kanazawa_266_310_110_111.png,5
kanazawa_266_310_198_85.png,3
kanazawa_266_310_204_164.png,3
kanazawa_266_310_52_186.png,5
kanazawa_266_310_64_62.png,6
kanazawa_266_310_225_104.png,3
kanazawa_266_310_144_168.png,5
kanazawa_266_310_97_67.png,6
kanazawa_266_310_44_252.png,6
kanazawa_266_310_51_116.png,6
kanazawa_266_310_23_69.png,6
kanazawa_266_310_88_171.png,3
kanazawa_266_310_36_75.png,6
kanazawa_266_310_135_144.png,3
kanazawa_266_310_196_123.png,3
kanazawa_266_310_47_297.png,6
kanazawa_266_310_76_91.png,6
kanazawa_266_310_158_196.png,3
kanazawa_266_310_225_200.png,3
kanazawa_266_310_217_229.png,3
kanazawa_266_310_69_263.png,6
kanazawa_266_310_237_219.png,3
kanazawa_266_310_84_179.png,3
kanazawa_266_310_156_196.png,3
kanazawa_266_310_188_108.png,3
kanazawa_266_310_50_139.png,5
kanazawa_266_310_234_231.png,3
kanazawa_266_310_189_141.png,3
kanazawa_266_310_213_191.png,3
kanazawa_266_310_138_278.png,5
kanazawa_266_310_44_231.png,6
kanazawa_266_310_7_77.png,6
kanazawa_266_310_224_33.png,3
kanazawa_266_310_106_99.png,3
kanazawa_266_310_238_207.png,3
kanazawa_266_310_38_85.png,6
kanazawa_266_310_231_248.png,3
kanazawa_266_310_121_33.png,6
kanazawa_266_310_102_284.png,1
kanazawa_266_310_239_245.png,3
kanazawa_266_310_101_128.png,3
kanazawa_266_310_208_196.png,3
kanazawa_266_310_94_267.png,5
kanazawa_266_310_209_120.png,3
kanazawa_266_310_67_58.png,6
kanazawa_266_310_126_127.png,3
kanazawa_266_310_36_107.png,6
kanazawa_266_310_174_109.png,3
kanazawa_266_310_52_105.png,6
kanazawa_266_310_36_167.png,3
kanazawa_266_310_40_134.png,6
kanazawa_266_310_241_209.png,3
kanazawa_266_310_88_265.png,5
kanazawa_266_310_175_142.png,3
kanazawa_266_310_155_49.png,6
kanazawa_266_310_173_218.png,3
kanazawa_266_310_212_77.png,3
kanazawa_266_310_199_101.png,3
kanazawa_266_310_156_131.png,3
kanazawa_266_310_204_187.png,3
kanazawa_266_310_188_148.png,3
kanazawa_266_310_116_214.png,5
kanazawa_266_310_181_84.png,3
kanazawa_266_310_106_248.png,5
kanazawa_266_310_72_57.png,6
kanazawa_266_310_63_65.png,6
kanazawa_266_310_129_174.png,5
kanazawa_266_310_80_263.png,6
kanazawa_266_310_139_218.png,3
kanazawa_266_310_220_17.png,5
kanazawa_266_310_17_129.png,6
kanazawa_266_310_131_260.png,5
kanazawa_266_310_147_103.png,1
kanazawa_266_310_57_267.png,6
kanazawa_266_310_10_69.png,6
kanazawa_266_310_81_270.png,6
kanazawa_266_310_39_131.png,3
kanazawa_266_310_151_215.png,3
kanazawa_266_310_85_74.png,6
kanazawa_266_310_260_230.png,3
kanazawa_266_310_3_66.png,6
kanazawa_266_310_172_264.png,3
kanazawa_266_310_58_83.png,6
kanazawa_266_310_207_152.png,3
kanazawa_266_310_123_80.png,1
kanazawa_266_310_195_125.png,3
kanazawa_266_310_33_72.png,6
kanazawa_266_310_49_206.png,6
kanazawa_266_310_61_96.png,6
kanazawa_266_310_52_246.png,6
kanazawa_266_310_182_171.png,3
kanazawa_266_310_214_209.png,3
kanazawa_266_310_123_116.png,5
kanazawa_266_310_119_146.png,3
kanazawa_266_310_75_242.png,3
kanazawa_266_310_207_112.png,3
kanazawa_266_310_244_169.png,3
kanazawa_266_310_215_214.png,3
kanazawa_266_310_105_258.png,3
kanazawa_266_310_193_86.png,3
kanazawa_266_310_200_237.png,3
kanazawa_266_310_57_101.png,6
kanazawa_266_310_218_162.png,3
kanazawa_266_310_200_255.png,3
kanazawa_266_310_242_226.png,3
kanazawa_266_310_199_149.png,3
kanazawa_266_310_118_58.png,6
kanazawa_266_310_53_89.png,6
kanazawa_266_310_85_218.png,1
kanazawa_266_310_62_237.png,6
kanazawa_266_310_75_98.png,6
kanazawa_266_310_220_162.png,3
kanazawa_266_310_17_65.png,6
kanazawa_266_310_175_59.png,5
kanazawa_266_310_24_79.png,6
kanazawa_266_310_94_65.png,6
kanazawa_266_310_97_199.png,5
kanazawa_266_310_225_233.png,3
kanazawa_266_310_235_194.png,6
kanazawa_266_310_38_169.png,3
kanazawa_266_310_184_242.png,3
kanazawa_266_310_44_151.png,5
kanazawa_266_310_191_152.png,3
kanazawa_266_310_120_230.png,3
kanazawa_266_310_222_183.png,3
kanazawa_266_310_256_208.png,3
kanazawa_266_310_42_172.png,3
kanazawa_266_310_216_239.png,3
kanazawa_266_310_53_287.png,6
kanazawa_266_310_63_51.png,6
kanazawa_266_310_211_124.png,3
kanazawa_266_310_190_199.png,3
kanazawa_266_310_72_127.png,5
kanazawa_266_310_81_82.png,6
kanazawa_266_310_93_166.png,3
kanazawa_266_310_207_117.png,3
kanazawa_266_310_63_281.png,6
kanazawa_266_310_55_239.png,6
kanazawa_266_310_152_69.png,5
kanazawa_266_310_92_168.png,3
kanazawa_266_310_198_245.png,3
kanazawa_266_310_43_238.png,6
kanazawa_266_310_233_236.png,3
kanazawa_266_310_81_69.png,6
kanazawa_266_310_50_51.png,6
kanazawa_266_310_156_250.png,3
kanazawa_266_310_109_108.png,5
kanazawa_266_310_260_238.png,3
kanazawa_266_310_126_53.png,6
kanazawa_266_310_243_189.png,3
kanazawa_266_310_139_57.png,6
kanazawa_266_310_210_246.png,3
kanazawa_266_310_228_121.png,3
kanazawa_266_310_172_65.png,5
kanazawa_266_310_139_49.png,6
kanazawa_266_310_78_93.png,6
kanazawa_266_310_63_119.png,6
kanazawa_266_310_51_208.png,6
kanazawa_266_310_9_83.png,6
kanazawa_266_310_85_51.png,6
kanazawa_266_310_182_253.png,3
kanazawa_266_310_200_228.png,3
kanazawa_266_310_202_128.png,3
kanazawa_266_310_107_97.png,6
kanazawa_266_310_37_243.png,6
kanazawa_266_310_61_116.png,6
kanazawa_266_310_89_54.png,6
kanazawa_266_310_115_263.png,5
kanazawa_266_310_135_250.png,5
kanazawa_266_310_170_243.png,3
kanazawa_266_310_201_115.png,3
kanazawa_266_310_137_31.png,6
kanazawa_266_310_103_107.png,5
kanazawa_266_310_237_143.png,3
kanazawa_266_310_178_36.png,6
kanazawa_266_310_218_110.png,3
kanazawa_266_310_23_172.png,5
kanazawa_266_310_240_142.png,6
kanazawa_266_310_165_43.png,6
kanazawa_266_310_154_137.png,3
kanazawa_266_310_67_102.png,6
kanazawa_266_310_35_174.png,3
kanazawa_266_310_214_39.png,3
kanazawa_266_310_194_146.png,3
kanazawa_266_310_200_155.png,3
kanazawa_266_310_79_104.png,6
kanazawa_266_310_226_91.png,3
kanazawa_266_310_186_165.png,3
kanazawa_266_310_118_205.png,5
kanazawa_266_310_161_146.png,3
kanazawa_266_310_122_31.png,6
kanazawa_266_310_83_214.png,1
kanazawa_266_310_71_288.png,6
kanazawa_266_310_94_188.png,5
kanazawa_266_310_7_66.png,6
kanazawa_266_310_159_225.png,3
kanazawa_266_310_128_50.png,6
kanazawa_266_310_131_255.png,5
kanazawa_266_310_121_149.png,3
kanazawa_266_310_152_150.png,3
kanazawa_266_310_140_94.png,1
kanazawa_266_310_211_243.png,6
kanazawa_266_310_86_242.png,5
kanazawa_266_310_80_55.png,6
kanazawa_266_310_176_130.png,3
kanazawa_266_310_165_208.png,3
kanazawa_266_310_62_298.png,6
kanazawa_266_310_8_68.png,6
kanazawa_266_310_222_176.png,3
kanazawa_266_310_87_232.png,5
kanazawa_266_310_189_263.png,3
kanazawa_266_310_104_70.png,6
kanazawa_266_310_77_286.png,6
kanazawa_266_310_170_166.png,3
kanazawa_266_310_99_283.png,1
kanazawa_266_310_250_185.png,3
kanazawa_266_310_93_277.png,3
kanazawa_266_310_252_186.png,3
kanazawa_266_310_245_178.png,3
kanazawa_266_310_31_183.png,3
kanazawa_266_310_223_130.png,3
kanazawa_266_310_226_139.png,3
kanazawa_266_310_210_214.png,3
kanazawa_266_310_252_218.png,3
kanazawa_266_310_40_62.png,6
kanazawa_266_310_45_266.png,6
kanazawa_266_310_171_86.png,5
kanazawa_266_310_223_119.png,3
kanazawa_266_310_64_289.png,6
kanazawa_266_310_64_260.png,6
kanazawa_266_310_96_171.png,3
kanazawa_266_310_14_75.png,6
kanazawa_266_310_217_182.png,3
kanazawa_266_310_182_263.png,3
kanazawa_266_310_50_106.png,6
kanazawa_266_310_229_175.png,3
kanazawa_266_310_47_220.png,6
kanazawa_266_310_97_93.png,6
kanazawa_266_310_67_245.png,6
kanazawa_266_310_14_119.png,6
kanazawa_266_310_162_250.png,3
kanazawa_266_310_76_51.png,6
kanazawa_266_310_247_210.png,3
kanazawa_266_310_110_48.png,6
kanazawa_266_310_105_103.png,3
kanazawa_266_310_218_67.png,3
kanazawa_266_310_175_145.png,3
kanazawa_266_310_147_194.png,5
kanazawa_266_310_172_187.png,3
kanazawa_266_310_229_64.png,3
kanazawa_266_310_185_29.png,3
kanazawa_266_310_25_183.png,3
kanazawa_266_310_207_30.png,1
kanazawa_266_310_180_33.png,3
kanazawa_266_310_185_119.png,3
kanazawa_266_310_68_76.png,6
kanazawa_266_310_89_46.png,6
kanazawa_266_310_223_83.png,3
kanazawa_266_310_140_30.png,6
kanazawa_266_310_235_236.png,3
kanazawa_266_310_233_186.png,3
kanazawa_266_310_50_167.png,3
kanazawa_266_310_38_120.png,6
kanazawa_266_310_103_58.png,6
kanazawa_266_310_223_109.png,3
kanazawa_266_310_21_130.png,6
kanazawa_266_310_86_103.png,6
kanazawa_266_310_94_67.png,6
kanazawa_266_310_170_152.png,3
kanazawa_266_310_116_272.png,1
kanazawa_266_310_140_104.png,1
kanazawa_266_310_112_118.png,5
kanazawa_266_310_112_156.png,3
kanazawa_266_310_33_80.png,6
kanazawa_266_310_111_92.png,6
kanazawa_266_310_180_198.png,3
kanazawa_266_310_25_192.png,3
kanazawa_266_310_243_148.png,3
kanazawa_266_310_50_190.png,5
kanazawa_266_310_202_200.png,3
kanazawa_266_310_100_184.png,5
kanazawa_266_310_238_147.png,3
kanazawa_266_310_204_195.png,3
kanazawa_266_310_50_239.png,6
kanazawa_266_310_161_70.png,5
kanazawa_266_310_38_155.png,5
kanazawa_266_310_49_60.png,6
kanazawa_266_310_87_218.png,1
kanazawa_266_310_46_285.png,6
kanazawa_266_310_202_219.png,3
kanazawa_266_310_117_36.png,6
kanazawa_266_310_157_40.png,6
kanazawa_266_310_97_258.png,1
kanazawa_266_310_88_230.png,5
kanazawa_266_310_170_70.png,5
kanazawa_266_310_174_75.png,5
kanazawa_266_310_198_194.png,3
kanazawa_266_310_240_238.png,3
kanazawa_266_310_68_98.png,6
kanazawa_266_310_87_261.png,5
kanazawa_266_310_155_34.png,6
kanazawa_266_310_183_43.png,5
kanazawa_266_310_84_220.png,1
kanazawa_266_310_66_171.png,3
kanazawa_266_310_50_143.png,5
kanazawa_266_310_147_96.png,1
kanazawa_266_310_229_197.png,3
kanazawa_266_310_125_144.png,3
kanazawa_266_310_215_122.png,3
kanazawa_266_310_126_70.png,6
kanazawa_266_310_198_86.png,3
kanazawa_266_310_173_59.png,5
kanazawa_266_310_53_270.png,6
kanazawa_266_310_161_29.png,6
kanazawa_266_310_72_279.png,6
kanazawa_266_310_195_241.png,3
kanazawa_266_310_84_145.png,3
kanazawa_266_310_99_279.png,1
kanazawa_266_310_57_54.png,6
kanazawa_266_310_88_137.png,3
kanazawa_266_310_59_255.png,6
kanazawa_266_310_180_257.png,3
kanazawa_266_310_93_263.png,5
kanazawa_266_310_163_214.png,3
kanazawa_266_310_10_80.png,6
kanazawa_266_310_116_102.png,3
kanazawa_266_310_156_50.png,3
kanazawa_266_310_140_101.png,1
kanazawa_266_310_119_153.png,3
kanazawa_266_310_241_193.png,3
kanazawa_266_310_44_129.png,6
kanazawa_266_310_97_53.png,6
kanazawa_266_310_185_256.png,3
kanazawa_266_310_182_160.png,3
kanazawa_266_310_85_84.png,6
kanazawa_266_310_248_178.png,3
kanazawa_266_310_56_229.png,6
kanazawa_266_310_243_218.png,3
kanazawa_266_310_12_73.png,6
kanazawa_266_310_156_57.png,3
kanazawa_266_310_196_115.png,3
kanazawa_266_310_31_137.png,3
kanazawa_266_310_183_167.png,3
kanazawa_266_310_72_45.png,6
kanazawa_266_310_30_152.png,5
kanazawa_266_310_122_254.png,5
kanazawa_266_310_211_118.png,3
kanazawa_266_310_72_54.png,6
kanazawa_266_310_72_80.png,6
kanazawa_266_310_218_206.png,3
kanazawa_266_310_216_15.png,5
kanazawa_266_310_66_77.png,6
kanazawa_266_310_63_219.png,6
kanazawa_266_310_106_105.png,5
kanazawa_266_310_64_281.png,6
kanazawa_266_310_46_240.png,6
kanazawa_266_310_222_177.png,3
kanazawa_266_310_194_83.png,3
kanazawa_266_310_162_256.png,3
kanazawa_266_310_125_74.png,3
kanazawa_266_310_65_267.png,6
kanazawa_266_310_71_89.png,6
kanazawa_266_310_185_139.png,3
kanazawa_266_310_197_138.png,3
kanazawa_266_310_70_53.png,6
kanazawa_266_310_227_166.png,3
kanazawa_266_310_103_160.png,3
kanazawa_266_310_101_48.png,6
kanazawa_266_310_211_255.png,3
kanazawa_266_310_33_188.png,3
kanazawa_266_310_14_88.png,6
kanazawa_266_310_83_190.png,3
kanazawa_266_310_6_74.png,6
kanazawa_266_310_139_67.png,6
kanazawa_266_310_54_298.png,6
kanazawa_266_310_109_161.png,3
kanazawa_266_310_95_67.png,6
kanazawa_266_310_197_246.png,6
kanazawa_266_310_115_78.png,6
kanazawa_266_310_63_265.png,6
kanazawa_266_310_142_277.png,5
kanazawa_266_310_232_187.png,3
kanazawa_266_310_42_98.png,6
kanazawa_266_310_220_154.png,3
kanazawa_266_310_20_102.png,6
kanazawa_266_310_211_192.png,3
kanazawa_266_310_133_60.png,6
kanazawa_266_310_246_190.png,3
kanazawa_266_310_183_171.png,3
kanazawa_266_310_103_53.png,6
kanazawa_266_310_21_70.png,6
kanazawa_266_310_96_237.png,1
kanazawa_266_310_205_208.png,3
kanazawa_266_310_90_243.png,5
kanazawa_266_310_52_290.png,6
kanazawa_266_310_242_223.png,3
kanazawa_266_310_201_211.png,3
kanazawa_266_310_121_63.png,6
kanazawa_266_310_172_197.png,3
kanazawa_266_310_85_68.png,6
kanazawa_266_310_157_134.png,3
kanazawa_266_310_221_198.png,3
kanazawa_266_310_176_159.png,3
kanazawa_266_310_199_37.png,1
kanazawa_266_310_208_206.png,3
kanazawa_266_310_27_68.png,6
kanazawa_266_310_78_254.png,6
kanazawa_266_310_25_73.png,6
kanazawa_266_310_169_198.png,3
kanazawa_266_310_202_92.png,3
kanazawa_266_310_38_96.png,6
kanazawa_266_310_188_106.png,3
kanazawa_266_310_243_158.png,3
kanazawa_266_310_200_109.png,3
kanazawa_266_310_174_161.png,3
kanazawa_266_310_97_196.png,5
kanazawa_266_310_209_119.png,3
kanazawa_266_310_8_100.png,6
kanazawa_266_310_21_107.png,6
kanazawa_266_310_125_136.png,3
kanazawa_266_310_49_258.png,6
kanazawa_266_310_180_176.png,3
kanazawa_266_310_152_264.png,3
kanazawa_266_310_252_222.png,3
kanazawa_266_310_106_252.png,5
kanazawa_266_310_225_102.png,3
kanazawa_266_310_27_136.png,5
kanazawa_266_310_99_44.png,6
kanazawa_266_310_206_137.png,3
kanazawa_266_310_155_97.png,1
kanazawa_266_310_254_206.png,3
kanazawa_266_310_65_294.png,6
kanazawa_266_310_52_261.png,6
kanazawa_266_310_233_107.png,3
kanazawa_266_310_208_178.png,3
kanazawa_266_310_37_55.png,6
kanazawa_266_310_176_217.png,3
kanazawa_266_310_36_236.png,6
kanazawa_266_310_178_189.png,3
kanazawa_266_310_84_70.png,6
kanazawa_266_310_56_266.png,6
kanazawa_266_310_240_146.png,3
kanazawa_266_310_64_296.png,6
kanazawa_266_310_197_112.png,3
kanazawa_266_310_159_152.png,3
kanazawa_266_310_223_253.png,3
kanazawa_266_310_178_110.png,3
kanazawa_266_310_143_101.png,1
kanazawa_266_310_82_77.png,6
kanazawa_266_310_213_243.png,3
kanazawa_266_310_55_221.png,6
kanazawa_266_310_219_174.png,3
kanazawa_266_310_226_228.png,3
kanazawa_266_310_45_210.png,3
kanazawa_266_310_158_57.png,3
kanazawa_266_310_127_258.png,5
kanazawa_266_310_5_85.png,6
kanazawa_266_310_161_251.png,3
kanazawa_266_310_175_210.png,3
kanazawa_266_310_160_101.png,5
kanazawa_266_310_179_108.png,3
kanazawa_266_310_186_115.png,3
kanazawa_266_310_233_161.png,3
kanazawa_266_310_45_106.png,6
kanazawa_266_310_45_53.png,6
kanazawa_266_310_50_221.png,6
kanazawa_266_310_184_162.png,3
kanazawa_266_310_13_101.png,6
kanazawa_266_310_161_151.png,3
kanazawa_266_310_16_135.png,3
kanazawa_266_310_175_168.png,3
kanazawa_266_310_108_43.png,6
kanazawa_266_310_252_217.png,3
kanazawa_266_310_88_64.png,6
kanazawa_266_310_122_144.png,3
kanazawa_266_310_22_120.png,6
kanazawa_266_310_40_55.png,6
kanazawa_266_310_28_60.png,6
kanazawa_266_310_168_27.png,6
kanazawa_266_310_224_56.png,3
kanazawa_266_310_40_246.png,6
kanazawa_266_310_219_171.png,3
kanazawa_266_310_95_203.png,5
kanazawa_266_310_185_249.png,3
kanazawa_266_310_248_185.png,3
kanazawa_266_310_190_50.png,5
kanazawa_266_310_145_58.png,6
kanazawa_266_310_83_156.png,3
kanazawa_266_310_184_22.png,6
kanazawa_266_310_191_54.png,5
kanazawa_266_310_165_220.png,3
kanazawa_266_310_149_264.png,3
kanazawa_266_310_171_56.png,5
kanazawa_266_310_219_149.png,3
kanazawa_266_310_36_241.png,6
kanazawa_266_310_200_105.png,3
kanazawa_266_310_140_273.png,1
kanazawa_266_310_34_93.png,6
kanazawa_266_310_114_46.png,6
kanazawa_266_310_45_261.png,6
kanazawa_266_310_143_57.png,6
kanazawa_266_310_5_66.png,6
kanazawa_266_310_170_262.png,3
kanazawa_266_310_64_110.png,6
kanazawa_266_310_48_245.png,6
kanazawa_266_310_148_167.png,5
kanazawa_266_310_21_168.png,1
kanazawa_266_310_82_81.png,6
kanazawa_266_310_191_255.png,3
kanazawa_266_310_48_81.png,6
kanazawa_266_310_42_265.png,6
kanazawa_266_310_52_117.png,6
kanazawa_266_310_181_251.png,3
kanazawa_266_310_14_87.png,6
kanazawa_266_310_201_162.png,3
kanazawa_266_310_51_285.png,6
kanazawa_266_310_211_14.png,6
kanazawa_266_310_218_65.png,3
kanazawa_266_310_136_74.png,3
kanazawa_266_310_193_110.png,3
kanazawa_266_310_169_59.png,5
kanazawa_266_310_228_238.png,3
kanazawa_266_310_123_207.png,5
kanazawa_266_310_194_178.png,3
kanazawa_266_310_232_113.png,3
kanazawa_266_310_205_140.png,3
kanazawa_266_310_229_128.png,3
kanazawa_266_310_59_62.png,6
kanazawa_266_310_128_184.png,5
kanazawa_266_310_203_175.png,3
kanazawa_266_310_223_246.png,3
kanazawa_266_310_120_71.png,6
kanazawa_266_310_146_238.png,3
kanazawa_266_310_203_253.png,3
kanazawa_266_310_97_54.png,6
kanazawa_266_310_19_112.png,6
kanazawa_266_310_93_64.png,6
kanazawa_266_310_115_189.png,5
kanazawa_266_310_134_167.png,3
kanazawa_266_310_211_131.png,3
kanazawa_266_310_203_109.png,3
kanazawa_266_310_122_70.png,6
kanazawa_266_310_113_150.png,3
kanazawa_266_310_50_271.png,6
kanazawa_266_310_204_245.png,3
kanazawa_266_310_131_194.png,5
kanazawa_266_310_185_155.png,3
kanazawa_266_310_145_223.png,3
kanazawa_266_310_76_155.png,3
kanazawa_266_310_132_94.png,5
kanazawa_266_310_83_289.png,3
kanazawa_266_310_5_72.png,6
kanazawa_266_310_53_263.png,6
kanazawa_266_310_72_112.png,6
kanazawa_266_310_241_149.png,3
kanazawa_266_310_54_84.png,6
kanazawa_266_310_77_170.png,3
kanazawa_266_310_180_221.png,3
kanazawa_266_310_25_69.png,6
kanazawa_266_310_150_188.png,5
kanazawa_266_310_182_255.png,3
kanazawa_266_310_225_106.png,3
kanazawa_266_310_140_196.png,5
kanazawa_266_310_173_246.png,3
kanazawa_266_310_62_64.png,6
kanazawa_266_310_60_201.png,5
kanazawa_266_310_48_188.png,3
kanazawa_266_310_111_99.png,3
kanazawa_266_310_215_108.png,3
kanazawa_266_310_234_159.png,3
kanazawa_266_310_56_209.png,6
kanazawa_266_310_114_183.png,5
kanazawa_266_310_123_258.png,5
kanazawa_266_310_74_82.png,6
kanazawa_266_310_19_92.png,6
kanazawa_266_310_242_154.png,3
kanazawa_266_310_226_95.png,3
kanazawa_266_310_193_21.png,3
kanazawa_266_310_71_79.png,6
kanazawa_266_310_173_22.png,6
kanazawa_266_310_198_114.png,3
kanazawa_266_310_61_81.png,6
kanazawa_266_310_77_54.png,6
kanazawa_266_310_237_125.png,3
kanazawa_266_310_153_89.png,1
kanazawa_266_310_109_94.png,6
kanazawa_266_310_131_240.png,3
kanazawa_266_310_101_60.png,6
kanazawa_266_310_104_103.png,3
kanazawa_266_310_169_57.png,5
kanazawa_266_310_157_129.png,3
kanazawa_266_310_192_225.png,3
kanazawa_266_310_107_193.png,5
kanazawa_266_310_68_255.png,6
kanazawa_266_310_77_115.png,6
kanazawa_266_310_143_134.png,3
kanazawa_266_310_161_54.png,3
kanazawa_266_310_68_90.png,6
kanazawa_266_310_185_117.png,3
kanazawa_266_310_224_181.png,3
kanazawa_266_310_162_235.png,3
kanazawa_266_310_78_53.png,6
kanazawa_266_310_249_167.png,3
kanazawa_266_310_223_188.png,3
kanazawa_266_310_90_177.png,3
kanazawa_266_310_199_207.png,3
kanazawa_266_310_90_90.png,6
kanazawa_266_310_172_178.png,3
kanazawa_266_310_228_124.png,3
kanazawa_266_310_65_272.png,6
kanazawa_266_310_106_57.png,6
kanazawa_266_310_122_184.png,5
kanazawa_266_310_71_87.png,6
kanazawa_266_310_85_238.png,5
kanazawa_266_310_101_80.png,6
kanazawa_266_310_91_273.png,5
kanazawa_266_310_138_105.png,1
kanazawa_266_310_230_215.png,3
kanazawa_266_310_237_103.png,3
kanazawa_266_310_100_76.png,6
kanazawa_266_310_201_247.png,3
kanazawa_266_310_16_96.png,6
kanazawa_266_310_62_211.png,1
kanazawa_266_310_198_135.png,3
kanazawa_266_310_222_73.png,3
kanazawa_266_310_90_167.png,3
kanazawa_266_310_84_228.png,1
kanazawa_266_310_210_9.png,5
kanazawa_266_310_190_140.png,3
kanazawa_266_310_47_242.png,6
kanazawa_266_310_166_65.png,5
kanazawa_266_310_262_242.png,3
kanazawa_266_310_218_115.png,3
kanazawa_266_310_160_89.png,1
kanazawa_266_310_159_22.png,6
kanazawa_266_310_71_118.png,6
kanazawa_266_310_149_81.png,1
kanazawa_266_310_231_194.png,6
kanazawa_266_310_133_33.png,6
kanazawa_266_310_235_124.png,3
kanazawa_266_310_68_91.png,6
kanazawa_266_310_67_270.png,6
kanazawa_266_310_249_178.png,3
kanazawa_266_310_199_111.png,3
kanazawa_266_310_134_65.png,3
kanazawa_266_310_205_108.png,3
kanazawa_266_310_155_260.png,3
kanazawa_266_310_37_175.png,3
kanazawa_266_310_206_23.png,5
kanazawa_266_310_14_128.png,6
kanazawa_266_310_190_11.png,6
kanazawa_266_310_40_103.png,6
kanazawa_266_310_222_206.png,3
kanazawa_266_310_147_217.png,3
kanazawa_266_310_83_233.png,5
kanazawa_266_310_65_235.png,6
kanazawa_266_310_58_285.png,6
kanazawa_266_310_44_233.png,6
kanazawa_266_310_73_127.png,3
kanazawa_266_310_122_75.png,6
kanazawa_266_310_179_142.png,3
kanazawa_266_310_109_168.png,1
kanazawa_266_310_72_188.png,3
kanazawa_266_310_123_213.png,5
kanazawa_266_310_237_204.png,3
kanazawa_266_310_153_120.png,3
kanazawa_266_310_195_240.png,3
kanazawa_266_310_159_42.png,6
kanazawa_266_310_200_81.png,3
kanazawa_266_310_63_55.png,6
kanazawa_266_310_91_251.png,5
kanazawa_266_310_74_262.png,6
kanazawa_266_310_172_164.png,3
kanazawa_266_310_175_218.png,3
kanazawa_266_310_176_131.png,3
kanazawa_266_310_78_99.png,6
kanazawa_266_310_100_56.png,6
kanazawa_266_310_117_126.png,3
kanazawa_266_310_58_171.png,3
kanazawa_266_310_101_194.png,5
kanazawa_266_310_215_82.png,3
kanazawa_266_310_49_217.png,6
kanazawa_266_310_224_90.png,3
kanazawa_266_310_114_150.png,3
kanazawa_266_310_86_144.png,3
kanazawa_266_310_150_178.png,5
kanazawa_266_310_189_140.png,3
kanazawa_266_310_254_195.png,3
kanazawa_266_310_150_24.png,6
kanazawa_266_310_212_197.png,3
kanazawa_266_310_83_110.png,6
kanazawa_266_310_52_58.png,6
kanazawa_266_310_197_17.png,6
kanazawa_266_310_227_139.png,3
kanazawa_266_310_129_52.png,6
kanazawa_266_310_107_67.png,6
kanazawa_266_310_49_272.png,6
kanazawa_266_310_47_305.png,6
kanazawa_266_310_113_114.png,5
kanazawa_266_310_69_127.png,5
kanazawa_266_310_209_199.png,3
kanazawa_266_310_223_207.png,3
kanazawa_266_310_121_124.png,3
kanazawa_266_310_54_103.png,6
kanazawa_266_310_84_254.png,5
kanazawa_266_310_152_232.png,3
kanazawa_266_310_78_67.png,6
kanazawa_266_310_23_104.png,6
kanazawa_266_310_181_195.png,3
kanazawa_266_310_210_20.png,5
kanazawa_266_310_214_199.png,3
kanazawa_266_310_189_242.png,3
kanazawa_266_310_64_199.png,5
kanazawa_266_310_117_105.png,3
kanazawa_266_310_61_268.png,6
kanazawa_266_310_222_231.png,3
kanazawa_266_310_209_176.png,3
kanazawa_266_310_170_215.png,3
kanazawa_266_310_242_132.png,3
kanazawa_266_310_239_248.png,3
kanazawa_266_310_189_87.png,3
kanazawa_266_310_48_142.png,5
kanazawa_266_310_113_281.png,1
kanazawa_266_310_85_62.png,6
kanazawa_266_310_93_167.png,3
kanazawa_266_310_91_287.png,5
kanazawa_266_310_198_121.png,3
kanazawa_266_310_181_26.png,6
kanazawa_266_310_61_295.png,6
kanazawa_266_310_94_169.png,3
kanazawa_266_310_170_21.png,6
kanazawa_266_310_115_220.png,5
kanazawa_266_310_177_260.png,3
kanazawa_266_310_17_131.png,6
kanazawa_266_310_190_17.png,6
kanazawa_266_310_128_47.png,6
kanazawa_266_310_107_273.png,1
kanazawa_266_310_24_179.png,3
kanazawa_266_310_121_207.png,5
kanazawa_266_310_185_86.png,3
kanazawa_266_310_131_45.png,6
kanazawa_266_310_50_293.png,6
kanazawa_266_310_107_138.png,3
kanazawa_266_310_161_255.png,3
kanazawa_266_310_203_95.png,3
kanazawa_266_310_209_125.png,3
kanazawa_266_310_201_227.png,3
kanazawa_266_310_238_143.png,3
kanazawa_266_310_146_43.png,6
kanazawa_266_310_238_159.png,6
kanazawa_266_310_134_188.png,5
kanazawa_266_310_28_180.png,3
kanazawa_266_310_166_162.png,3
kanazawa_266_310_199_232.png,3
kanazawa_266_310_45_150.png,5
kanazawa_266_310_122_204.png,5
kanazawa_266_310_65_67.png,6
kanazawa_266_310_230_230.png,3
kanazawa_266_310_134_71.png,6
kanazawa_266_310_215_177.png,3
kanazawa_266_310_37_133.png,3
kanazawa_266_310_190_141.png,3
kanazawa_266_310_166_147.png,3
kanazawa_266_310_13_111.png,6
kanazawa_266_310_93_84.png,6
kanazawa_266_310_198_196.png,3
kanazawa_266_310_179_71.png,5
kanazawa_266_310_131_241.png,3
kanazawa_266_310_104_98.png,6
kanazawa_266_310_229_194.png,3
kanazawa_266_310_54_115.png,6
kanazawa_266_310_228_104.png,3
kanazawa_266_310_40_127.png,6
kanazawa_266_310_15_106.png,6
kanazawa_266_310_177_266.png,3
kanazawa_266_310_110_169.png,1
kanazawa_266_310_136_201.png,5
kanazawa_266_310_206_194.png,3
kanazawa_266_310_91_95.png,6
kanazawa_266_310_175_159.png,3
kanazawa_266_310_200_246.png,3
kanazawa_266_310_51_265.png,6
kanazawa_266_310_212_208.png,3
kanazawa_266_310_157_216.png,3
kanazawa_266_310_73_74.png,6
kanazawa_266_310_159_75.png,1
kanazawa_266_310_87_267.png,5
kanazawa_266_310_207_190.png,3
kanazawa_266_310_216_226.png,3
kanazawa_266_310_142_197.png,5
kanazawa_266_310_208_78.png,3
kanazawa_266_310_204_102.png,3
kanazawa_266_310_204_100.png,3
kanazawa_266_310_176_229.png,3
kanazawa_266_310_215_199.png,3
kanazawa_266_310_56_221.png,6
kanazawa_266_310_180_38.png,1
kanazawa_266_310_211_162.png,3
kanazawa_266_310_70_111.png,6
kanazawa_266_310_50_168.png,3
kanazawa_266_310_110_129.png,3
kanazawa_266_310_70_231.png,6
kanazawa_266_310_250_221.png,3
kanazawa_266_310_234_166.png,3
kanazawa_266_310_153_172.png,5
kanazawa_266_310_63_85.png,6
kanazawa_266_310_210_114.png,3
kanazawa_266_310_43_113.png,6
kanazawa_266_310_202_195.png,3
kanazawa_266_310_163_30.png,6
kanazawa_266_310_115_215.png,5
kanazawa_266_310_152_237.png,3
kanazawa_266_310_147_191.png,5
kanazawa_266_310_145_107.png,1
kanazawa_266_310_210_202.png,3
kanazawa_266_310_176_197.png,3
kanazawa_266_310_94_47.png,6
kanazawa_266_310_199_163.png,3
kanazawa_266_310_23_98.png,6
kanazawa_266_310_121_126.png,3
kanazawa_266_310_112_88.png,6
kanazawa_266_310_39_166.png,3
kanazawa_266_310_100_287.png,1
kanazawa_266_310_231_113.png,3
kanazawa_266_310_35_128.png,6
kanazawa_266_310_117_37.png,6
kanazawa_266_310_162_222.png,3
kanazawa_266_310_217_233.png,3
kanazawa_266_310_56_51.png,6
kanazawa_266_310_101_139.png,3
kanazawa_266_310_40_220.png,6
kanazawa_266_310_192_130.png,3
kanazawa_266_310_208_148.png,3
kanazawa_266_310_166_131.png,3
kanazawa_266_310_127_77.png,3
kanazawa_266_310_28_68.png,6
kanazawa_266_310_213_153.png,3
kanazawa_266_310_145_100.png,1
kanazawa_266_310_217_218.png,3
kanazawa_266_310_239_151.png,3
kanazawa_266_310_24_94.png,6
kanazawa_266_310_50_223.png,6
kanazawa_266_310_40_215.png,6
kanazawa_266_310_226_78.png,3
kanazawa_266_310_106_49.png,6
kanazawa_266_310_50_100.png,6
kanazawa_266_310_137_113.png,3
kanazawa_266_310_161_144.png,3
kanazawa_266_310_86_217.png,1
kanazawa_266_310_36_203.png,3
kanazawa_266_310_113_180.png,5
kanazawa_266_310_52_275.png,6
kanazawa_266_310_73_76.png,6
kanazawa_266_310_125_258.png,5
kanazawa_266_310_225_71.png,3
kanazawa_266_310_29_118.png,6
kanazawa_266_310_75_125.png,3
kanazawa_266_310_104_136.png,3
kanazawa_266_310_172_180.png,3
kanazawa_266_310_60_263.png,6
kanazawa_266_310_221_73.png,3
kanazawa_266_310_55_149.png,3
kanazawa_266_310_54_264.png,6
kanazawa_266_310_76_72.png,6
kanazawa_266_310_242_230.png,3
kanazawa_266_310_88_287.png,1
kanazawa_266_310_177_187.png,3
kanazawa_266_310_83_211.png,1
kanazawa_266_310_149_54.png,6
kanazawa_266_310_82_96.png,6
kanazawa_266_310_104_94.png,6
kanazawa_266_310_219_176.png,3
kanazawa_266_310_53_209.png,6
kanazawa_266_310_28_96.png,6
kanazawa_266_310_210_171.png,3
kanazawa_266_310_51_239.png,6
kanazawa_266_310_104_205.png,5
kanazawa_266_310_75_88.png,6
kanazawa_266_310_61_181.png,3
kanazawa_266_310_73_123.png,3
kanazawa_266_310_106_219.png,5
kanazawa_266_310_121_280.png,5
kanazawa_266_310_101_177.png,3
kanazawa_266_310_122_202.png,5
kanazawa_266_310_56_236.png,6
kanazawa_266_310_102_54.png,6
kanazawa_266_310_66_164.png,3
kanazawa_266_310_194_11.png,6
kanazawa_266_310_117_165.png,5
kanazawa_266_310_37_217.png,3
kanazawa_266_310_151_171.png,5
kanazawa_266_310_47_194.png,3
kanazawa_266_310_191_248.png,3
kanazawa_266_310_190_222.png,3
kanazawa_266_310_126_215.png,5
kanazawa_266_310_92_88.png,6
kanazawa_266_310_20_98.png,6
kanazawa_266_310_137_70.png,3
kanazawa_266_310_75_53.png,6
kanazawa_266_310_214_123.png,3
kanazawa_266_310_164_136.png,3
kanazawa_266_310_39_175.png,3
kanazawa_266_310_155_137.png,3
kanazawa_266_310_137_243.png,3
kanazawa_266_310_198_214.png,3
kanazawa_266_310_232_163.png,3
kanazawa_266_310_47_119.png,6
kanazawa_266_310_219_161.png,3
kanazawa_266_310_27_178.png,3
kanazawa_266_310_212_202.png,3
kanazawa_266_310_198_161.png,3
kanazawa_266_310_72_91.png,6
kanazawa_266_310_72_116.png,6
kanazawa_266_310_91_242.png,5
kanazawa_266_310_89_94.png,6
kanazawa_266_310_59_231.png,6
kanazawa_266_310_227_159.png,3
kanazawa_266_310_165_219.png,3
kanazawa_266_310_29_125.png,6
kanazawa_266_310_20_136.png,3
kanazawa_266_310_215_168.png,3
kanazawa_266_310_232_228.png,3
kanazawa_266_310_219_236.png,3
kanazawa_266_310_157_141.png,3
kanazawa_266_310_195_118.png,3
kanazawa_266_310_72_124.png,3
kanazawa_266_310_172_143.png,3
kanazawa_266_310_68_61.png,6
kanazawa_266_310_132_206.png,5
kanazawa_266_310_30_62.png,6
kanazawa_266_310_138_213.png,3
kanazawa_266_310_214_45.png,3
kanazawa_266_310_204_154.png,3
kanazawa_266_310_122_76.png,6
kanazawa_266_310_164_239.png,3
kanazawa_266_310_236_234.png,3
kanazawa_266_310_193_209.png,3
kanazawa_266_310_86_83.png,6
kanazawa_266_310_227_113.png,3
kanazawa_266_310_83_83.png,6
kanazawa_266_310_220_75.png,3
kanazawa_266_310_216_172.png,3
kanazawa_266_310_147_223.png,3
kanazawa_266_310_99_86.png,6
kanazawa_266_310_25_90.png,6
kanazawa_266_310_124_91.png,3
kanazawa_266_310_200_178.png,3
kanazawa_266_310_126_108.png,5
kanazawa_266_310_9_64.png,6
kanazawa_266_310_223_125.png,3
kanazawa_266_310_213_206.png,3
kanazawa_266_310_34_82.png,6
kanazawa_266_310_20_141.png,3
kanazawa_266_310_158_143.png,3
kanazawa_266_310_214_50.png,3
kanazawa_266_310_148_225.png,3
kanazawa_266_310_54_151.png,5
kanazawa_266_310_122_56.png,6
kanazawa_266_310_72_67.png,6
kanazawa_266_310_14_78.png,6
kanazawa_266_310_243_220.png,3
kanazawa_266_310_191_187.png,3
kanazawa_266_310_79_59.png,6
kanazawa_266_310_124_185.png,5
kanazawa_266_310_168_114.png,3
kanazawa_266_310_53_81.png,6
kanazawa_266_310_42_91.png,6
kanazawa_266_310_74_50.png,6
kanazawa_266_310_182_113.png,3
kanazawa_266_310_90_66.png,6
kanazawa_266_310_57_168.png,3
kanazawa_266_310_218_181.png,3
kanazawa_266_310_148_109.png,1
kanazawa_266_310_144_86.png,1
kanazawa_266_310_54_72.png,6
kanazawa_266_310_76_289.png,6
kanazawa_266_310_24_116.png,6
kanazawa_266_310_176_234.png,3
kanazawa_266_310_173_51.png,5
kanazawa_266_310_150_37.png,6
kanazawa_266_310_62_57.png,6
kanazawa_266_310_212_17.png,6
kanazawa_266_310_228_215.png,6
kanazawa_266_310_83_99.png,6
kanazawa_266_310_82_64.png,6
kanazawa_266_310_177_225.png,3
kanazawa_266_310_198_43.png,5
kanazawa_266_310_86_248.png,1
kanazawa_266_310_47_231.png,6
kanazawa_266_310_194_76.png,3
kanazawa_266_310_189_32.png,1
kanazawa_266_310_233_102.png,3
kanazawa_266_310_108_87.png,6
kanazawa_266_310_126_260.png,5
kanazawa_266_310_82_286.png,3
kanazawa_266_310_196_250.png,6
kanazawa_266_310_169_266.png,3
kanazawa_266_310_241_142.png,3
kanazawa_266_310_92_70.png,6
kanazawa_266_310_38_70.png,6
kanazawa_266_310_42_269.png,6
kanazawa_266_310_198_238.png,3
kanazawa_266_310_15_80.png,6
kanazawa_266_310_86_42.png,6
kanazawa_266_310_176_114.png,3
kanazawa_266_310_187_119.png,3
kanazawa_266_310_219_72.png,3
kanazawa_266_310_158_31.png,6
kanazawa_266_310_229_104.png,3
kanazawa_266_310_85_113.png,3
kanazawa_266_310_199_218.png,3
kanazawa_266_310_110_85.png,6
kanazawa_266_310_127_181.png,5
kanazawa_266_310_50_71.png,6
kanazawa_266_310_186_247.png,3
kanazawa_266_310_201_253.png,3
kanazawa_266_310_80_97.png,6
kanazawa_266_310_197_242.png,3
kanazawa_266_310_129_109.png,1
kanazawa_266_310_177_257.png,3
kanazawa_266_310_184_42.png,5
kanazawa_266_310_80_106.png,6
kanazawa_266_310_55_238.png,6
kanazawa_266_310_78_77.png,6
kanazawa_266_310_186_141.png,3
kanazawa_266_310_138_194.png,5
kanazawa_266_310_133_117.png,3
kanazawa_266_310_229_132.png,3
kanazawa_266_310_154_79.png,5
kanazawa_266_310_95_206.png,5
kanazawa_266_310_185_30.png,3
kanazawa_266_310_133_204.png,5
kanazawa_266_310_90_47.png,6
kanazawa_266_310_138_120.png,3
kanazawa_266_310_232_219.png,3
kanazawa_266_310_208_107.png,3
kanazawa_266_310_34_58.png,6
kanazawa_266_310_155_213.png,3
kanazawa_266_310_149_199.png,5
kanazawa_266_310_226_119.png,3
kanazawa_266_310_99_152.png,3
kanazawa_266_310_123_217.png,5
kanazawa_266_310_206_219.png,3
kanazawa_266_310_234_234.png,3
kanazawa_266_310_86_85.png,6
kanazawa_266_310_178_154.png,3
kanazawa_266_310_143_47.png,6
kanazawa_266_310_156_214.png,3
kanazawa_266_310_59_298.png,6
kanazawa_266_310_70_156.png,3
kanazawa_266_310_81_70.png,6
kanazawa_266_310_181_175.png,3
kanazawa_266_310_54_221.png,6
kanazawa_266_310_214_213.png,3
kanazawa_266_310_207_189.png,3
kanazawa_266_310_30_103.png,6
kanazawa_266_310_212_232.png,3
kanazawa_266_310_247_164.png,3
kanazawa_266_310_198_223.png,3
kanazawa_266_310_175_34.png,6
kanazawa_266_310_177_24.png,6
kanazawa_266_310_183_231.png,3
kanazawa_266_310_230_74.png,3
kanazawa_266_310_62_77.png,6
kanazawa_266_310_63_123.png,6
kanazawa_266_310_146_204.png,3
kanazawa_266_310_220_180.png,3
kanazawa_266_310_42_158.png,5
kanazawa_266_310_123_53.png,6
kanazawa_266_310_45_296.png,6
kanazawa_266_310_96_223.png,5
kanazawa_266_310_125_63.png,6
kanazawa_266_310_96_204.png,5
kanazawa_266_310_156_156.png,3
kanazawa_266_310_118_76.png,6
kanazawa_266_310_216_76.png,3
kanazawa_266_310_89_136.png,3
kanazawa_266_310_12_85.png,6
kanazawa_266_310_63_249.png,6
kanazawa_266_310_25_91.png,6
kanazawa_266_310_117_141.png,5
kanazawa_266_310_242_203.png,3
kanazawa_266_310_141_119.png,3
kanazawa_266_310_181_257.png,3
kanazawa_266_310_20_123.png,6
kanazawa_266_310_174_153.png,3
kanazawa_266_310_149_63.png,6
kanazawa_266_310_177_135.png,3
kanazawa_266_310_168_39.png,6
kanazawa_266_310_230_203.png,3
kanazawa_266_310_29_183.png,3
kanazawa_266_310_30_76.png,6
kanazawa_266_310_155_163.png,5
kanazawa_266_310_14_100.png,6
kanazawa_266_310_221_141.png,3
kanazawa_266_310_213_227.png,3
kanazawa_266_310_232_162.png,3
kanazawa_266_310_145_108.png,1
kanazawa_266_310_165_146.png,3
kanazawa_266_310_182_151.png,3
kanazawa_266_310_14_116.png,6
kanazawa_266_310_113_189.png,5
kanazawa_266_310_70_119.png,6
kanazawa_266_310_125_109.png,5
kanazawa_266_310_74_76.png,6
kanazawa_266_310_67_112.png,6
kanazawa_266_310_14_69.png,6
kanazawa_266_310_200_248.png,3
kanazawa_266_310_43_280.png,6
kanazawa_266_310_71_228.png,1
kanazawa_266_310_45_59.png,6
kanazawa_266_310_116_257.png,1
kanazawa_266_310_187_45.png,5
kanazawa_266_310_214_246.png,3
kanazawa_266_310_217_200.png,3
kanazawa_266_310_208_246.png,3
kanazawa_266_310_124_81.png,3
kanazawa_266_310_74_73.png,6
kanazawa_266_310_203_76.png,3
kanazawa_266_310_94_173.png,3
kanazawa_266_310_89_78.png,6
kanazawa_266_310_113_63.png,6
kanazawa_266_310_19_115.png,6
kanazawa_266_310_113_267.png,1
kanazawa_266_310_133_92.png,1
kanazawa_266_310_36_126.png,6
kanazawa_266_310_71_88.png,6
kanazawa_266_310_176_24.png,6
kanazawa_266_310_16_101.png,6
kanazawa_266_310_139_62.png,6
kanazawa_266_310_134_262.png,5
kanazawa_266_310_71_100.png,6
kanazawa_266_310_33_119.png,6
kanazawa_266_310_94_68.png,6
kanazawa_266_310_131_36.png,6
kanazawa_266_310_79_65.png,6
kanazawa_266_310_191_160.png,3
kanazawa_266_310_80_175.png,3
kanazawa_266_310_248_204.png,3
kanazawa_266_310_75_271.png,6
kanazawa_266_310_220_36.png,3
kanazawa_266_310_63_269.png,6
kanazawa_266_310_87_293.png,5
kanazawa_266_310_52_92.png,6
kanazawa_266_310_72_135.png,5
kanazawa_266_310_232_188.png,3
kanazawa_266_310_121_155.png,3
kanazawa_266_310_88_178.png,3
kanazawa_266_310_92_291.png,1
kanazawa_266_310_25_125.png,6
kanazawa_266_310_91_90.png,6
kanazawa_266_310_226_112.png,3
kanazawa_266_310_106_175.png,5
kanazawa_266_310_120_35.png,6
kanazawa_266_310_85_133.png,3
kanazawa_266_310_134_107.png,1
kanazawa_266_310_169_144.png,3
kanazawa_266_310_75_257.png,6
kanazawa_266_310_222_179.png,3
kanazawa_266_310_172_181.png,3
kanazawa_266_310_115_72.png,6
kanazawa_266_310_124_133.png,3
kanazawa_266_310_180_110.png,3
kanazawa_266_310_93_272.png,5
kanazawa_266_310_249_185.png,3
kanazawa_266_310_68_75.png,6
kanazawa_266_310_71_270.png,6
kanazawa_266_310_191_49.png,5
kanazawa_266_310_202_207.png,3
kanazawa_266_310_60_89.png,6
kanazawa_266_310_23_86.png,6
kanazawa_266_310_252_244.png,3
kanazawa_266_310_223_95.png,3
kanazawa_266_310_200_223.png,3
kanazawa_266_310_93_74.png,6
kanazawa_266_310_19_71.png,6
kanazawa_266_310_152_36.png,6
kanazawa_266_310_139_184.png,5
kanazawa_266_310_195_88.png,3
kanazawa_266_310_166_250.png,3
kanazawa_266_310_146_61.png,3
kanazawa_266_310_138_75.png,3
kanazawa_266_310_209_189.png,3
kanazawa_266_310_140_129.png,3
kanazawa_266_310_54_96.png,6
kanazawa_266_310_138_32.png,6
kanazawa_266_310_21_99.png,6
kanazawa_266_310_72_272.png,6
kanazawa_266_310_60_127.png,3
kanazawa_266_310_114_58.png,6
kanazawa_266_310_147_32.png,6
kanazawa_266_310_42_234.png,6
kanazawa_266_310_79_171.png,3
kanazawa_266_310_118_63.png,6
kanazawa_266_310_186_53.png,5
kanazawa_266_310_23_181.png,3
kanazawa_266_310_41_220.png,6
kanazawa_266_310_233_188.png,3
kanazawa_266_310_241_175.png,3
kanazawa_266_310_236_112.png,3
kanazawa_266_310_106_155.png,5
kanazawa_266_310_76_77.png,6
kanazawa_266_310_180_121.png,3
kanazawa_266_310_134_239.png,3
kanazawa_266_310_168_20.png,6
kanazawa_266_310_159_67.png,1
kanazawa_266_310_205_125.png,3
kanazawa_266_310_183_238.png,3
kanazawa_266_310_204_40.png,5
kanazawa_266_310_226_200.png,3
kanazawa_266_310_22_113.png,6
kanazawa_266_310_69_235.png,6
kanazawa_266_310_123_141.png,3
kanazawa_266_310_76_59.png,6
kanazawa_266_310_84_232.png,5
kanazawa_266_310_203_252.png,3
kanazawa_266_310_161_272.png,3
kanazawa_266_310_31_92.png,6
kanazawa_266_310_187_244.png,3
kanazawa_266_310_80_276.png,6
kanazawa_266_310_195_164.png,3
kanazawa_266_310_36_100.png,6
kanazawa_266_310_222_226.png,3
kanazawa_266_310_133_97.png,1
kanazawa_266_310_95_180.png,3
kanazawa_266_310_236_188.png,3
kanazawa_266_310_128_75.png,3
kanazawa_266_310_43_265.png,6
kanazawa_266_310_174_228.png,3
kanazawa_266_310_96_186.png,5
kanazawa_266_310_243_242.png,3
kanazawa_266_310_116_63.png,6
kanazawa_266_310_120_283.png,5
kanazawa_266_310_64_58.png,6
kanazawa_266_310_124_276.png,5
kanazawa_266_310_199_106.png,3
kanazawa_266_310_116_186.png,5
kanazawa_266_310_139_152.png,3
kanazawa_266_310_196_48.png,5
kanazawa_266_310_86_47.png,6
kanazawa_266_310_204_183.png,3
kanazawa_266_310_92_98.png,6
kanazawa_266_310_81_205.png,5
kanazawa_266_310_208_198.png,3
kanazawa_266_310_157_75.png,1
kanazawa_266_310_150_90.png,1
kanazawa_266_310_194_201.png,3
kanazawa_266_310_144_154.png,3
kanazawa_266_310_59_254.png,6
kanazawa_266_310_13_78.png,6
kanazawa_266_310_52_96.png,6
kanazawa_266_310_194_197.png,3
kanazawa_266_310_155_271.png,3
kanazawa_266_310_203_153.png,3
kanazawa_266_310_92_155.png,3
kanazawa_266_310_69_234.png,6
kanazawa_266_310_194_190.png,3
kanazawa_266_310_219_242.png,3
kanazawa_266_310_97_61.png,6
kanazawa_266_310_66_93.png,6
kanazawa_266_310_55_278.png,6
kanazawa_266_310_15_109.png,6
kanazawa_266_310_86_99.png,6
kanazawa_266_310_146_220.png,3
kanazawa_266_310_42_84.png,6
kanazawa_266_310_70_122.png,3
kanazawa_266_310_73_98.png,6
kanazawa_266_310_161_69.png,5
kanazawa_266_310_237_107.png,3
kanazawa_266_310_156_56.png,3
kanazawa_266_310_60_226.png,6
kanazawa_266_310_59_244.png,6
kanazawa_266_310_158_44.png,6
kanazawa_266_310_148_102.png,1
kanazawa_266_310_221_191.png,3
kanazawa_266_310_223_222.png,3
kanazawa_266_310_159_209.png,3
kanazawa_266_310_190_206.png,3
kanazawa_266_310_72_286.png,6
kanazawa_266_310_41_166.png,3
kanazawa_266_310_54_102.png,6
kanazawa_266_310_28_65.png,6
kanazawa_266_310_190_257.png,3
kanazawa_266_310_43_246.png,6
kanazawa_266_310_223_121.png,3
kanazawa_266_310_75_283.png,6
kanazawa_266_310_151_157.png,3
kanazawa_266_310_98_265.png,1
kanazawa_266_310_218_180.png,3
kanazawa_266_310_160_76.png,1
kanazawa_266_310_194_103.png,3
kanazawa_266_310_222_126.png,3
kanazawa_266_310_58_98.png,6
kanazawa_266_310_116_196.png,5
kanazawa_266_310_63_101.png,6
kanazawa_266_310_214_17.png,5
kanazawa_266_310_10_68.png,6
kanazawa_266_310_247_212.png,3
kanazawa_266_310_201_78.png,3
kanazawa_266_310_66_221.png,3
kanazawa_266_310_82_289.png,3
kanazawa_266_310_253_203.png,3
kanazawa_266_310_199_242.png,3
kanazawa_266_310_225_125.png,3
kanazawa_266_310_76_216.png,3
kanazawa_266_310_190_23.png,3
kanazawa_266_310_55_267.png,6
kanazawa_266_310_81_175.png,3
kanazawa_266_310_168_235.png,3
kanazawa_266_310_206_117.png,3
kanazawa_266_310_80_267.png,6
kanazawa_266_310_123_281.png,5
kanazawa_266_310_42_81.png,6
kanazawa_266_310_125_69.png,6
kanazawa_266_310_236_100.png,3
kanazawa_266_310_153_131.png,3
kanazawa_266_310_42_252.png,6
kanazawa_266_310_180_26.png,6
kanazawa_266_310_202_246.png,3
kanazawa_266_310_88_246.png,5
kanazawa_266_310_142_231.png,3
kanazawa_266_310_26_64.png,6
kanazawa_266_310_212_183.png,3
kanazawa_266_310_208_211.png,3
kanazawa_266_310_119_215.png,5
kanazawa_266_310_214_202.png,3
kanazawa_266_310_239_173.png,3
kanazawa_266_310_225_224.png,3
kanazawa_266_310_92_94.png,6
kanazawa_266_310_199_102.png,3
kanazawa_266_310_154_62.png,1
kanazawa_266_310_82_189.png,3
kanazawa_266_310_75_188.png,3
kanazawa_266_310_199_254.png,3
kanazawa_266_310_133_191.png,5
kanazawa_266_310_80_118.png,3
kanazawa_266_310_142_185.png,5
kanazawa_266_310_218_139.png,3
kanazawa_266_310_128_41.png,6
kanazawa_266_310_189_209.png,3
kanazawa_266_310_176_113.png,3
kanazawa_266_310_64_235.png,6
kanazawa_266_310_196_230.png,3
kanazawa_266_310_100_290.png,1
kanazawa_266_310_129_267.png,5
kanazawa_266_310_110_50.png,6
kanazawa_266_310_175_188.png,3
kanazawa_266_310_232_201.png,3
kanazawa_266_310_52_249.png,6
kanazawa_266_310_127_78.png,3
kanazawa_266_310_73_50.png,6
kanazawa_266_310_166_68.png,5
kanazawa_266_310_126_247.png,5
kanazawa_266_310_62_148.png,3
kanazawa_266_310_125_45.png,6
kanazawa_266_310_12_93.png,6
kanazawa_266_310_176_25.png,6
kanazawa_266_310_212_230.png,3
kanazawa_266_310_131_146.png,3
kanazawa_266_310_91_75.png,6
kanazawa_266_310_53_58.png,6
kanazawa_266_310_92_245.png,5
kanazawa_266_310_162_76.png,5
kanazawa_266_310_98_51.png,6
kanazawa_266_310_154_274.png,3
kanazawa_266_310_217_92.png,3
kanazawa_266_310_72_133.png,5
kanazawa_266_310_44_114.png,6
kanazawa_266_310_75_46.png,6
kanazawa_266_310_141_30.png,6
kanazawa_266_310_107_71.png,6
kanazawa_266_310_60_134.png,4
kanazawa_266_310_97_118.png,5
kanazawa_266_310_144_189.png,5
kanazawa_266_310_230_90.png,3
kanazawa_266_310_177_113.png,3
kanazawa_266_310_188_211.png,3
kanazawa_266_310_253_223.png,3
kanazawa_266_310_50_122.png,6
kanazawa_266_310_49_237.png,6
kanazawa_266_310_135_88.png,1
kanazawa_266_310_180_108.png,3
kanazawa_266_310_166_201.png,3
kanazawa_266_310_201_176.png,3
kanazawa_266_310_27_176.png,3
kanazawa_266_310_260_225.png,3
kanazawa_266_310_141_196.png,5
kanazawa_266_310_62_126.png,3
kanazawa_266_310_208_121.png,3
kanazawa_266_310_93_65.png,6
kanazawa_266_310_147_152.png,3
kanazawa_266_310_25_76.png,6
kanazawa_266_310_188_181.png,3
kanazawa_266_310_232_115.png,3
kanazawa_266_310_256_238.png,3
kanazawa_266_310_231_153.png,6
kanazawa_266_310_225_154.png,3
kanazawa_266_310_92_160.png,3
kanazawa_266_310_132_201.png,5
kanazawa_266_310_62_114.png,6
kanazawa_266_310_130_218.png,3
kanazawa_266_310_132_115.png,3
kanazawa_266_310_144_222.png,3
kanazawa_266_310_46_126.png,6
kanazawa_266_310_56_287.png,6
kanazawa_266_310_213_47.png,5
kanazawa_266_310_176_212.png,3
kanazawa_266_310_43_145.png,5
kanazawa_266_310_54_129.png,6
kanazawa_266_310_76_248.png,3
kanazawa_266_310_209_207.png,3
kanazawa_266_310_56_124.png,6
kanazawa_266_310_198_132.png,3
kanazawa_266_310_224_151.png,3
kanazawa_266_310_42_280.png,6
kanazawa_266_310_10_89.png,6
kanazawa_266_310_162_68.png,5
kanazawa_266_310_199_178.png,3
kanazawa_266_310_194_100.png,3
kanazawa_266_310_100_71.png,6
kanazawa_266_310_155_67.png,5
kanazawa_266_310_159_219.png,3
kanazawa_266_310_48_302.png,6
kanazawa_266_310_219_145.png,3
kanazawa_266_310_134_93.png,1
kanazawa_266_310_112_82.png,6
kanazawa_266_310_37_218.png,6
kanazawa_266_310_122_99.png,3
kanazawa_266_310_206_213.png,3
kanazawa_266_310_124_260.png,5
kanazawa_266_310_41_184.png,3
kanazawa_266_310_25_105.png,6
kanazawa_266_310_86_102.png,6
kanazawa_266_310_172_183.png,3
kanazawa_266_310_246_220.png,3
kanazawa_266_310_53_130.png,6
kanazawa_266_310_42_90.png,6
kanazawa_266_310_66_95.png,6
kanazawa_266_310_192_78.png,3
kanazawa_266_310_210_205.png,3
kanazawa_266_310_117_68.png,6
kanazawa_266_310_168_75.png,5
kanazawa_266_310_60_220.png,6
kanazawa_266_310_149_94.png,1
kanazawa_266_310_120_76.png,6
kanazawa_266_310_58_266.png,6
kanazawa_266_310_13_124.png,6
kanazawa_266_310_29_175.png,3
kanazawa_266_310_230_172.png,3
kanazawa_266_310_209_30.png,1
kanazawa_266_310_180_220.png,3
kanazawa_266_310_51_121.png,6
kanazawa_266_310_118_239.png,3
kanazawa_266_310_238_111.png,3
kanazawa_266_310_208_117.png,3
kanazawa_266_310_236_109.png,3
kanazawa_266_310_218_105.png,3
kanazawa_266_310_209_192.png,3
kanazawa_266_310_83_182.png,3
kanazawa_266_310_175_37.png,6
kanazawa_266_310_102_290.png,1
kanazawa_266_310_92_211.png,1
kanazawa_266_310_239_140.png,3
kanazawa_266_310_215_126.png,3
kanazawa_266_310_141_170.png,5
kanazawa_266_310_218_205.png,3
kanazawa_266_310_87_71.png,6
kanazawa_266_310_167_149.png,3
kanazawa_266_310_187_122.png,3
kanazawa_266_310_184_102.png,3
kanazawa_266_310_211_129.png,3
kanazawa_266_310_133_169.png,3
kanazawa_266_310_207_209.png,3
kanazawa_266_310_232_145.png,3
kanazawa_266_310_197_120.png,3
kanazawa_266_310_68_111.png,6
kanazawa_266_310_86_264.png,5
kanazawa_266_310_186_153.png,3
kanazawa_266_310_116_38.png,6
kanazawa_266_310_187_23.png,6
kanazawa_266_310_69_83.png,6
kanazawa_266_310_25_103.png,6
kanazawa_266_310_197_121.png,3
kanazawa_266_310_192_206.png,3
kanazawa_266_310_111_131.png,3
kanazawa_266_310_144_182.png,5
kanazawa_266_310_16_87.png,6
kanazawa_266_310_38_159.png,3
kanazawa_266_310_148_206.png,3
kanazawa_266_310_102_211.png,5
kanazawa_266_310_166_192.png,3
kanazawa_266_310_49_62.png,6
kanazawa_266_310_188_146.png,3
kanazawa_266_310_70_228.png,3
kanazawa_266_310_147_184.png,5
kanazawa_266_310_135_251.png,5
kanazawa_266_310_131_30.png,6
kanazawa_266_310_116_51.png,6
kanazawa_266_310_112_254.png,5
kanazawa_266_310_204_103.png,3
kanazawa_266_310_40_261.png,6
kanazawa_266_310_177_95.png,3
kanazawa_266_310_197_103.png,3
kanazawa_266_310_64_72.png,6
kanazawa_266_310_232_239.png,3
kanazawa_266_310_50_82.png,6
kanazawa_266_310_203_215.png,3
kanazawa_266_310_21_78.png,6
kanazawa_266_310_24_63.png,6
kanazawa_266_310_196_19.png,3
kanazawa_266_310_18_92.png,6
kanazawa_266_310_215_178.png,3
kanazawa_266_310_207_193.png,3
kanazawa_266_310_104_285.png,1
kanazawa_266_310_204_46.png,5
kanazawa_266_310_211_254.png,3
kanazawa_266_310_45_289.png,6
kanazawa_266_310_133_91.png,1
kanazawa_266_310_133_175.png,5
kanazawa_266_310_44_162.png,3
kanazawa_266_310_35_87.png,6
kanazawa_266_310_80_152.png,3
kanazawa_266_310_115_281.png,1
kanazawa_266_310_181_47.png,5
kanazawa_266_310_47_134.png,3
kanazawa_266_310_62_76.png,6
kanazawa_266_310_216_54.png,3
kanazawa_266_310_145_167.png,5
kanazawa_266_310_146_85.png,1
kanazawa_266_310_106_100.png,3
kanazawa_266_310_91_180.png,3
kanazawa_266_310_241_124.png,3
kanazawa_266_310_172_256.png,3
kanazawa_266_310_160_91.png,1
kanazawa_266_310_32_63.png,6
kanazawa_266_310_185_259.png,3
kanazawa_266_310_255_200.png,3
kanazawa_266_310_215_185.png,3
kanazawa_266_310_167_162.png,3
kanazawa_266_310_192_148.png,3
kanazawa_266_310_82_76.png,6
kanazawa_266_310_111_150.png,5
kanazawa_266_310_224_83.png,3
kanazawa_266_310_62_87.png,6
kanazawa_266_310_216_107.png,3
kanazawa_266_310_157_22.png,6
kanazawa_266_310_164_116.png,3
kanazawa_266_310_122_243.png,3
kanazawa_266_310_175_62.png,5
kanazawa_266_310_74_217.png,3
kanazawa_266_310_190_221.png,3
kanazawa_266_310_72_261.png,6
kanazawa_266_310_179_247.png,3
kanazawa_266_310_222_203.png,3
kanazawa_266_310_85_47.png,6
kanazawa_266_310_158_210.png,3
kanazawa_266_310_180_63.png,5
kanazawa_266_310_121_32.png,6
kanazawa_266_310_47_133.png,3
kanazawa_266_310_119_83.png,1
kanazawa_266_310_162_137.png,3
kanazawa_266_310_190_234.png,3
kanazawa_266_310_196_256.png,3
kanazawa_266_310_10_97.png,6
kanazawa_266_310_165_56.png,5
kanazawa_266_310_52_97.png,6
kanazawa_266_310_172_244.png,3
kanazawa_266_310_128_31.png,6
kanazawa_266_310_231_173.png,3
kanazawa_266_310_40_61.png,6
kanazawa_266_310_152_181.png,5
kanazawa_266_310_42_123.png,6
kanazawa_266_310_149_34.png,6
kanazawa_266_310_58_235.png,6
kanazawa_266_310_57_244.png,6
kanazawa_266_310_168_244.png,3
kanazawa_266_310_86_115.png,3
kanazawa_266_310_247_167.png,3
kanazawa_266_310_196_251.png,3
kanazawa_266_310_36_94.png,6
kanazawa_266_310_195_167.png,3
kanazawa_266_310_161_183.png,5
kanazawa_266_310_217_179.png,3
kanazawa_266_310_139_99.png,1
kanazawa_266_310_125_92.png,1
kanazawa_266_310_68_256.png,6
kanazawa_266_310_36_146.png,5
kanazawa_266_310_151_82.png,5
kanazawa_266_310_188_119.png,3
kanazawa_266_310_226_173.png,3
kanazawa_266_310_43_248.png,6
kanazawa_266_310_233_177.png,3
kanazawa_266_310_232_118.png,3
kanazawa_266_310_218_149.png,3
kanazawa_266_310_188_118.png,3
kanazawa_266_310_230_204.png,3
kanazawa_266_310_143_31.png,6
kanazawa_266_310_188_105.png,3
kanazawa_266_310_139_186.png,5
kanazawa_266_310_147_216.png,3
kanazawa_266_310_133_159.png,3
kanazawa_266_310_230_206.png,3
kanazawa_266_310_210_193.png,3
kanazawa_266_310_173_150.png,3
kanazawa_266_310_168_255.png,3
kanazawa_266_310_71_204.png,3
kanazawa_266_310_154_264.png,3
kanazawa_266_310_89_183.png,3
kanazawa_266_310_63_234.png,6
kanazawa_266_310_69_285.png,6
kanazawa_266_310_182_156.png,3
kanazawa_266_310_208_235.png,3
kanazawa_266_310_235_163.png,3
kanazawa_266_310_118_36.png,6
kanazawa_266_310_45_182.png,3
kanazawa_266_310_102_157.png,3
kanazawa_266_310_87_44.png,6
kanazawa_266_310_135_117.png,3
kanazawa_266_310_169_44.png,3
kanazawa_266_310_251_178.png,3
kanazawa_266_310_224_192.png,3
kanazawa_266_310_170_205.png,3
kanazawa_266_310_57_243.png,6
kanazawa_266_310_12_89.png,6
kanazawa_266_310_93_43.png,6
kanazawa_266_310_28_119.png,6
kanazawa_266_310_189_12.png,6
kanazawa_266_310_72_103.png,6
kanazawa_266_310_14_120.png,6
kanazawa_266_310_215_128.png,3
kanazawa_266_310_39_89.png,6
kanazawa_266_310_198_80.png,3
kanazawa_266_310_235_105.png,3
kanazawa_266_310_30_164.png,5
kanazawa_266_310_131_219.png,3
kanazawa_266_310_255_225.png,3
kanazawa_266_310_97_227.png,5
kanazawa_266_310_87_255.png,5
kanazawa_266_310_102_188.png,5
kanazawa_266_310_51_56.png,6
kanazawa_266_310_87_85.png,6
kanazawa_266_310_203_106.png,3
kanazawa_266_310_36_111.png,6
kanazawa_266_310_185_121.png,3
kanazawa_266_310_79_70.png,6
kanazawa_266_310_92_244.png,5
kanazawa_266_310_80_108.png,6
kanazawa_266_310_40_182.png,3
kanazawa_266_310_146_192.png,5
kanazawa_266_310_113_197.png,5
kanazawa_266_310_122_284.png,5
kanazawa_266_310_207_113.png,3
kanazawa_266_310_47_216.png,6
kanazawa_266_310_94_236.png,1
kanazawa_266_310_182_37.png,1
kanazawa_266_310_244_149.png,3
kanazawa_266_310_182_192.png,3
kanazawa_266_310_112_94.png,3
kanazawa_266_310_200_219.png,3
kanazawa_266_310_60_78.png,6
kanazawa_266_310_164_69.png,5
kanazawa_266_310_217_158.png,3
kanazawa_266_310_239_174.png,3
kanazawa_266_310_198_172.png,3
kanazawa_266_310_141_210.png,3
kanazawa_266_310_86_223.png,1
kanazawa_266_310_84_240.png,1
kanazawa_266_310_187_240.png,3
kanazawa_266_310_122_133.png,3
kanazawa_266_310_48_227.png,6
kanazawa_266_310_173_87.png,5
kanazawa_266_310_37_81.png,6
kanazawa_266_310_199_138.png,3
kanazawa_266_310_188_254.png,3
kanazawa_266_310_187_202.png,3
kanazawa_266_310_109_89.png,6
kanazawa_266_310_228_140.png,3
kanazawa_266_310_66_288.png,6
kanazawa_266_310_159_253.png,3
kanazawa_266_310_148_135.png,3
kanazawa_266_310_46_73.png,6
kanazawa_266_310_172_106.png,3
kanazawa_266_310_156_161.png,5
kanazawa_266_310_60_66.png,6
kanazawa_266_310_174_38.png,6
kanazawa_266_310_207_221.png,3
kanazawa_266_310_217_112.png,3
kanazawa_266_310_140_143.png,3
kanazawa_266_310_135_205.png,5
kanazawa_266_310_185_203.png,3
kanazawa_266_310_129_72.png,3
kanazawa_266_310_150_237.png,3
kanazawa_266_310_153_61.png,3
kanazawa_266_310_186_216.png,3
kanazawa_266_310_11_68.png,6
kanazawa_266_310_22_62.png,6
kanazawa_266_310_40_238.png,6
kanazawa_266_310_84_55.png,6
kanazawa_266_310_107_99.png,3
kanazawa_266_310_153_246.png,3
